160.63979591836744
161.26462585034014
161.6340136054422
161.89258503401362
162.2632993197279
162.4455442176871
162.48295918367347
162.50608843537415
162.71129251700683
162.91173469387755
162.97795918367348
162.76034013605442
162.4574149659864
162.11673469387756
161.93204081632652
161.87948979591837
162.0826530612245
162.2677210884354
162.34602040816327
162.4360544217687
162.3857142857143
162.0873469387755
161.77792517006804
161.67670068027212
161.80751700680273
161.91819727891155
161.96462585034016
161.90115646258505
161.89979591836732
161.9528911564626
161.96166666666664
161.85534013605442
161.74680272108844
161.7048299319728
161.5625850340136
161.36989795918367
161.22027210884357
161.11996598639456
161.0271428571429
161.04132653061225
161.10704081632656
161.20534013605442
161.27578231292517
161.29972789115646
161.21438775510205
161.10476190476192
161.0099319727891
161.04911564625849
161.06714285714287
160.96704081632654
160.8615986394558
160.86044217687075
160.90615646258505
161.0228231292517
161.20343537414965
161.2658163265306
161.25401360544217
161.30901360544217
161.47863945578231
161.58690476190478
161.59238095238095
161.54972789115646
161.53527210884357
161.64731292517007
161.54003401360546
161.4698299319728
161.38384353741498
161.47153061224492
161.487074829932
161.5682993197279
161.5106462585034
161.3573469387755
161.33724489795918
161.5197619047619
161.69721088435375
161.8435714285714
161.96074829931973
161.98187074829934
162.03901360544216
162.17972789115646
162.22163265306125
162.03914965986397
161.9502380952381
161.99479591836734
162.13095238095235
162.18908163265306
162.24472789115646
162.3431292517007
162.51115646258503
162.53846938775507
162.4695918367347
162.41207482993195
162.50588435374152
162.6136054421769
162.63799319727892
162.6377551020408
162.6344897959184
162.59102040816325
162.57734693877552
162.66761904761904
162.79149659863947
162.86744897959187
162.99142857142857
163.20095238095234
163.40425170068028
163.58190476190475
163.76823129251702
164.05857142857144
164.25115646258504
164.478537414966
164.78068027210884
165.06632653061223
165.2492176870748
165.37357142857144
165.45996598639456
165.4908163265306
165.828231292517
166.27452380952383
166.68438775510202
166.9713605442177
167.39976190476193
167.91496598639452
168.38326530612247
168.7178231292517
168.96972789115645
169.26125850340136
169.493231292517
169.7118367346939
169.93704081632654
170.23554421768708
170.46897959183673
170.76482993197277
171.09598639455783
171.5361224489796
171.87397959183673
172.1818367346939
172.5537074829932
173.06880952380953
173.50017006802722
173.96772108843538
174.52034013605444
175.17857142857144
175.69061224489798
176.23955782312925
176.69693877551023
177.3552380952381
178.08278911564628
178.8526530612245
179.45336734693876
180.18214285714288
180.93955782312926
181.79391156462583
182.4197619047619
183.0358163265306
183.64180272108845
184.37102040816325
184.93095238095236
185.5675850340136
186.22721088435372
186.9756462585034
187.61241496598643
188.33921768707484
189.09908163265305
189.8904081632653
190.6072789115646
191.4516326530612
192.30897959183676
193.14891156462585
193.8708843537415
194.60663265306124
195.2943537414966
196.05346938775511
196.7211904761905
197.39857142857144
198.03748299319727
198.71918367346942
199.32850340136054
200.07826530612246
200.78425170068027
201.5163605442177
202.13591836734696
202.75261904761905
203.30404761904762
204.01098639455782
204.6486054421769
205.28095238095239
205.82061224489797
206.42176870748298
206.9927551020408
207.59136054421768
208.16006802721085
208.66136054421767
209.12187074829933
209.65751700680272
210.16326530612244
210.6977210884354
211.11615646258502
211.59795918367348
211.9871768707483
212.48510204081634
212.98292517006803
213.50295918367348
213.87843537414966
214.22972789115647
214.52057823129252
214.88778911564629
215.27768707482994
215.62887755102042
215.85683673469387
216.10438775510207
216.45931972789117
216.8281292517007
217.1057482993197
217.3089455782313
217.46428571428572
217.61911564625848
217.8435714285714
218.0234693877551
218.14068027210885
218.21132653061224
218.3739455782313
218.52166666666665
218.68421768707483
218.82431972789118
218.91534013605443
218.96051020408163
219.0380612244898
219.1137755102041
219.18751700680272
219.2008843537415
219.21292517006802
219.1334013605442
219.1033673469388
219.0390476190476
219.07465986394556
218.95622448979591
218.84908163265308
218.73551020408166
218.6643537414966
218.52578231292517
218.3999659863946
218.2790816326531
218.082380952381
217.89874149659863
217.65996598639458
217.3951360544218
217.1686054421769
216.9818367346939
216.78731292517008
216.54534013605442
216.2931292517007
216.02792517006804
215.74904761904764
215.430612244898
215.16163265306125
214.93537414965988
214.72425170068027
214.43503401360545
214.08326530612246
213.72972789115647
213.43955782312923
213.16139455782314
212.88149659863944
212.58751700680273
212.29013605442177
211.9132993197279
211.6132993197279
211.3095918367347
210.97316326530614
210.5440476190476
210.2105442176871
209.89353741496598
209.5939455782313
209.18965986394556
208.81037414965988
208.4155782312925
208.11295918367347
207.73972789115646
207.38877551020408
206.9990136054422
206.72911564625855
206.4458163265306
206.1040136054422
205.72710884353742
205.48615646258506
205.2248979591837
204.9389455782313
204.6087074829932
204.37615646258502
204.1202380952381
203.898537414966
203.6721428571429
203.48527210884356
203.25010204081636
203.0419387755102
202.896462585034
202.72585034013605
202.44867346938776
202.2968367346939
202.22336734693874
202.1558163265306
201.96187074829933
201.83605442176875
201.74653061224492
201.66438775510204
201.53452380952382
201.39860544217686
201.2976530612245
201.22455782312926
201.14023809523815
201.0263605442177
200.94469387755103
200.95034013605445
201.03401360544217
201.1890476190476
201.31914965986397
201.34251700680272
201.30078231292518
201.311462585034
201.43551020408165
201.50884353741498
201.4854081632653
201.43085034013606
201.45428571428573
201.5276530612245
201.61544217687074
201.61227891156463
201.5564285714286
201.57455782312928
201.65914965986394
201.62962585034018
201.5440136054422
201.52826530612248
201.5363605442177
201.54020408163262
201.52166666666668
201.49034013605444
201.4012244897959
201.3642176870748
201.39217687074827
201.44448979591837
201.4648979591837
201.44867346938776
201.4295918367347
201.37656462585036
201.33816326530612
201.31925170068027
201.32418367346938
201.34656462585036
201.32758503401362
201.31921768707485
201.2171088435374
201.1386394557823
201.06472789115645
201.10013605442177
201.04448979591837
200.9982993197279
200.97908163265308
200.95704081632655
200.88809523809527
200.9037755102041
200.961462585034
200.95765306122448
200.845
200.7014285714286
200.63520408163265
200.60880952380953
200.53969387755103
200.5207142857143
200.5345578231293
200.4863605442177
200.3700680272109
200.32551020408164
200.28619047619048
200.19935374149662
200.0818367346939
200.00115646258504
199.9597619047619
199.99193877551022
199.99244897959187
199.95901360544218
199.84329931972792
199.76023809523812
199.74768707482994
199.7246598639456
199.64051020408164
199.47585034013605
199.38765306122448
199.28384353741498
199.24187074829933
199.1974149659864
199.15802721088437
199.10027210884357
198.99935374149658
198.85755102040815
198.68717687074832
198.55615646258505
198.45557823129252
198.37860544217688
198.37887755102042
198.35942176870748
198.28435374149657
198.10397959183672
198.01183673469387
197.93187074829933
197.83809523809524
197.64098639455784
197.52687074829933
197.40938775510207
197.35367346938776
197.2142517006803
197.1721428571429
197.03829931972788
196.998537414966
196.92418367346937
196.8324829931973
196.69081632653064
196.60074829931975
196.49809523809523
196.32972789115647
196.19414965986397
196.06880952380953
195.93534013605444
195.84302721088437
195.75438775510202
195.5915306122449
195.32945578231292
195.15302721088435
195.05544217687074
194.89829931972793
194.67493197278912
194.4927210884354
194.3881972789116
194.27812925170068
194.1384013605442
193.93772108843538
193.76350340136054
193.60397959183672
193.44091836734694
193.22880952380953
192.9730612244898
192.76149659863944
192.6005782312925
192.37605442176869
192.12704081632654
191.94727891156464
191.82493197278913
191.70496598639457
191.58319727891157
191.35125850340137
191.1357142857143
190.95547619047622
190.85057823129253
190.59544217687076
190.37479591836737
190.09891156462584
189.93380952380951
189.7270408163265
189.53010204081636
189.249693877551
188.98003401360546
188.7308163265306
188.50085034013605
188.18680272108844
187.77275510204083
187.45221088435372
187.2575850340136
187.13142857142856
186.8384693877551
186.4805102040816
186.17833333333334
186.0073469387755
185.78714285714287
185.46799319727893
185.122074829932
184.7606462585034
184.39520408163264
184.07346938775513
183.8641836734694
183.6334693877551
183.34602040816327
182.98040816326534
182.67656462585035
182.31309523809523
181.98768707482992
181.67962585034013
181.51666666666668
181.21051020408163
180.87115646258502
180.55044217687077
180.3424149659864
180.02326530612243
179.66925170068026
179.32268707482993
178.97173469387758
178.59812925170067
178.17962585034013
177.7195918367347
177.32999999999998
177.001462585034
176.71380952380952
176.3897619047619
176.14999999999998
175.87312925170068
175.56965986394556
175.16778911564626
174.8309523809524
174.4696598639456
174.1583673469388
173.73105442176873
173.49836734693878
173.2672448979592
173.07309523809525
172.7463605442177
172.36438775510206
171.80785714285713
171.30965986394557
170.97527210884354
170.66445578231293
170.21357142857144
169.87914965986397
169.66319727891155
169.42091836734693
169.024693877551
168.60632653061225
168.13275510204082
167.7143537414966
167.39350340136053
167.2
166.83639455782313
166.4748979591837
165.9760544217687
165.63081632653058
165.18486394557823
164.86292517006802
164.54846938775512
164.29360544217687
163.88044217687076
163.3976530612245
162.97085034013605
162.59346938775514
162.2701700680272
161.9287755102041
161.59091836734694
161.2332993197279
160.83608843537417
160.37731292517006
159.89401360544218
159.44809523809525
159.0297619047619
158.53153061224486
158.075
157.71605442176872
157.4080612244898
156.9102380952381
156.41231292517006
156.03680272108846
155.5461224489796
155.1024829931973
154.73874149659866
154.47374149659868
154.03040816326535
153.62102040816328
153.15391156462584
152.65268707482994
152.18156462585034
151.82357142857143
151.50459183673468
151.14503401360543
150.63989795918368
150.1949319727891
149.86088435374154
149.45826530612243
148.85925170068026
148.2525850340136
147.85057823129253
147.4728231292517
147.0525850340136
146.57850340136054
146.2054761904762
145.79823129251702
145.37979591836736
144.92333333333335
144.51326530612243
144.1548979591837
143.70472789115647
143.2348299319728
142.79785714285714
142.45931972789117
142.01068027210886
141.56248299319728
141.20853741496597
140.87095238095236
140.52714285714285
140.17914965986395
139.82431972789118
139.4279931972789
139.03578231292516
138.7794217687075
138.53901360544216
138.19265306122452
137.6791156462585
137.24214285714288
136.96517006802722
136.61377551020408
136.13496598639455
135.68795918367348
135.28214285714287
134.95023809523812
134.67346938775512
134.4143537414966
134.0360544217687
133.69346938775513
133.37149659863945
133.02938775510205
132.69503401360544
132.368231292517
131.98846938775512
131.725
131.4928231292517
131.28585034013605
130.94982993197277
130.5675510204082
130.1743537414966
129.7825510204082
129.4215306122449
129.09295918367346
128.80397959183674
128.50588435374152
128.16431972789115
127.86333333333334
127.47942176870748
127.20897959183674
126.93054421768707
126.64619047619047
126.36326530612246
126.14146258503402
125.82166666666667
125.52768707482994
125.22397959183675
124.89812925170068
124.51153061224491
124.24051020408163
123.94751700680273
123.50272108843538
123.03452380952382
122.6130612244898
122.36921768707484
122.06051020408164
121.73809523809526
121.29908163265307
120.89418367346939
120.6220068027211
120.41346938775511
120.06506802721088
119.70115646258503
119.52384353741496
119.25901360544219
118.82551020408164
118.44666666666667
118.16061224489796
117.8130612244898
117.4076530612245
117.11023809523809
116.83452380952382
116.57482993197279
116.17173469387755
115.7936394557823
115.55421768707482
115.37360544217687
115.09431972789115
114.83197278911565
114.47210884353743
114.01782312925171
113.58200680272108
113.21768707482993
112.77931972789116
112.42795918367348
112.19527210884354
111.8522448979592
111.46761904761905
111.08078231292517
110.7297619047619
110.41738095238094
110.26656462585035
109.93472789115646
109.51795918367347
109.19816326530612
109.00697278911565
108.70663265306123
108.51707482993197
108.31261904761904
107.96581632653061
107.5056462585034
107.14557823129252
106.72666666666666
106.50333333333333
106.33785714285713
106.16010204081633
105.88108843537415
105.6263605442177
105.25809523809524
104.8965306122449
104.67921768707484
104.44598639455782
104.05945578231292
103.6493537414966
103.45343537414965
103.23697278911565
103.02880952380953
102.80993197278912
102.63520408163266
102.34343537414966
102.15588435374151
102.0182993197279
101.79585034013607
101.50897959183673
101.29234693877552
101.13384353741498
101.06945578231291
100.81867346938775
100.46394557823129
100.19292517006804
100.0056462585034
99.7519387755102
99.49782312925169
99.3821768707483
99.13374149659865
98.87622448979592
98.56989795918368
98.39132653061225
98.28574829931974
98.16731292517007
97.93251700680273
97.63486394557823
97.48275510204081
97.40680272108845
97.3065306122449
97.10493197278912
96.83826530612245
96.65578231292517
96.48758503401359
96.45795918367347
96.3188775510204
96.33918367346939
96.19323129251703
95.98047619047618
95.7512925170068
95.76340136054421
95.72544217687076
95.50887755102042
95.31081632653061
95.14163265306124
94.99962585034014
94.7908843537415
94.70289115646258
94.59299319727893
94.46989795918368
94.38010204081633
94.47608843537415
94.44391156462586
94.44363945578232
94.358231292517
94.28656462585035
94.15336734693878
94.05112244897958
93.8454081632653
93.70289115646258
93.60768707482993
93.5074149659864
93.39068027210885
93.39972789115647
93.32057823129252
93.25687074829932
93.22108843537414
93.26962585034013
93.21255102040817
93.04421768707483
92.97132653061225
93.10619047619048
93.28982993197278
93.24622448979592
93.14680272108845
93.13914965986395
93.15673469387755
93.10564625850341
93.0200680272109
93.08874149659864
93.18418367346939
93.20965986394557
93.09622448979592
92.93860544217688
92.91819727891156
92.97530612244898
93.0602380952381
93.11544217687076
93.26421768707485
93.42598639455782
93.46204081632652
93.53792517006804
93.59948979591837
93.71312925170069
93.7778231292517
93.7991836734694
93.80037414965987
93.76326530612246
93.80683673469387
93.79081632653062
93.87802721088437
94.01421768707483
94.22408163265305
94.3902380952381
94.52704081632653
94.69231292517007
94.8271768707483
95.0454761904762
95.26241496598641
95.5241836734694
95.67989795918368
95.84486394557823
95.93061224489796
96.12489795918367
96.50197278911564
97.01595238095238
97.44663265306123
97.70326530612245
97.88312925170068
98.10986394557823
98.36598639455782
98.73755102040816
99.08268707482993
99.50884353741496
99.91812925170069
100.30119047619048
100.52319727891157
100.9010544217687
101.32132653061224
101.89809523809524
102.39534013605443
102.85244897959183
103.15159863945578
103.60986394557824
104.19761904761906
104.82734693877552
105.38863945578231
105.84061224489797
106.22819727891157
106.67299319727891
107.13159863945579
107.70761904761906
108.25047619047618
108.8017006802721
109.23183673469389
109.77425170068028
110.22442176870749
110.6978231292517
111.14561224489796
111.72775510204082
112.22210884353743
112.66625850340137
113.0646598639456
113.63095238095238
114.2667006802721
114.75360544217688
115.09428571428572
115.43183673469389
115.94544217687076
116.50574829931975
117.00251700680272
117.46778911564627
117.91646258503401
118.45241496598639
118.76323129251702
119.1174149659864
119.46180272108845
119.95581632653062
120.47901360544216
121.0665306122449
121.46897959183676
121.71880952380954
121.96095238095239
122.28690476190476
122.6546598639456
123.0974149659864
123.46642857142858
123.79527210884353
124.07945578231293
124.31506802721088
124.55571428571429
124.92367346938777
125.31343537414966
125.61901360544218
125.89537414965986
126.16081632653062
126.32003401360545
126.6806462585034
127.0671768707483
127.45602040816327
127.6034693877551
127.84309523809523
128.0420068027211
128.30234693877551
128.5246598639456
128.79455782312928
129.05697278911566
129.27278911564625
129.54704081632653
129.91462585034014
130.24119047619047
130.40459183673468
130.57448979591837
130.788231292517
130.98387755102044
131.1707482993197
131.3449319727891
131.51860544217686
131.6395918367347
131.80302721088435
131.9302380952381
132.0781972789116
132.10795918367347
132.10085034013605
132.06047619047618
132.0795238095238
131.9999319727891
131.90853741496596
131.73547619047622
131.74649659863945
131.83952380952383
131.88880952380953
131.64221088435374
131.39551020408166
131.16316326530614
131.00020408163266
130.79765306122448
130.54500000000002
130.25037414965988
130.0384013605442
129.7048639455782
129.32554421768708
128.933231292517
128.54989795918368
128.13673469387754
127.82414965986395
127.55295918367347
127.16642857142858
126.73785714285714
126.31710884353741
125.95629251700682
125.55319727891158
125.07632653061225
124.6545918367347
124.29129251700681
123.83163265306122
123.31918367346938
122.86329931972789
122.52826530612245
122.12554421768708
121.72465986394558
121.28251700680272
120.88724489795919
120.35666666666668
119.73159863945578
119.06275510204082
118.55326530612246
118.22034013605443
117.84765306122449
117.4941836734694
117.18673469387754
116.92309523809523
116.43227891156462
115.91809523809525
115.41914965986395
115.03204081632653
114.68197278911565
114.36687074829932
114.02809523809525
113.59085034013606
113.17772108843538
112.78234693877552
112.45510204081633
112.04149659863945
111.73414965986393
111.39547619047619
111.16853741496598
110.81292517006803
110.4597619047619
110.04275510204081
109.78591836734694
109.46353741496598
109.06557823129252
108.71785714285713
108.47323129251701
108.25425170068027
107.9919387755102
107.7121768707483
107.37098639455783
106.97897959183673
106.53289115646258
106.19122448979591
105.8569387755102
105.59880952380952
105.31918367346938
105.1039455782313
104.80891156462586
104.39931972789115
104.07653061224491
103.9040476190476
103.79857142857142
103.4634693877551
103.15302721088436
102.93030612244897
102.78459183673469
102.60503401360543
102.37306122448979
102.16227891156464
101.97438775510204
101.83829931972788
101.72312925170068
101.70619047619047
101.69605442176871
101.48843537414966
101.25319727891157
101.14853741496599
101.02418367346938
100.81037414965986
100.67037414965988
100.59187074829933
100.40248299319728
100.24258503401362
100.21054421768709
100.05816326530612
99.89911564625851
99.86625850340135
99.92163265306124
99.94343537414966
99.99969387755102
99.95955782312924
99.79098639455782
99.78527210884354
99.83333333333334
99.85319727891155
99.82408163265308
99.87938775510204
99.76547619047619
99.67095238095237
99.65421768707483
99.76965986394558
99.85180272108842
99.88836734693878
99.89323129251702
99.94343537414967
99.95996598639456
99.83768707482994
99.85061224489797
99.83574829931973
99.86387755102041
99.84329931972789
99.97649659863947
99.97119047619047
99.98210884353742
100.04602040816326
100.26367346938777
100.39931972789117
100.50459183673469
100.48938775510206
100.6674829931973
100.80295918367347
101.08697278911563
101.25085034013605
101.34132653061224
101.4058843537415
101.55891156462584
101.7634693877551
101.90397959183673
102.21938775510205
102.46343537414967
102.60826530612246
102.62469387755104
102.7108843537415
102.85897959183674
103.01727891156463
103.13020408163266
103.29683673469387
103.53261904761905
103.58051020408165
103.5478231292517
103.63908163265307
103.90693877551021
104.06840136054421
104.06857142857143
104.16585034013605
104.37248299319728
104.55840136054422
104.62663265306122
104.78173469387754
104.96629251700679
105.08340136054422
105.15360544217687
105.18408163265306
105.30891156462584
105.57976190476191
105.81979591836735
106.09156462585034
106.36615646258504
106.69095238095237
106.841768707483
107.11663265306123
107.36292517006802
107.68234693877551
107.87377551020408
108.01017006802722
108.0115986394558
108.20938775510206
108.39044217687075
108.6080612244898
108.63690476190476
108.75656462585033
108.81993197278912
108.95778911564625
109.09404761904763
109.20996598639456
109.3775850340136
109.51564625850341
109.63632653061225
109.70285714285716
109.86534013605443
109.99156462585034
110.15799319727891
110.40727891156463
110.70792517006802
110.86948979591835
110.99408163265306
111.04517006802722
111.16663265306123
111.31136054421769
111.57503401360543
111.76136054421768
111.89738095238096
111.98646258503402
112.24224489795921
112.51673469387757
112.75568027210885
113.06482993197281
113.34380952380953
113.52
113.72442176870749
113.99942176870748
114.25710884353742
114.56918367346938
115.01482993197278
115.3328231292517
115.56663265306123
115.94380952380952
116.39574829931973
116.81397959183674
117.24251700680273
117.84013605442178
118.20115646258503
118.51510204081633
118.90785714285713
119.54234693877552
120.13238095238096
120.77323129251701
121.22602040816327
121.71183673469388
122.35350340136056
123.22897959183673
124.14772108843538
125.12540816326532
126.10119047619048
127.05227891156463
128.10891156462586
129.39904761904762
130.751462585034
132.180306122449
133.51469387755105
134.9523469387755
136.44448979591834
138.09646258503403
139.50302721088437
140.68210884353743
141.78785714285715
142.91819727891158
143.73540816326533
144.27268707482995
144.62748299319728
144.92210884353744
145.0917006802721
145.22540816326529
145.33408163265307
145.4195238095238
145.49448979591838
145.67687074829934
146.02003401360548
146.37775510204082
146.68510204081633
146.92581632653062
147.08925170068028
147.26608843537417
147.415
147.60537414965987
147.79921768707484
148.05166666666668
148.10010204081632
148.20051020408164
148.40724489795917
148.6613605442177
148.788231292517
148.87068027210884
148.9374149659864
149.12816326530614
149.34948979591837
149.52656462585034
149.6698299319728
149.99248299319729
150.46513605442175
151.17554421768708
151.85156462585033
152.3770068027211
152.66697278911565
152.9233673469388
153.10472789115647
153.15914965986394
152.92023809523812
152.4469387755102
151.7587755102041
150.94955782312923
149.80935374149658
148.28646258503403
146.50585034013608
144.51823129251704
142.3094897959184
139.7478911564626
137.27244897959184
134.89057823129252
132.77547619047618
130.5197619047619
128.21374149659863
125.73530612244897
123.55557823129253
121.5024149659864
119.40547619047621
117.35261904761906
115.52812925170068
113.82074829931975
112.11350340136056
110.36190476190477
108.75193877551021
107.23353741496598
106.09231292517008
104.79397959183673
103.61312925170068
102.2823469387755
100.97840136054423
99.62959183673469
98.5197619047619
97.49761904761905
96.24897959183674
94.65384353741496
92.99632653061224
91.63680272108844
90.51673469387755
89.39891156462585
88.15027210884354
87.07156462585033
86.1521768707483
85.48132653061225
84.90884353741495
84.45261904761904
83.7975850340136
82.82829931972789
81.60714285714285
80.18034013605441
78.75221088435374
77.16146258503402
75.4572448979592
73.7204761904762
72.11095238095233
70.39547619047613
