143.56972789115653
143.95204081632647
144.11836734693878
144.15537414965985
144.2677551020408
144.39081632653063
144.39102040816326
144.307074829932
144.29408163265305
144.28768707482993
144.2857142857143
144.16319727891158
143.98925170068026
143.71013605442175
143.45557823129252
143.32197278911565
143.4182993197279
143.58523809523808
143.6413605442177
143.63040816326532
143.4544897959184
143.31027210884355
143.2185714285714
143.22700680272106
143.23000000000002
143.19585034013608
143.0952380952381
143.0321768707483
143.05557823129251
143.07061224489797
143.05197278911567
142.98292517006803
142.83380952380952
142.71904761904761
142.70401360544219
142.7582993197279
142.64435374149662
142.4552380952381
142.3391836734694
142.44455782312926
142.57455782312928
142.6787755102041
142.75292517006804
142.81761904761905
142.8496598639456
142.80197278911567
142.74
142.6608843537415
142.57646258503402
142.4017006802721
142.28455782312926
142.29040816326528
142.4608843537415
142.55877551020407
142.5665306122449
142.4534013605442
142.58401360544218
142.77469387755104
142.94802721088436
142.8922448979592
142.83442176870747
142.86319727891157
142.9370068027211
143.0251700680272
142.9882993197279
142.92190476190478
142.8114285714286
142.85149659863947
142.92197278911567
142.7855782312925
142.5798639455782
142.4004081632653
142.4347619047619
142.58972789115646
142.86945578231294
143.0313605442177
143.11816326530612
143.05619047619047
143.05013605442178
143.13034013605443
143.233537414966
143.02068027210885
142.74061224489796
142.57489795918366
142.57095238095238
142.53544217687073
142.49809523809526
142.56149659863945
142.6926530612245
142.8043537414966
142.92605442176873
143.04993197278912
143.17897959183674
143.3145578231293
143.38993197278913
143.2604081632653
143.0538095238095
143.04625850340136
143.09000000000003
143.0908843537415
143.10557823129255
143.24897959183673
143.4325850340136
143.47775510204082
143.59775510204082
143.77503401360548
144.03775510204082
144.2308163265306
144.52795918367346
144.93544217687074
145.23142857142858
145.42612244897958
145.55850340136055
145.8240136054422
146.1121088435374
146.26727891156463
146.3891836734694
146.7531292517007
147.21340136054422
147.61612244897958
148.01360544217687
148.54721088435377
148.96938775510205
149.32210884353742
149.5498639455782
149.74163265306123
149.82816326530613
150.02979591836734
150.25455782312926
150.45850340136056
150.556462585034
150.83653061224493
151.17639455782313
151.45319727891155
151.58993197278912
151.88918367346938
152.39809523809527
152.89755102040814
153.29639455782313
153.69340136054421
154.20319727891155
154.79224489795916
155.39523809523808
155.7919047619048
156.12850340136055
156.6227210884354
157.193537414966
157.66850340136054
158.1463265306122
158.733537414966
159.44823129251702
160.16469387755103
160.68061224489796
160.94040816326532
161.25210884353743
161.733537414966
162.25714285714287
162.77884353741499
163.38578231292516
163.9600680272109
164.45639455782313
165.09476190476192
165.87217687074832
166.65204081632652
167.41673469387757
168.22462585034015
169.05748299319728
170.0008843537415
170.90585034013606
171.72068027210884
172.47938775510204
173.29938775510203
174.21428571428572
175.2244217687075
176.2268707482993
177.17102040816326
178.08714285714285
179.10585034013604
180.17414965986399
181.3874149659864
182.49401360544218
183.7078231292517
184.81517006802721
186.05333333333334
187.1561224489796
188.37544217687076
189.58442176870747
190.8157142857143
191.90115646258505
192.98945578231292
194.15136054421768
195.33278911564625
196.50414965986394
197.60380952380956
198.6647619047619
199.73394557823133
200.82972789115644
201.91299319727892
202.9295918367347
203.96891156462584
204.90646258503403
205.86115646258503
206.7496598639456
207.68013605442178
208.52231292517007
209.38843537414965
210.27367346938775
211.17816326530613
211.9612244897959
212.75979591836736
213.48285714285714
214.28238095238095
215.04142857142858
215.77346938775509
216.3471428571429
216.92836734693878
217.5704081632653
218.19904761904763
218.71734693877553
219.1818367346939
219.66469387755103
220.1882993197279
220.62027210884352
221.02632653061224
221.35421768707482
221.70272108843537
222.0447619047619
222.40414965986395
222.68176870748297
222.96
223.2060544217687
223.3852380952381
223.5065306122449
223.68863945578232
223.88204081632654
223.9378231292517
223.876462585034
223.84850340136057
223.92122448979592
223.9352380952381
223.88136054421767
223.80414965986395
223.70190476190476
223.5474149659864
223.3082993197279
223.11312925170068
222.86578231292518
222.63054421768706
222.367074829932
222.05455782312924
221.66680272108846
221.24517006802722
220.88510204081632
220.47510204081635
220.06482993197284
219.62115646258508
219.14170068027212
218.63027210884354
218.06
217.49068027210885
216.97231292517006
216.49517006802725
215.91278911564626
215.28993197278913
214.71761904761905
214.1048299319728
213.4766666666667
212.88292517006803
212.25775510204082
211.55204081632652
210.88918367346938
210.26986394557824
209.62102040816325
208.941156462585
208.31931972789118
207.66292517006806
206.99612244897958
206.30074829931974
205.65714285714287
205.051768707483
204.49163265306123
203.91795918367347
203.35721088435375
202.82190476190476
202.24149659863946
201.6618367346939
201.2060544217687
200.82074829931975
200.43435374149658
200.04809523809521
199.67061224489797
199.27945578231294
198.87625850340135
198.4914965986395
198.24673469387756
197.96414965986395
197.69340136054421
197.38598639455782
197.17115646258503
196.92068027210888
196.74115646258505
196.6209523809524
196.54972789115644
196.34340136054425
196.13278911564626
195.95823129251698
195.91149659863945
195.84891156462584
195.83367346938772
195.81251700680272
195.7973469387755
195.87380952380954
196.02027210884353
196.1778911564626
196.29428571428573
196.30938775510208
196.34748299319733
196.44843537414965
196.6291836734694
196.73721088435377
196.8126530612245
196.8412925170068
196.90340136054422
197.0468707482993
197.25537414965987
197.44238095238097
197.54204081632656
197.5104761904762
197.55333333333337
197.68537414965988
197.9061904761905
198.05707482993196
198.2461904761905
198.3475510204082
198.3782993197279
198.43394557823132
198.52448979591836
198.70210884353742
198.80775510204083
198.90530612244896
199.02054421768707
199.14727891156463
199.15074829931973
199.1538095238095
199.2278231292517
199.26496598639457
199.31707482993198
199.44598639455785
199.55544217687077
199.49843537414966
199.4374149659864
199.4736054421769
199.51292517006803
199.55374149659866
199.57442176870748
199.66462585034014
199.6725850340136
199.6905442176871
199.65877551020412
199.75721088435375
199.88802721088433
200.0121768707483
199.9287755102041
199.82700680272112
199.7787755102041
199.79244897959185
199.7362585034014
199.7243537414966
199.7582993197279
199.81401360544217
199.80217687074833
199.80537414965988
199.78183673469385
199.80829931972792
199.7455782312925
199.5489795918367
199.4469387755102
199.4887074829932
199.56938775510204
199.5948299319728
199.65448979591835
199.66258503401363
199.5948979591837
199.52986394557823
199.4208843537415
199.3431292517007
199.26863945578236
199.19537414965987
199.1321768707483
199.1468707482993
199.1398639455782
199.1065986394558
199.04265306122448
198.97142857142862
198.88299319727892
198.7830612244898
198.60843537414968
198.46156462585034
198.4142857142857
198.4478911564626
198.38809523809525
198.22823129251702
198.06537414965987
197.9421768707483
197.85265306122452
197.71020408163264
197.60353741496598
197.41945578231295
197.33816326530612
197.25238095238095
197.20659863945582
197.08755102040817
196.99448979591835
196.82809523809522
196.6770068027211
196.5783673469388
196.46557823129248
196.2791156462585
196.13190476190474
196.01986394557827
195.86639455782313
195.71863945578232
195.6348979591837
195.53707482993198
195.4118367346939
195.26714285714286
195.07775510204084
194.83952380952383
194.60476190476192
194.41972789115647
194.2659863945578
194.17401360544218
194.0421768707483
193.84877551020406
193.57680272108843
193.41680272108846
193.25945578231293
193.06299319727893
192.82455782312925
192.67142857142858
192.4847619047619
192.221768707483
191.9924489795918
191.747074829932
191.5261904761905
191.3292517006803
191.18605442176872
191.0066666666667
190.8191836734694
190.5108163265306
190.31816326530614
190.0921088435374
189.8455782312925
189.43850340136055
189.17149659863946
188.90979591836734
188.81836734693877
188.71251700680273
188.46884353741498
188.0579591836735
187.75074829931972
187.50115646258504
187.28034013605446
186.99204081632652
186.675306122449
186.31680272108844
185.98571428571427
185.65578231292517
185.32836734693876
184.998231292517
184.71054421768707
184.43115646258505
184.15639455782315
183.81292517006804
183.51054421768708
183.24993197278914
182.9499319727891
182.56027210884355
182.26455782312922
182.01721088435374
181.71027210884358
181.27639455782312
180.89517006802723
180.53761904761905
180.17687074829934
179.84993197278914
179.6204761904762
179.29979591836735
178.97850340136054
178.58278911564625
178.22129251700682
177.86673469387756
177.5895918367347
177.22551020408164
176.8491836734694
176.4474149659864
176.06414965986394
175.6778231292517
175.35455782312926
174.98938775510203
174.6310204081633
174.2157142857143
173.8036054421769
173.51
173.22408163265308
172.86231292517007
172.48986394557824
172.16823129251702
171.84755102040816
171.39632653061224
170.95727891156463
170.55115646258503
170.24884353741498
169.92462585034014
169.51625850340136
169.13551020408164
168.79170068027213
168.4361224489796
168.0443537414966
167.62190476190477
167.1757823129252
166.79557823129252
166.46190476190475
166.0498639455782
165.64646258503402
165.27721088435374
164.9447619047619
164.61401360544215
164.29714285714283
163.84408163265306
163.3638775510204
162.8821768707483
162.42863945578233
161.98455782312928
161.54755102040818
161.10857142857142
160.68448979591838
160.2168027210884
159.71319727891157
159.17142857142858
158.7470068027211
158.32482993197277
157.96251700680273
157.51489795918368
157.06326530612245
156.54346938775512
156.0878231292517
155.64891156462585
155.2121768707483
154.6730612244898
154.11380952380955
153.65068027210884
153.23897959183677
152.776462585034
152.2266666666667
151.69816326530614
151.2220408163265
150.70149659863947
150.22489795918366
149.71496598639456
149.40537414965985
148.97714285714287
148.4778911564626
147.89333333333332
147.37482993197278
146.78544217687073
146.20700680272108
145.81503401360544
145.51102040816326
145.09727891156462
144.56782312925174
144.05843537414964
143.57598639455784
143.15455782312924
142.6872789115646
142.24251700680273
141.6538775510204
141.08829931972792
140.5752380952381
140.1538775510204
139.72027210884352
139.21006802721087
138.666462585034
138.19408163265308
137.7505442176871
137.20972789115646
136.65462585034012
136.27244897959184
135.96455782312927
135.50829931972788
135.02
134.62605442176869
134.21741496598636
133.73272108843537
133.28510204081633
132.92761904761906
132.548843537415
132.18333333333334
131.8251700680272
131.37258503401358
130.9034013605442
130.4474829931973
130.043537414966
129.6517006802721
129.24122448979594
128.7412925170068
128.33374149659863
128.03163265306122
127.61333333333334
127.04911564625851
126.53571428571429
126.18163265306123
125.93367346938777
125.64605442176872
125.17442176870749
124.72
124.32578231292517
123.90489795918367
123.38578231292517
123.06061224489797
122.84469387755102
122.46482993197279
121.94510204081632
121.42258503401361
121.00673469387755
120.55897959183673
120.19231292517007
119.89020408163267
119.55897959183673
119.0847619047619
118.58020408163267
118.27721088435376
117.93925170068027
117.57401360544218
117.1204761904762
116.69102040816328
116.2282993197279
115.83557823129252
115.57551020408164
115.25591836734694
114.82619047619048
114.29578231292518
113.9208843537415
113.53414965986394
113.12122448979594
112.65530612244899
112.33585034013606
111.96925170068027
111.62455782312925
111.0725850340136
110.50673469387756
110.02755102040817
109.85333333333334
109.65108843537416
109.30789115646259
108.87503401360543
108.55789115646259
108.2613605442177
107.97857142857144
107.59938775510204
107.16755102040815
106.66428571428571
106.2522448979592
105.87462585034012
105.6104081632653
105.25462585034013
104.8534693877551
104.44034013605443
104.21414965986395
103.9243537414966
103.57353741496598
103.13217687074831
102.81013605442178
102.4895238095238
102.18489795918367
101.79965986394558
101.4278911564626
101.07231292517007
100.66414965986395
100.28836734693877
99.9830612244898
99.65285714285714
99.26918367346939
98.90074829931973
98.57414965986395
98.20428571428572
97.87857142857143
97.55714285714285
97.34163265306123
97.22095238095238
96.86666666666666
96.3330612244898
95.8878911564626
95.58421768707483
95.16285714285715
94.77965986394558
94.62850340136055
94.45421768707483
94.0952380952381
93.67285714285714
93.37231292517006
93.04965986394558
92.71278911564626
92.47421768707483
92.25421768707483
91.88557823129253
91.4343537414966
91.17006802721089
90.9195918367347
90.64095238095238
90.35380952380952
90.19557823129252
89.91659863945578
89.55265306122449
89.34945578231292
89.22210884353743
89.07414965986395
88.84503401360544
88.65224489795918
88.40965986394559
88.13904761904763
87.81551020408163
87.45156462585032
87.0812925170068
86.77190476190478
86.57727891156463
86.4061224489796
86.22646258503403
85.9665986394558
85.71700680272109
85.45197278911564
85.38952380952381
85.32659863945578
85.0695918367347
84.65979591836735
84.47530612244898
84.20993197278912
84.02782312925171
83.87326530612246
83.81891156462585
83.48489795918367
83.27585034013606
83.14122448979592
83.02115646258504
82.8808843537415
82.70448979591836
82.55897959183673
82.39156462585035
82.3308843537415
82.12224489795918
81.80578231292517
81.57591836734694
81.51122448979592
81.37959183673469
81.10455782312926
80.96639455782312
80.92523809523809
80.89333333333333
80.77312925170068
80.62122448979592
80.45374149659864
80.4174149659864
80.32789115646258
80.22965986394559
80.09836734693877
79.96183673469389
79.68666666666667
79.52829931972789
79.43993197278911
79.26734693877552
79.06884353741496
79.03061224489797
79.0430612244898
79.02074829931973
78.90952380952382
78.87149659863945
78.7360544217687
78.64204081632653
78.55510204081634
78.57081632653062
78.52517006802722
78.41027210884354
78.3108843537415
78.3443537414966
78.39428571428572
78.29414965986395
78.1591156462585
78.16448979591837
78.2538775510204
78.17333333333335
78.04761904761904
77.88469387755102
77.8669387755102
77.89591836734694
77.93836734693878
77.93326530612245
77.92925170068027
78.00074829931972
78.00666666666667
78.07299319727892
78.07965986394558
78.1269387755102
78.17557823129252
78.23312925170069
78.14952380952381
78.04850340136055
78.10836734693876
78.15775510204082
78.18843537414966
78.2895918367347
78.39346938775509
78.35965986394558
78.42346938775509
78.61
78.7500680272109
78.77013605442178
78.89972789115646
79.07210884353742
79.23020408163266
79.17190476190476
79.18462585034015
79.44265306122449
79.76115646258503
79.92843537414964
80.08408163265307
80.36054421768708
80.61632653061224
80.81721088435376
80.91993197278913
81.1308163265306
81.3855782312925
81.76557823129251
82.11761904761904
82.50292517006804
82.7187074829932
82.90013605442176
83.18537414965986
83.57619047619049
83.94510204081632
84.4187074829932
84.84061224489795
85.19231292517009
85.45700680272108
85.90897959183674
86.32340136054421
86.75319727891156
87.20843537414966
87.7061224489796
88.1712925170068
88.53605442176871
88.98197278911564
89.45319727891156
89.78945578231291
90.11163265306124
90.5670068027211
91.10666666666667
91.52537414965987
92.04312925170069
92.49163265306123
92.79897959183674
93.16204081632654
93.64755102040816
94.0595918367347
94.42809523809524
94.84925170068027
95.29768707482992
95.6887755102041
96.14258503401362
96.59768707482992
97.07095238095238
97.4095918367347
97.74278911564626
97.9530612244898
98.3865306122449
98.83510204081631
99.26115646258503
99.60040816326531
100.02897959183674
100.41476190476192
100.72897959183675
101.14591836734694
101.54897959183674
101.91578231292517
102.29571428571428
102.59836734693877
102.88999999999999
103.16476190476189
103.50802721088435
103.74482993197279
104.09877551020409
104.38619047619048
104.67197278911566
104.90925170068027
105.26299319727892
105.53142857142856
105.8482993197279
106.16741496598638
106.56183673469388
106.82523809523809
106.99190476190476
107.12040816326532
107.42755102040817
107.77530612244898
108.09170068027211
108.2939455782313
108.46034013605443
108.58714285714287
108.88448979591837
109.31639455782313
109.7104081632653
109.96170068027212
110.05326530612244
110.16727891156461
110.27544217687075
110.5130612244898
110.81183673469388
111.04068027210884
111.17836734693878
111.3918367346939
111.60156462585034
111.70476190476191
111.72068027210884
111.69836734693878
111.69619047619048
111.71659863945578
111.65204081632653
111.5517006802721
111.54115646258504
111.52251700680272
111.29857142857142
111.01523809523809
110.91061224489796
110.83734693877551
110.66163265306123
110.40462585034014
110.20870748299319
109.86741496598638
109.59408163265307
109.31605442176871
109.00727891156463
108.57265306122449
108.16517006802721
107.86210884353741
107.67884353741498
107.42204081632653
106.86734693877551
106.26204081632652
105.93034013605443
105.62278911564627
105.09809523809524
104.61469387755102
104.35578231292517
104.01462585034014
103.45197278911564
102.93727891156462
102.57721088435375
102.07863945578231
101.53190476190477
101.02775510204083
100.76244897959184
100.54789115646258
100.20646258503402
99.62551020408165
99.01639455782313
98.58925170068026
98.2421768707483
97.9408843537415
97.71170068027212
97.4152380952381
96.99938775510205
96.51183673469387
96.08204081632653
95.5829931972789
95.18346938775508
94.79142857142857
94.46285714285715
94.11034013605442
93.83102040816327
93.50999999999999
93.12054421768708
92.70795918367347
92.52149659863946
92.41068027210885
92.16380952380953
91.76
91.3895918367347
91.03727891156463
90.67517006802721
90.44380952380953
90.20911564625851
89.91829931972788
89.64183673469388
89.44884353741497
89.1243537414966
88.77068027210885
88.50591836734694
88.2804081632653
87.90462585034014
87.55965986394557
87.2547619047619
87.03918367346938
86.68591836734693
86.39843537414967
86.17707482993197
85.95544217687075
85.62414965986395
85.30714285714286
85.18625850340136
85.08632653061224
84.90884353741498
84.61340136054422
84.43496598639456
84.39197278911564
84.28836734693878
84.05047619047619
83.77891156462584
83.65748299319728
83.51312925170069
83.32741496598639
83.19210884353741
83.13877551020408
83.06632653061224
82.901768707483
82.83353741496599
82.84115646258503
82.84884353741495
82.62897959183672
82.35217687074831
82.26006802721089
82.1995918367347
82.1338775510204
82.04129251700681
81.89530612244899
81.7747619047619
81.80598639455782
81.97353741496599
82.00319727891159
81.93176870748299
81.84272108843537
81.87687074829932
81.97857142857143
81.99367346938777
81.93836734693879
81.89142857142858
81.86503401360545
81.83
81.86809523809525
81.80142857142859
81.78544217687075
81.77863945578233
81.92401360544218
81.98938775510204
82.07591836734696
81.92074829931974
81.96197278911565
82.16442176870748
82.40102040816328
82.25925170068027
82.18231292517007
82.36496598639457
82.60850340136054
82.67857142857143
82.74965986394558
82.88401360544218
82.95877551020408
82.99632653061225
83.13931972789116
83.32625850340136
83.52210884353741
83.58319727891157
83.70312925170069
83.83387755102041
83.99374149659864
84.12170068027211
84.36768707482993
84.53598639455782
84.70707482993197
84.98197278911564
85.17122448979592
85.17360544217686
85.27000000000001
85.53374149659865
85.84278911564626
85.93496598639456
85.95619047619049
85.98238095238095
86.17795918367347
86.40884353741497
86.62795918367347
86.71571428571428
86.81163265306122
86.85646258503402
86.93340136054422
87.10965986394558
87.32646258503401
87.46802721088437
87.51755102040816
87.61721088435375
87.68884353741497
88.01108843537415
88.42380952380952
88.63544217687075
88.85448979591837
89.13374149659865
89.42462585034014
89.61251700680273
89.85020408163267
90.0247619047619
90.16074829931974
90.39544217687076
90.50666666666667
90.79795918367347
91.05231292517007
91.27904761904762
91.26095238095238
91.43591836734694
91.62802721088435
91.75891156462585
91.78653061224489
91.71367346938777
91.75265306122449
91.91136054421769
92.09653061224489
92.32374149659863
92.50353741496599
92.711768707483
92.86013605442177
93.06775510204082
93.12877551020408
93.31469387755101
93.60047619047619
93.92911564625851
94.13108843537415
94.26707482993197
94.27278911564628
94.34666666666668
94.46380952380953
94.65843537414966
94.93272108843539
95.13646258503401
95.38462585034014
95.69972789115647
96.12
96.29340136054421
96.39945578231291
96.58333333333333
96.91755102040815
97.21965986394558
97.56374149659864
97.97428571428571
98.37462585034015
98.61673469387756
98.90272108843537
99.26190476190476
99.65544217687075
99.97836734693878
100.52238095238094
101.15442176870748
101.61809523809524
101.82020408163265
102.22700680272109
102.83401360544218
103.5004761904762
104.10721088435375
104.71258503401361
105.39319727891157
106.09693877551021
106.87544217687076
107.80972789115647
108.81768707482993
109.81074829931973
110.84748299319729
112.1082993197279
113.46741496598639
114.82122448979591
116.2439455782313
117.69299319727891
119.29911564625851
120.82809523809523
122.37938775510204
123.91938775510204
125.43986394557824
126.7722448979592
127.85707482993197
128.6661224489796
129.1487074829932
129.46551020408162
129.6204761904762
129.7231292517007
129.89238095238096
130.11578231292518
130.48020408163268
130.75578231292516
130.96925170068027
130.7812925170068
130.693537414966
130.7068707482993
130.95557823129252
131.07897959183674
131.17544217687077
131.29891156462585
131.4474149659864
131.6374829931973
131.6665306122449
131.66598639455782
131.74401360544218
131.96884353741495
132.16809523809525
132.26367346938775
132.19380952380953
132.20353741496598
132.39680272108842
132.7948299319728
133.104693877551
133.35659863945577
133.44857142857143
133.62380952380948
133.78891156462583
133.8438775510204
133.54591836734696
132.99591836734695
132.13462585034017
131.2418367346939
130.30163265306123
129.37340136054422
128.29755102040818
127.33585034013606
126.46374149659863
125.79360544217688
124.97122448979592
123.77115646258504
122.21979591836735
120.5156462585034
118.8065306122449
116.84721088435374
115.05095238095238
113.4308843537415
111.80809523809525
110.12897959183674
108.42802721088435
106.71836734693879
105.03095238095239
103.65673469387754
102.46238095238095
100.97333333333333
99.47727891156464
97.89265306122451
96.49122448979593
95.09034013605444
93.72775510204082
92.31353741496598
91.13034013605441
90.02639455782312
88.54374149659864
87.0326530612245
85.77122448979591
84.88795918367347
83.77972789115647
82.47265306122449
80.9595238095238
79.62285714285716
78.46755102040817
77.35904761904763
76.23734693877552
74.97108843537416
73.88054421768706
73.05557823129251
72.64809523809524
72.2447619047619
71.75537414965987
71.1439455782313
70.41340136054421
69.37891156462584
68.16040816326532
66.75768707482993
65.36585034013606
63.69156462585035
61.99938775510204
60.18136054421765
58.7665646258503
