141.47510204081632
141.4757823129251
141.58632653061224
141.48115646258503
141.10666666666668
140.83877551020407
140.64027210884353
140.4900680272109
140.50931972789115
140.69564625850342
140.7669387755102
140.69340136054421
140.5434013605442
140.29299319727892
140.171768707483
140.3213605442177
140.46278911564627
140.48931972789117
140.6008163265306
140.67557823129252
140.47074829931975
140.2638775510204
140.02836734693878
140.02068027210882
140.1855782312925
140.60197278911562
140.7430612244898
140.73979591836735
140.65462585034012
140.61027210884356
140.6013605442177
140.63421768707485
140.64598639455784
140.6378231292517
140.5275510204082
140.4405442176871
140.33931972789117
140.24789115646257
140.11517006802723
140.22462585034015
140.51700680272108
140.91816326530613
141.2700680272109
141.51639455782313
141.64952380952383
141.7421768707483
141.7461224489796
141.69884353741497
141.70088435374151
141.74619047619046
141.70326530612246
141.57068027210886
141.54020408163265
141.6774829931973
141.7461904761905
141.72721088435372
141.6800680272109
141.69666666666666
141.56136054421768
141.46197278911563
141.43598639455786
141.43149659863946
141.4552380952381
141.52108843537417
141.71768707482994
141.90020408163264
142.02761904761905
141.92251700680274
141.6065986394558
141.35476190476192
141.06408163265309
140.7508163265306
140.5212244897959
140.48149659863947
140.47666666666666
140.53401360544217
140.65578231292517
140.75278911564627
140.7961904761905
140.8536734693878
140.83727891156462
140.7016326530612
140.48795918367347
140.22598639455782
140.03020408163266
139.863537414966
139.83102040816325
139.84129251700682
139.9621768707483
140.10299319727892
140.1814285714286
140.15795918367348
140.07578231292518
140.2161904761905
140.38931972789118
140.46503401360548
140.2783673469388
140.08979591836737
140.06095238095241
140.12428571428572
140.11537414965989
140.00693877551024
140.04054421768708
140.12013605442175
140.1165986394558
140.11979591836737
140.3512925170068
140.68673469387755
140.9440136054422
141.18775510204082
141.60353741496596
142.12326530612245
142.59897959183672
143.01129251700684
143.34340136054422
143.5565306122449
143.82496598639457
144.15394557823132
144.38625850340136
144.36884353741496
144.37496598639456
144.4873469387755
144.58666666666667
144.7443537414966
145.02122448979594
145.51102040816326
146.0425170068027
146.58503401360545
146.9486394557823
147.1495238095238
147.14108843537417
147.2161224489796
147.37489795918367
147.5826530612245
147.6360544217687
147.6713605442177
147.76979591836735
148.03680272108843
148.34816326530614
148.70251700680274
148.99265306122453
149.49836734693878
150.03476190476192
150.64503401360545
151.0091836734694
151.36163265306124
151.71748299319728
152.25020408163266
152.7444217687075
153.08646258503398
153.29680272108845
153.55047619047622
153.72027210884355
153.7570068027211
153.8040136054422
153.96877551020407
154.2661904761905
154.61850340136056
155.0921088435374
155.69088435374152
156.21367346938774
156.7496598639456
157.50244897959183
158.4860544217687
159.16802721088436
159.77482993197282
160.55557823129254
161.29190476190476
161.74489795918367
162.21530612244896
162.8339455782313
163.46074829931973
164.10517006802723
164.84755102040816
165.63959183673472
166.39360544217686
167.17938775510203
168.0656462585034
169.05176870748298
170.0548299319728
171.19727891156464
172.51693877551023
173.835306122449
175.2357142857143
176.63442176870748
178.09823129251703
179.56850340136054
181.08380952380952
182.47204081632657
183.85687074829934
185.21829931972792
186.51367346938775
187.7930612244898
189.17278911564625
190.46863945578232
191.7661904761905
193.05530612244897
194.48510204081632
195.75857142857143
196.96721088435373
198.05224489795918
199.26414965986393
200.43625850340138
201.53163265306122
202.47714285714287
203.51945578231295
204.60013605442174
205.59591836734697
206.46421768707486
207.40795918367348
208.38054421768706
209.31129251700682
210.18142857142854
211.01
211.80027210884353
212.56857142857143
213.3530612244898
214.0540816326531
214.68795918367346
215.3
215.9190476190476
216.4412244897959
217.0536054421769
217.639387755102
218.1043537414966
218.48034013605442
218.97564625850342
219.46156462585034
219.8361904761905
220.2000680272109
220.51850340136056
220.7736054421769
220.9439455782313
221.11530612244897
221.32734693877552
221.5542176870748
221.6612925170068
221.6987074829932
221.73897959183674
221.83789115646258
221.82734693877552
221.79244897959185
221.7021768707483
221.5643537414966
221.33312925170068
221.13795918367344
220.97632653061225
220.7131972789116
220.45204081632653
220.13272108843537
219.77761904761905
219.34863945578232
218.94340136054424
218.50897959183675
218.00557823129253
217.56238095238095
217.08401360544218
216.5591836734694
215.94938775510204
215.41292517006804
214.82
214.20421768707482
213.58598639455784
212.9156462585034
212.22673469387755
211.5870068027211
210.96809523809523
210.23469387755102
209.51455782312928
208.79646258503402
208.09387755102043
207.31360544217688
206.54197278911568
205.70598639455784
205.00462585034018
204.36605442176875
203.67482993197282
202.84319727891156
202.17115646258503
201.587074829932
200.96292517006805
200.26244897959185
199.59625850340137
198.90265306122453
198.30190476190475
197.81469387755104
197.3781632653061
196.83931972789117
196.2882993197279
195.74693877551022
195.29591836734693
194.8425850340136
194.44904761904763
194.12789115646257
193.8295238095238
193.5321088435374
193.16891156462583
192.90428571428572
192.60414965986394
192.32353741496598
192.09428571428572
191.98095238095237
191.7755782312925
191.52462585034016
191.35727891156466
191.27551020408166
191.22734693877553
191.28612244897963
191.30537414965985
191.29646258503402
191.3396598639456
191.40244897959184
191.46904761904764
191.54721088435375
191.62911564625847
191.65421768707483
191.72843537414968
191.8487755102041
191.9992517006803
192.2003401360544
192.3351020408163
192.4251700680272
192.56278911564624
192.74911564625853
192.9544897959184
193.08380952380955
193.1678911564626
193.27380952380952
193.45231292517008
193.58707482993196
193.69911564625852
193.86945578231297
194.04979591836735
194.24421768707484
194.42632653061224
194.5040136054422
194.53244897959183
194.65278911564627
194.88435374149662
195.02972789115645
195.1159863945578
195.17374149659867
195.36374149659866
195.52190476190475
195.58224489795919
195.55006802721087
195.62986394557822
195.75047619047618
195.8769387755102
195.93891156462587
196.0091836734694
196.06938775510207
196.1229931972789
196.1278911564626
196.13537414965987
196.1465306122449
196.20496598639457
196.23863945578233
196.31816326530614
196.40108843537416
196.4538775510204
196.38700680272112
196.32850340136056
196.34639455782312
196.38619047619048
196.44102040816327
196.50333333333333
196.49367346938777
196.48068027210883
196.48904761904762
196.44823129251702
196.34802721088437
196.34421768707483
196.38136054421767
196.34272108843538
196.27170068027212
196.31761904761908
196.34517006802724
196.31074829931973
196.23469387755102
196.24972789115645
196.32197278911565
196.36102040816328
196.36006802721087
196.2592517006803
196.21074829931973
196.18272108843541
196.13224489795917
196.03081632653058
195.8934693877551
195.86462585034013
195.84047619047615
195.85238095238094
195.77027210884353
195.66408163265305
195.5600680272109
195.5187074829932
195.50510204081633
195.4566666666667
195.37319727891156
195.32761904761907
195.2705442176871
195.15795918367348
195.02367346938775
194.94129251700681
194.83244897959185
194.7456462585034
194.6461904761905
194.5778231292517
194.4930612244898
194.43537414965988
194.26421768707485
194.06074829931976
193.8943537414966
193.79863945578234
193.7814285714286
193.7458503401361
193.57619047619045
193.3568027210884
193.19503401360544
193.1390476190476
193.09115646258505
193.0247619047619
192.8457142857143
192.66047619047623
192.44251700680275
192.23646258503402
192.06319727891156
191.98714285714286
191.90666666666664
191.69884353741497
191.48503401360546
191.3014285714286
191.15775510204082
190.95034013605442
190.8452380952381
190.67183673469387
190.49850340136055
190.3248979591837
190.17537414965986
189.84795918367348
189.48843537414967
189.26619047619047
189.14204081632656
188.90115646258505
188.63544217687075
188.48544217687075
188.3134693877551
188.06020408163263
187.78455782312926
187.57646258503405
187.33074829931974
187.04965986394558
186.74156462585034
186.48102040816326
186.23047619047617
185.98687074829934
185.74115646258502
185.53204081632651
185.25510204081633
184.99319727891157
184.715306122449
184.4126530612245
184.1521088435374
183.87891156462587
183.63006802721088
183.26163265306124
182.94088435374147
182.63265306122452
182.35768707482995
182.0412925170068
181.7625170068027
181.53408163265308
181.24258503401362
180.90129251700682
180.57408163265308
180.28333333333333
179.96884353741498
179.6465306122449
179.34380952380954
179.03408163265308
178.68292517006802
178.36265306122448
178.06190476190477
177.7422448979592
177.3948979591837
177.10972789115647
176.7918367346939
176.4927210884354
176.10639455782314
175.7574829931973
175.4808843537415
175.2848979591837
174.8565306122449
174.3886394557823
173.99421768707484
173.79544217687078
173.4818367346939
173.1161224489796
172.77768707482994
172.46108843537417
172.028231292517
171.5604081632653
171.27802721088437
171.09938775510204
170.78020408163263
170.37619047619046
169.99414965986395
169.6818367346939
169.31285714285715
168.87156462585034
168.46891156462584
168.15340136054422
167.85659863945577
167.52013605442176
167.09387755102043
166.7026530612245
166.29299319727892
165.85142857142858
165.43863945578232
165.16632653061225
164.83367346938775
164.42170068027212
164.02455782312927
163.6583673469388
163.23163265306124
162.8560544217687
162.5503401360544
162.15428571428572
161.72510204081632
161.20986394557823
160.76360544217687
160.3560544217687
160.0739455782313
159.6872108843537
159.23687074829934
158.75081632653064
158.31421768707486
157.7660544217687
157.16795918367347
156.72122448979593
156.43986394557822
156.0692517006803
155.61115646258506
155.11231292517007
154.63687074829932
154.14238095238096
153.6689115646259
153.19979591836733
152.77170068027212
152.40414965986395
151.99217687074832
151.64591836734695
151.2540136054422
150.71823129251698
150.0760544217687
149.5952380952381
149.19285714285715
148.71700680272107
148.1742857142857
147.74163265306123
147.31809523809522
146.8058503401361
146.2187074829932
145.8012925170068
145.40326530612248
145.02503401360545
144.43503401360545
144.0012925170068
143.51714285714286
143.08503401360545
142.49891156462587
142.0874149659864
141.60176870748302
141.13843537414965
140.62238095238095
140.1787074829932
139.65489795918364
139.18619047619046
138.80197278911567
138.4647619047619
137.93448979591838
137.36666666666667
136.93884353741495
136.6404081632653
136.25829931972788
135.81795918367348
135.35510204081635
134.95775510204084
134.61687074829933
134.2934693877551
133.8120408163265
133.33605442176872
132.88993197278913
132.52707482993196
132.13231292517008
131.76979591836732
131.35197278911565
130.8886394557823
130.46666666666667
130.0787074829932
129.65755102040816
129.16000000000003
128.64034013605445
128.20496598639457
127.73319727891158
127.2295918367347
126.62714285714286
126.22625850340137
125.83761904761904
125.51224489795918
125.05428571428573
124.64163265306122
124.20551020408163
123.82646258503401
123.35496598639456
122.91530612244898
122.51115646258503
122.1339455782313
121.6795918367347
121.3148299319728
120.8925850340136
120.44319727891155
119.991768707483
119.6060544217687
119.22925170068028
118.88224489795918
118.50047619047619
118.07074829931973
117.7143537414966
117.3056462585034
116.83965986394557
116.42537414965987
116.04448979591837
115.61136054421769
115.1404081632653
114.79829931972789
114.46931972789116
114.1195918367347
113.67
113.22129251700679
112.81034013605442
112.34612244897959
111.93857142857144
111.60891156462586
111.15074829931973
110.67428571428573
110.34482993197278
110.16183673469388
109.76115646258503
109.35965986394558
108.98448979591838
108.70136054421769
108.30768707482993
107.96122448979591
107.60183673469388
107.30394557823129
106.86945578231294
106.46646258503402
106.09591836734694
105.76176870748299
105.3508843537415
104.89619047619047
104.58088435374151
104.27571428571429
103.88367346938776
103.48551020408163
103.17680272108842
102.92585034013605
102.59401360544217
102.22340136054423
101.8625170068027
101.59027210884355
101.20149659863945
100.66299319727892
100.26068027210884
99.94258503401362
99.60333333333334
99.2861224489796
98.99557823129253
98.64258503401362
98.31986394557823
97.98891156462585
97.64238095238096
97.22761904761904
96.92353741496599
96.50204081632651
96.1681632653061
95.82020408163265
95.55326530612246
95.21414965986395
94.92387755102041
94.55496598639456
94.26190476190476
93.93074829931973
93.65224489795919
93.35360544217687
93.11462585034013
92.8243537414966
92.50530612244899
92.29421768707482
92.0239455782313
91.62625850340136
91.28551020408163
91.03809523809522
90.86027210884353
90.58224489795919
90.3382993197279
89.98537414965986
89.67367346938775
89.50496598639457
89.38653061224491
89.1634693877551
88.80340136054423
88.44877551020409
88.06278911564627
87.83659863945579
87.85503401360545
87.77496598639456
87.528231292517
87.18251700680273
87.06761904761905
86.93421768707483
86.84210884353742
86.56972789115646
86.31544217687073
86.06972789115646
85.8552380952381
85.48605442176871
85.21965986394558
85.19482993197279
85.24979591836735
85.16408163265307
85.02931972789116
84.79843537414968
84.57544217687075
84.36408163265307
84.19367346938776
83.998231292517
83.89442176870747
83.65721088435376
83.42149659863946
83.25761904761906
83.24394557823129
83.20469387755102
83.05734693877551
82.81829931972788
82.69360544217687
82.77061224489796
82.6243537414966
82.51306122448979
82.32326530612244
82.15285714285714
81.87210884353742
81.74632653061224
81.60183673469389
81.40904761904764
81.17823129251701
80.9577551020408
80.82700680272109
80.83455782312926
80.7721768707483
80.65115646258504
80.61843537414967
80.6178231292517
80.41721088435374
80.11401360544218
79.80632653061224
79.82149659863946
79.68693877551021
79.51408163265307
79.2074149659864
79.26877551020408
79.2865306122449
79.13707482993198
78.97897959183673
78.89414965986396
78.83299319727891
78.64537414965987
78.5721768707483
78.67156462585034
78.71659863945578
78.64925170068028
78.60020408163265
78.60129251700681
78.46795918367346
78.27585034013605
78.22510204081632
78.35360544217687
78.3738775510204
78.19925170068026
78.1000680272109
78.18074829931973
78.32931972789115
78.23122448979592
78.09571428571428
77.96448979591837
77.96585034013606
78.02115646258503
77.99367346938774
77.91979591836734
77.91476190476192
77.98843537414966
78.16081632653061
78.17727891156461
78.11625850340135
77.98156462585035
78.04374149659864
78.13238095238096
78.20850340136053
78.30986394557823
78.35666666666667
78.4730612244898
78.6378231292517
78.72163265306122
78.75251700680272
78.816462585034
78.97795918367346
79.0055782312925
79.05680272108845
79.03034013605443
79.12993197278912
79.34836734693879
79.60448979591837
79.74510204081633
79.86102040816327
79.97775510204082
80.07789115646258
80.3248299319728
80.71421768707484
81.02945578231292
81.23503401360544
81.44823129251701
81.81312925170069
82.13687074829932
82.21993197278911
82.33789115646258
82.80448979591837
83.16551020408164
83.37312925170068
83.52489795918368
83.91292517006804
84.19863945578231
84.68605442176872
85.07142857142857
85.5157142857143
85.82591836734693
86.20115646258503
86.49863945578232
86.91142857142857
87.23496598639457
87.59095238095239
88.05265306122449
88.61027210884353
89.01707482993197
89.3347619047619
89.67802721088435
90.04925170068026
90.3691836734694
90.65775510204082
90.79000000000002
91.17986394557825
91.69687074829932
92.24707482993199
92.58367346938775
92.8787074829932
93.11163265306124
93.37068027210884
93.7995238095238
94.3025850340136
94.60993197278913
94.83503401360545
95.10224489795918
95.50197278911564
95.72789115646259
95.99789115646259
96.32054421768707
96.77061224489796
97.19074829931974
97.59020408163266
97.95530612244899
98.30408163265307
98.5443537414966
98.7899319727891
99.16013605442177
99.54333333333335
99.91925170068026
100.10340136054421
100.23938775510204
100.4387074829932
100.85612244897959
101.14734693877551
101.31414965986394
101.50142857142858
101.73816326530611
102.04646258503402
102.30986394557823
102.6051700680272
102.79197278911565
102.9938775510204
103.27034013605443
103.59802721088435
103.87802721088434
104.1638775510204
104.42299319727891
104.60707482993197
104.8204761904762
105.20639455782313
105.53857142857143
105.72877551020409
105.87380952380951
106.08299319727891
106.31714285714284
106.43258503401361
106.58591836734695
106.78142857142858
106.90095238095238
106.96163265306123
107.20319727891156
107.4234013605442
107.45496598639457
107.38156462585033
107.40013605442176
107.43027210884355
107.4378911564626
107.41986394557824
107.3504081632653
107.24598639455783
107.14809523809524
107.03537414965987
106.82034013605443
106.53129251700682
106.30108843537415
106.07231292517008
105.75020408163266
105.5078231292517
105.34619047619047
105.21687074829931
104.8147619047619
104.44414965986394
104.09646258503403
103.79102040816329
103.3717006802721
103.0504761904762
102.65054421768708
102.1465306122449
101.66877551020409
101.305306122449
101.02612244897959
100.65639455782312
100.08455782312926
99.52469387755103
99.19462585034015
98.91312925170068
98.38557823129251
97.89578231292518
97.57074829931973
97.19
96.72156462585036
96.23170068027211
95.80761904761906
95.31197278911566
94.8368707482993
94.42074829931973
94.06904761904762
93.72741496598641
93.42380952380952
93.13802721088436
92.84639455782313
92.5043537414966
92.14353741496599
91.75170068027211
91.36965986394557
91.01748299319729
90.60598639455783
90.20836734693879
89.95993197278912
89.721768707483
89.45408163265307
89.20469387755102
88.97170068027212
88.61802721088435
88.25619047619048
88.02510204081634
87.72619047619047
87.42714285714285
87.13625850340136
86.95823129251701
86.65496598639456
86.42170068027211
86.16591836734695
85.86700680272111
85.56156462585035
85.44748299319728
85.23244897959185
84.81877551020409
84.5005442176871
84.25285714285715
83.94469387755102
83.57367346938776
83.31503401360544
83.14013605442177
82.98598639455783
82.76734693877552
82.48231292517008
82.20802721088435
81.96843537414966
81.79591836734696
81.78680272108845
81.68244897959184
81.45503401360544
81.19965986394557
81.08047619047619
80.91020408163266
80.80551020408163
80.71965986394558
80.68285714285715
80.44775510204082
80.12884353741497
79.83095238095238
79.78428571428572
79.79714285714286
79.64619047619047
79.4752380952381
79.30863945578231
79.24496598639456
79.1591156462585
79.19340136054421
79.09918367346938
79.06380952380951
79.07938775510203
79.13115646258504
79.04040816326531
78.92850340136054
78.97530612244898
79.02408163265306
79.03387755102041
78.97156462585033
78.9656462585034
78.91210884353742
78.95748299319729
79.0061224489796
79.00238095238095
78.88877551020407
78.77925170068028
78.74251700680273
78.83047619047619
78.87197278911565
78.95993197278912
78.93061224489796
79.05142857142857
79.06945578231293
79.0743537414966
78.99727891156463
79.08850340136054
79.22986394557823
79.28401360544218
79.38142857142859
79.40482993197278
79.51918367346939
79.6465306122449
79.83673469387756
79.83272108843538
79.91136054421769
79.95979591836735
80.13176870748299
80.33006802721088
80.5091836734694
80.4669387755102
80.49272108843536
80.68353741496598
80.90156462585034
80.95285714285714
81.06510204081633
81.21136054421768
81.5039455782313
81.73891156462585
81.91673469387756
81.92278911564627
81.99115646258502
82.08659863945579
82.29986394557824
82.36319727891157
82.59551020408162
82.7852380952381
82.87952380952382
82.81006802721089
82.84108843537416
82.82700680272109
82.84775510204082
82.89653061224489
83.03027210884353
83.13884353741497
83.41884353741497
83.65306122448979
84.02816326530612
84.34353741496598
84.68455782312925
84.96557823129254
85.30312925170068
85.54891156462587
85.64802721088435
85.69721088435375
85.86965986394559
86.2108843537415
86.33897959183675
86.27897959183673
86.30265306122449
86.46299319727892
86.6709523809524
86.77836734693878
86.73374149659864
86.69448979591837
86.84210884353743
87.17517006802721
87.36122448979592
87.46632653061224
87.5274149659864
87.71224489795918
87.91428571428571
88.09931972789116
88.27102040816327
88.31816326530614
88.33210884353743
88.51455782312925
88.8504761904762
88.97761904761906
88.95142857142858
88.93455782312925
89.10931972789118
89.35108843537415
89.51312925170069
89.64326530612244
89.87721088435374
90.1718367346939
90.25680272108843
90.2570068027211
90.281768707483
90.41938775510204
90.57809523809524
90.77795918367347
90.99931972789115
91.09251700680272
91.26585034013605
91.5325850340136
91.90163265306121
92.11142857142858
92.33333333333334
92.70863945578232
93.14238095238096
93.6369387755102
94.00707482993197
94.27857142857144
94.56197278911564
94.86142857142858
95.16687074829932
95.40476190476191
95.87469387755102
96.24170068027212
96.72292517006804
97.10374149659864
97.61802721088435
98.12530612244898
98.83251700680272
99.30666666666667
99.80115646258504
100.42197278911564
101.2330612244898
102.00122448979593
102.8874149659864
103.87925170068027
105.02142857142856
106.24401360544218
107.35136054421767
108.59687074829932
109.89795918367348
111.3330612244898
112.71544217687075
114.28578231292516
115.76421768707482
117.13816326530613
118.3595918367347
119.35952380952382
120.19272108843538
120.73278911564627
121.10149659863946
121.22081632653062
121.23836734693876
121.2665986394558
121.47156462585033
121.67680272108845
121.855306122449
121.93863945578232
121.87360544217687
121.59115646258505
121.53972789115646
121.57374149659864
121.81312925170069
122.01625850340136
122.48578231292517
122.94639455782313
123.52598639455783
124.11265306122448
124.56911564625852
124.78442176870749
124.87598639455783
124.96625850340136
124.91551020408163
124.87557823129251
124.95095238095239
125.0804081632653
125.21578231292517
125.52557823129251
126.17272108843538
126.75442176870749
127.02272108843538
127.33809523809524
127.74333333333334
127.78809523809524
127.23850340136055
126.47734693877551
125.59163265306121
124.62183673469389
123.47884353741496
122.38816326530613
121.28142857142856
120.16925170068028
118.86857142857143
117.65244897959185
116.2652380952381
114.60700680272109
112.66612244897959
110.36687074829932
107.67421768707482
105.02448979591836
102.76034013605442
100.73020408163265
98.87455782312925
97.03707482993197
95.11632653061226
93.20122448979592
91.49659863945578
89.86360544217686
88.41455782312926
87.0395918367347
85.58102040816327
84.10891156462586
82.55850340136055
81.0425850340136
79.5604761904762
78.28047619047618
76.90850340136055
75.74421768707484
74.56639455782314
73.39374149659864
72.07190476190476
70.89170068027212
69.9043537414966
68.90748299319729
67.60551020408164
66.1491836734694
64.97360544217688
63.95006802721089
63.084761904761905
62.085578231292516
61.11489795918368
60.23210884353742
59.65244897959184
59.40408163265306
59.13802721088435
58.57442176870748
57.71251700680272
56.826122448979596
55.92068027210885
54.86333333333333
53.62693877551021
52.04959183673469
50.49585034013605
49.03530612244895
47.66557823129251
