151.86620748299327
152.03517006802718
152.45557823129255
152.77105442176872
152.9579931972789
153.04207482993198
153.17238095238096
153.17445578231292
153.03146258503398
153.03425170068027
153.07911564625851
153.03744897959186
152.76659863945576
152.4051360544218
152.1779931972789
152.20482993197282
152.3646598639456
152.53156462585036
152.66272108843538
152.74527210884355
152.66156462585036
152.3886394557823
152.12969387755103
152.02925170068028
152.11387755102044
152.1438775510204
152.0893537414966
151.8508843537415
151.84925170068027
151.9498299319728
151.99091836734692
151.83897959183673
151.75251700680275
151.72316326530614
151.72163265306125
151.74972789115645
151.66476190476192
151.45581632653062
151.22149659863948
151.214693877551
151.4073469387755
151.63544217687075
151.70333333333335
151.70078231292518
151.65312925170068
151.59622448979593
151.4956462585034
151.44598639455785
151.50591836734694
151.52275510204083
151.39326530612243
151.2833673469388
151.30952380952382
151.36673469387756
151.36979591836734
151.41697278911562
151.49738095238092
151.5471768707483
151.6057142857143
151.65102040816325
151.69414965986394
151.7224149659864
151.76044217687075
151.75438775510202
151.69996598639455
151.6348979591837
151.6744897959184
151.83792517006802
151.91357142857146
151.78547619047617
151.50588435374152
151.33285714285716
151.3942517006803
151.63551020408164
151.88401360544216
152.01442176870748
152.09309523809526
152.1250680272109
152.2191836734694
152.20122448979592
152.1258843537415
152.05670068027212
152.0541836734694
151.99350340136056
151.920306122449
151.88979591836735
151.91401360544216
151.99292517006802
152.17574829931974
152.30809523809523
152.368537414966
152.2915306122449
152.24554421768707
152.30061224489796
152.46891156462584
152.47795918367348
152.36850340136056
152.2948979591837
152.35785714285714
152.3712244897959
152.48265306122448
152.66370748299323
152.8000680272109
152.84370748299318
153.0029931972789
153.25731292517008
153.44622448979595
153.61108843537414
153.86673469387753
154.11914965986395
154.432074829932
154.7398299319728
155.02231292517007
155.26142857142858
155.53479591836737
155.72721088435375
155.8684693877551
156.15285714285716
156.46234693877554
156.7841156462585
157.17142857142858
157.70612244897958
158.22768707482993
158.58574829931973
158.7184693877551
158.93782312925168
159.28336734693877
159.6087414965986
159.70969387755102
159.947925170068
160.16962585034014
160.41608843537415
160.63387755102042
161.0437074829932
161.3968707482993
161.70115646258503
162.07591836734693
162.55710884353743
162.95853741496597
163.38894557823127
163.9225170068027
164.5369387755102
165.07391156462586
165.61914965986395
166.04938775510203
166.49704081632655
166.97693877551023
167.5847278911565
168.2210544217687
168.95323129251702
169.70057823129252
170.34996598639458
170.87428571428572
171.39302721088436
171.9024149659864
172.41244897959183
172.9743537414966
173.64261904761904
174.34819727891158
175.09996598639458
175.71602040816327
176.35880952380953
177.09500000000003
177.89333333333335
178.67608843537414
179.6072789115646
180.61472789115646
181.52632653061224
182.4062925170068
183.3871768707483
184.3621768707483
185.2094897959184
185.8774829931973
186.68418367346942
187.62948979591837
188.57653061224488
189.35772108843537
190.20619047619047
191.14496598639457
192.02585034013606
192.8176530612245
193.63462585034011
194.48397959183674
195.40986394557825
196.28887755102042
197.02023809523808
197.6813605442177
198.49755102040817
199.40272108843538
200.2687074829932
201.06622448979593
201.83748299319728
202.59438775510208
203.3470408163265
204.0655442176871
204.79435374149662
205.4915306122449
206.23785714285714
206.97561224489797
207.68251700680273
208.30901360544217
209.0305782312925
209.73323129251702
210.3618707482993
210.85595238095237
211.4183673469388
212.01479591836735
212.63459183673467
213.07690476190479
213.5795238095238
214.08411564625857
214.58374149659866
214.98619047619053
215.35802721088436
215.76846938775512
216.15928571428572
216.54210884353742
216.86850340136053
217.16455782312926
217.44391156462586
217.7361224489796
218.035918367347
218.29778911564625
218.54187074829935
218.76602040816329
218.9562925170068
219.13115646258507
219.31357142857144
219.4410544217687
219.5595238095238
219.67778911564625
219.81479591836734
219.8993197278912
219.87027210884355
219.81295918367348
219.81690476190477
219.8137074829932
219.74302721088438
219.66554421768708
219.63904761904763
219.51768707482995
219.34421768707483
219.17326530612246
218.99568027210884
218.7311904761905
218.54622448979595
218.36326530612246
218.1411904761905
217.87717687074831
217.64404761904763
217.2995918367347
216.9715306122449
216.6872448979592
216.32051020408164
215.9332993197279
215.59200680272107
215.25656462585036
214.79295918367347
214.3115306122449
213.89809523809524
213.52102040816328
213.12666666666667
212.7033673469388
212.22942176870748
211.7586054421769
211.243231292517
210.8301700680272
210.42173469387757
209.94785714285715
209.36091836734693
208.83833333333334
208.36493197278912
207.8838775510204
207.3902380952381
206.84598639455783
206.2925850340136
205.82221088435375
205.35602040816323
204.88472789115644
204.42493197278912
204.01690476190475
203.57091836734693
203.18380952380954
202.77782312925171
202.3455782312925
201.90836734693877
201.51428571428573
201.14455782312928
200.77775510204083
200.41867346938776
200.0883673469388
199.78857142857143
199.528231292517
199.2793537414966
199.06721088435373
198.796768707483
198.5897619047619
198.37724489795917
198.23857142857142
198.08486394557823
197.97285714285715
197.82874149659864
197.70938775510203
197.62234693877554
197.54561224489797
197.46122448979594
197.38343537414966
197.22632653061225
197.11979591836734
197.09506802721089
197.09938775510204
197.03972789115645
197.05438775510208
197.19159863945578
197.3560544217687
197.42200680272109
197.38833333333332
197.42530612244897
197.57034013605443
197.78904761904764
197.90319727891156
197.9424149659864
197.92244897959188
197.99741496598642
198.12710884353743
198.25340136054422
198.29707482993197
198.33268707482995
198.39108843537417
198.4545238095238
198.45105442176873
198.50017006802722
198.56704081632654
198.62663265306122
198.6688095238095
198.68874149659862
198.6471768707483
198.63952380952384
198.7580612244898
198.88278911564626
198.9431632653061
198.9574149659864
199.00945578231293
199.01166666666668
198.94408163265305
198.84938775510207
198.86057823129255
198.93350340136055
198.99421768707484
198.99360544217691
199.0057823129252
199.03003401360542
199.02714285714285
199.02799319727893
199.02551020408163
199.00051020408162
198.97207482993198
198.96132653061227
198.9490136054422
198.89666666666668
198.91605442176868
198.9275170068027
198.94006802721088
198.86697278911566
198.78527210884357
198.72993197278913
198.64625850340138
198.62163265306123
198.6457142857143
198.7512925170068
198.81183673469386
198.78170068027214
198.66326530612247
198.53265306122452
198.49622448979596
198.40938775510205
198.33122448979591
198.29690476190476
198.31020408163263
198.25139455782312
198.18656462585034
198.12965986394556
198.12874149659865
198.07238095238097
197.99170068027212
197.8784693877551
197.81102040816327
197.76510204081634
197.78343537414966
197.75081632653064
197.64119047619045
197.53513605442177
197.49972789115645
197.413231292517
197.26802721088436
197.09625850340137
196.90486394557823
196.7847619047619
196.7636394557823
196.81261904761902
196.75085034013605
196.6207142857143
196.45397959183674
196.31057823129254
196.15857142857146
196.06387755102043
195.9678231292517
195.96037414965986
195.89176870748298
195.75214285714287
195.53996598639455
195.5191156462585
195.46799319727893
195.33316326530613
195.18394557823132
195.14659863945582
195.07289115646262
194.84887755102042
194.63989795918368
194.53833333333336
194.43340136054422
194.2493197278912
194.08741496598643
194.02193877551022
193.84901360544217
193.66316326530614
193.4492857142857
193.3265986394558
193.24125850340135
193.0580612244898
192.7677210884354
192.5683673469388
192.56074829931973
192.4470068027211
192.21540816326532
192.0172448979592
191.8997619047619
191.75836734693877
191.611768707483
191.43163265306126
191.19520408163265
190.9341836734694
190.69629251700678
190.4724149659864
190.20251700680274
189.961768707483
189.75965986394556
189.62139455782315
189.47503401360547
189.26476190476188
189.02187074829934
188.75884353741498
188.49632653061224
188.26826530612246
188.08666666666664
187.8703401360544
187.6771088435374
187.5061224489796
187.25608843537418
186.91663265306124
186.62772108843538
186.36438775510206
186.08251700680273
185.83547619047621
185.59153061224492
185.27493197278912
184.9632993197279
184.6829931972789
184.41255102040816
184.09261904761905
183.77292517006802
183.42642857142857
183.0828911564626
182.77877551020407
182.45642857142857
182.16193877551024
181.90673469387758
181.65329931972792
181.33642857142857
180.9910884353742
180.73928571428573
180.45557823129255
180.08945578231294
179.63221088435375
179.28139455782315
179.0660204081633
178.81040816326532
178.45353741496598
178.08819727891157
177.7467006802721
177.45880952380952
177.14503401360543
176.90309523809526
176.49884353741498
176.06700680272107
175.67928571428573
175.38897959183674
175.0687755102041
174.65537414965988
174.23469387755102
173.82721088435375
173.5211224489796
173.1792176870748
172.9299319727891
172.7258843537415
172.41445578231293
172.0244557823129
171.64091836734693
171.32129251700678
170.87238095238095
170.52217687074832
170.21476190476193
169.91037414965987
169.50183673469388
169.11156462585035
168.79877551020408
168.46874149659865
168.03105442176872
167.57051020408164
167.19823129251702
166.8830612244898
166.495306122449
166.06187074829933
165.71333333333337
165.37918367346938
165.0211224489796
164.57785714285714
164.25363945578232
164.01044217687075
163.7600680272109
163.3009523809524
162.78826530612247
162.34921768707483
161.96785714285716
161.63299319727895
161.27476190476193
160.87221088435376
160.38605442176873
159.97687074829935
159.61333333333334
159.21768707482994
158.7537755102041
158.31278911564627
157.98544217687078
157.66180272108846
157.22207482993196
156.7430612244898
156.31765306122446
155.8554081632653
155.29292517006803
154.80244897959182
154.42027210884353
154.02632653061224
153.54384353741497
153.04023809523812
152.6290136054422
152.266462585034
151.77602040816325
151.23608843537414
150.819387755102
150.48197278911567
150.02496598639456
149.49965986394557
149.06714285714284
148.72472789115645
148.3121088435374
147.8105442176871
147.33741496598637
146.9647619047619
146.49387755102043
146.00792517006806
145.58608843537417
145.16884353741494
144.64836734693878
144.148537414966
143.69261904761908
143.23867346938778
142.7896598639456
142.36850340136056
141.9489455782313
141.5372448979592
141.09336734693878
140.63397959183675
140.1652380952381
139.78187074829933
139.39544217687074
138.93632653061223
138.37894557823128
137.95054421768708
137.6563605442177
137.25221088435376
136.8265306122449
136.39384353741497
135.9946598639456
135.5522448979592
135.16625850340137
134.76880952380952
134.39272108843537
134.08748299319728
133.7848299319728
133.46278911564627
133.07551020408164
132.70207482993197
132.37714285714287
132.0291156462585
131.5658163265306
131.04102040816326
130.6301700680272
130.3584013605442
130.08465986394557
129.77673469387753
129.43540816326532
129.03853741496602
128.64176870748298
128.38659863945577
128.16690476190476
127.80323129251701
127.42299319727891
127.10353741496598
126.77360544217687
126.48343537414966
126.09081632653061
125.69316326530613
125.34717687074831
125.04846938775512
124.57819727891157
124.12414965986395
123.83755102040816
123.62367346938777
123.34530612244899
123.00496598639457
122.56309523809524
122.11727891156463
121.81357142857144
121.52071428571429
121.11595238095238
120.67748299319729
120.38102040816327
120.14159863945578
119.85891156462586
119.54948979591836
119.15326530612245
118.67642857142857
118.21666666666667
117.85653061224488
117.50969387755103
117.10323129251701
116.69122448979591
116.25959183673469
115.85721088435375
115.47670068027213
115.21931972789116
114.91534013605443
114.57302721088436
114.24190476190476
113.89816326530612
113.57251700680271
113.21408163265306
112.85278911564625
112.50414965986394
112.20551020408163
111.84326530612245
111.44666666666669
111.11153061224492
110.83959183673471
110.42510204081634
110.09860544217686
109.75275510204081
109.57350340136054
109.16010204081634
108.80908163265306
108.45057823129252
108.26183673469387
107.88231292517007
107.4319387755102
106.96248299319728
106.60632653061225
106.31469387755102
106.0543537414966
105.7188775510204
105.34965986394559
104.99921768707483
104.76465986394558
104.40530612244898
104.04006802721089
103.70993197278912
103.40278911564626
103.04244897959184
102.84221088435373
102.64197278911564
102.26612244897959
101.81527210884354
101.50374149659865
101.18632653061225
100.94683673469387
100.63040816326532
100.27863945578233
99.9752380952381
99.87649659863946
99.7189455782313
99.43680272108844
99.16455782312926
98.78081632653061
98.44687074829933
98.24493197278913
98.0604081632653
97.62506802721089
97.20537414965987
96.95962585034013
96.76979591836735
96.56380952380954
96.28064625850341
96.01574829931972
95.75717687074831
95.57163265306122
95.35248299319728
95.10227891156462
94.94608843537415
94.7689455782313
94.59244897959184
94.34959183673469
94.11812925170068
93.76350340136054
93.42527210884353
93.21013605442177
93.02724489795918
92.81020408163266
92.58554421768707
92.35486394557823
92.08955782312925
91.86574829931973
91.76748299319728
91.68387755102042
91.49340136054423
91.0852380952381
90.71598639455783
90.58649659863946
90.52670068027211
90.38323129251701
90.22261904761905
90.19455782312924
90.03853741496599
89.76353741496598
89.53190476190477
89.41551020408164
89.31319727891157
89.16452380952381
89.0865306122449
89.05510204081632
88.8988775510204
88.64884353741496
88.4582993197279
88.36312925170068
88.2430612244898
88.01564625850341
87.77639455782312
87.62496598639457
87.57513605442176
87.53285714285715
87.46857142857142
87.44479591836735
87.32666666666667
87.2065306122449
87.14115646258503
87.10173469387755
86.90068027210884
86.73897959183674
86.60918367346939
86.50585034013605
86.29425170068028
86.15183673469387
86.045
85.98091836734693
85.91010204081633
85.91108843537415
85.93891156462585
85.86704081632654
85.76472789115647
85.68993197278913
85.67462585034015
85.72527210884354
85.73394557823129
85.65738095238095
85.64673469387756
85.72452380952382
85.6710544217687
85.5402380952381
85.55190476190477
85.66612244897959
85.64142857142858
85.44615646258504
85.35591836734694
85.33224489795919
85.3720068027211
85.38275510204082
85.40557823129252
85.53102040816327
85.7068367346939
85.73826530612246
85.66336734693877
85.62901360544217
85.61455782312926
85.70945578231292
85.8962925170068
85.95663265306123
85.7876530612245
85.76877551020408
85.74401360544218
85.81581632653061
85.92448979591838
86.06809523809525
86.10948979591836
86.16193877551021
86.35721088435375
86.61139455782315
86.86897959183673
86.94265306122449
87.04887755102041
87.22102040816327
87.4347619047619
87.4557142857143
87.54003401360544
87.83768707482994
88.2961224489796
88.63227891156463
88.91581632653063
89.17993197278912
89.35374149659864
89.43901360544217
89.66666666666666
90.02993197278911
90.46693877551022
90.94187074829932
91.33772108843539
91.55496598639456
91.74309523809524
92.123537414966
92.50778911564626
92.91931972789115
93.3005782312925
93.8308843537415
94.2608843537415
94.69367346938776
95.15173469387756
95.74826530612245
96.20020408163265
96.48030612244898
96.85176870748299
97.3361224489796
97.78880952380953
98.08299319727892
98.55986394557823
99.12513605442177
99.72129251700682
100.07738095238096
100.5345918367347
100.91183673469388
101.41952380952381
101.89996598639456
102.39598639455781
102.79615646258503
103.32255102040817
103.85877551020408
104.20714285714286
104.52585034013607
104.94142857142856
105.4194217687075
105.93238095238095
106.43404761904763
106.94925170068026
107.3524829931973
107.71360544217687
107.98455782312925
108.36472789115646
108.7778231292517
109.26333333333335
109.68272108843539
110.14346938775512
110.44704081632655
110.73707482993198
111.02227891156463
111.44057823129252
111.83455782312926
112.21309523809525
112.50414965986396
112.73357142857144
113.09312925170069
113.48023809523811
113.81139455782314
114.05034013605442
114.41595238095239
114.76761904761905
115.0262925170068
115.25758503401362
115.47013605442177
115.81180272108844
116.14782312925169
116.41877551020409
116.66074829931974
116.85119047619048
117.01605442176871
117.22493197278912
117.56554421768708
117.90826530612244
118.09605442176871
118.2587074829932
118.38421768707484
118.70037414965988
119.08292517006802
119.51020408163266
119.74350340136056
119.88248299319729
120.01493197278911
120.20663265306123
120.40598639455783
120.5886394557823
120.65482993197278
120.77071428571429
121.02527210884354
121.27248299319729
121.2424149659864
121.18268707482994
121.24867346938777
121.28911564625851
121.19544217687076
121.06897959183674
121.05697278911565
121.01068027210884
121.02013605442177
120.92557823129253
120.70792517006802
120.4010544217687
120.1930612244898
120.02156462585035
119.70020408163266
119.3598299319728
119.11023809523809
119.08360544217688
118.87350340136055
118.53965986394559
118.1361224489796
117.72003401360544
117.28183673469388
116.9095238095238
116.68908163265306
116.34632653061226
115.9304761904762
115.48377551020408
115.10037414965986
114.56227891156463
114.00663265306123
113.54904761904763
113.23272108843537
112.84159863945578
112.37785714285714
111.89880952380953
111.51557823129252
111.12163265306123
110.70085034013604
110.27125850340136
109.87976190476189
109.4608843537415
109.03445578231293
108.51942176870747
108.1091836734694
107.67877551020408
107.31867346938776
106.94591836734693
106.60323129251702
106.15156462585036
105.72391156462585
105.32642857142856
104.91517006802721
104.48819727891157
104.07931972789116
103.68391156462584
103.48799319727891
103.21472789115646
102.81190476190476
102.42595238095238
102.1543537414966
101.77816326530612
101.33255102040816
101.02149659863946
100.78136054421769
100.46595238095239
100.090306122449
99.72534013605443
99.45384353741497
99.19166666666668
98.89006802721089
98.63901360544219
98.38074829931972
98.10452380952381
97.75496598639455
97.44823129251702
97.21959183673468
96.8956462585034
96.51687074829931
96.17476190476191
95.90870748299321
95.5765306122449
95.30557823129253
95.15360544217687
94.92027210884355
94.48115646258503
94.08976190476191
93.94343537414966
93.87493197278913
93.61357142857143
93.27255102040816
93.02578231292516
92.89738095238096
92.82316326530614
92.68346938775511
92.5212925170068
92.40595238095239
92.26925170068027
92.07908163265307
91.91738095238097
91.77017006802721
91.45591836734694
91.25853741496599
91.25244897959183
91.28751700680272
91.18173469387756
91.08159863945579
91.08401360544218
90.98278911564627
90.63166666666666
90.42795918367347
90.47982993197277
90.4787074829932
90.35136054421768
90.38659863945577
90.37880952380952
90.32061224489796
90.2826530612245
90.34374149659864
90.2989455782313
90.30428571428571
90.28251700680272
90.23472789115647
90.20034013605442
90.10996598639457
90.04761904761905
90.02874149659866
90.16176870748299
90.17894557823129
90.23268707482994
90.31772108843538
90.39295918367348
90.39897959183673
90.42204081632653
90.49612244897959
90.52139455782313
90.57411564625852
90.60452380952381
90.64193877551021
90.7595918367347
90.95210884353742
91.05744897959183
91.05884353741496
91.08833333333334
91.23843537414967
91.35309523809522
91.45938775510204
91.54707482993197
91.78115646258505
92.04636054421769
92.20513605442179
92.17775510204083
92.23969387755102
92.39656462585035
92.66309523809524
92.89897959183673
93.06802721088437
93.17880952380952
93.23387755102041
93.37721088435374
93.60197278911565
93.81534013605442
93.93295918367347
93.97748299319727
94.12122448979594
94.2856462585034
94.38363945578232
94.38125850340137
94.4230612244898
94.61710884353742
94.89829931972788
95.13122448979593
95.29666666666667
95.47360544217688
95.62068027210884
95.70680272108845
95.74479591836734
95.85275510204082
95.91129251700681
96.06231292517006
96.12959183673469
96.42721088435374
96.62333333333332
97.04989795918367
97.29948979591836
97.6325850340136
97.67017006802722
97.92863945578233
98.12221088435376
98.34258503401361
98.59448979591838
98.80843537414967
98.97482993197279
99.08714285714287
99.26622448979592
99.37190476190477
99.36282312925171
99.38391156462585
99.52268707482995
99.71602040816327
99.77037414965987
99.81826530612247
99.96496598639456
100.15047619047621
100.38255102040817
100.51336734693876
100.63445578231293
100.75547619047619
100.96163265306122
101.22068027210884
101.49506802721086
101.61710884353741
101.65853741496599
101.82656462585035
102.18
102.46098639455784
102.60241496598641
102.72955782312926
102.8091156462585
102.89625850340138
102.96455782312924
103.28595238095238
103.50608843537415
103.72945578231294
103.8860544217687
104.24942176870749
104.5623469387755
104.8834693877551
105.17826530612244
105.56333333333333
105.89598639455784
106.20268707482994
106.49666666666667
106.72459183673469
107.00857142857143
107.53108843537414
108.16397959183674
108.62329931972789
108.90962585034012
109.2779931972789
109.75261904761905
110.29989795918368
110.88452380952381
111.53210884353742
112.14455782312925
112.66343537414966
113.37833333333333
114.14989795918366
115.11078231292518
116.13836734693878
117.29622448979592
118.39187074829931
119.54061224489796
120.89615646258503
122.30034013605442
123.77829931972789
125.17003401360543
126.72850340136054
128.32384353741497
129.8525170068027
131.29343537414965
132.73051020408167
134.1576530612245
135.23238095238096
135.89520408163264
136.28227891156462
136.63204081632654
136.8844217687075
137.02561224489796
137.0405442176871
137.1277551020408
137.22938775510207
137.3821768707483
137.42884353741493
137.5628231292517
137.72731292517008
137.98557823129255
138.18336734693878
138.3233673469388
138.40591836734694
138.5704761904762
138.82860544217687
139.17319727891157
139.38948979591834
139.45421768707482
139.4463945578231
139.4527551020408
139.44156462585036
139.4376870748299
139.35091836734694
139.27598639455778
139.35500000000002
139.58241496598643
139.7189115646259
139.81799319727892
140.08156462585035
140.50438775510202
141.02727891156462
141.44285714285712
141.82435374149662
141.91350340136057
141.7764285714286
141.48404761904763
141.2234353741497
140.678231292517
139.8579931972789
139.09340136054425
138.48166666666668
137.6907823129252
136.39006802721087
134.88326530612247
133.1497278911565
131.03816326530614
128.4160544217687
125.82897959183674
123.41408163265308
121.33037414965987
119.3010544217687
117.11479591836735
114.76136054421768
112.4658843537415
110.47071428571428
108.8461224489796
107.32122448979592
105.63132653061226
103.77173469387756
102.11897959183673
100.409693877551
98.88085034013605
97.3178231292517
95.94863945578233
94.67904761904761
93.55506802721088
92.32921768707484
91.00554421768707
89.77170068027212
88.79125850340137
87.76510204081634
86.6270068027211
85.24105442176872
83.8563605442177
82.56812925170068
81.43527210884355
80.53948979591837
79.4122448979592
78.3883673469388
77.51551020408164
77.18761904761905
76.79802721088434
76.42217687074829
75.7160544217687
74.85530612244898
73.71108843537417
72.64554421768707
71.3307142857143
69.89166666666668
68.16710884353742
66.53085034013606
64.86078231292514
63.099982993197244
