138.13755102040818
138.1307482993197
138.31340136054422
138.48850340136053
138.55455782312924
138.49081632653062
138.42333333333337
138.31047619047618
138.27755102040817
138.24278911564625
138.23292517006803
138.04585034013604
137.84455782312926
137.54945578231295
137.28340136054422
137.15829931972792
137.2448299319728
137.35965986394558
137.34190476190477
137.33387755102044
137.24755102040817
137.1965306122449
137.03496598639455
136.84129251700682
136.5692517006803
136.5360544217687
136.56687074829932
136.6683673469388
136.60789115646259
136.6473469387755
136.69551020408164
136.70646258503402
136.51782312925172
136.32755102040815
136.23544217687075
136.21428571428572
136.13278911564626
136.05
135.911768707483
135.90421768707483
135.9865306122449
136.23687074829934
136.37142857142857
136.39884353741496
136.41163265306122
136.40115646258502
136.34401360544217
136.20775510204084
136.15945578231293
136.0126530612245
135.9534693877551
135.92061224489794
135.97598639455782
136.10870748299322
136.132925170068
136.13068027210886
136.21761904761905
136.41469387755103
136.48163265306124
136.49809523809523
136.59761904761905
136.58238095238096
136.56251700680275
136.4731292517007
136.46809523809526
136.4131292517007
136.45877551020408
136.5408843537415
136.5191156462585
136.44129251700681
136.31598639455785
136.22945578231293
136.2214285714286
136.32020408163268
136.56721088435376
136.75129251700682
136.89414965986396
136.8321088435374
136.8474149659864
136.83850340136053
136.83986394557823
136.76448979591837
136.68680272108844
136.51034013605442
136.48469387755102
136.4612925170068
136.48755102040815
136.48802721088435
136.64795918367346
136.62802721088437
136.70122448979595
136.73986394557824
136.9191156462585
136.89768707482992
136.9345578231293
136.85768707482993
136.82897959183674
136.66775510204081
136.6655782312925
136.7199319727891
136.88639455782314
136.9678231292517
137.1121088435374
137.15897959183678
137.18163265306123
137.25952380952384
137.51653061224494
138.0104761904762
138.32142857142856
138.55768707482991
138.73802721088435
139.21197278911566
139.47965986394559
139.74367346938774
139.95102040816323
140.23925170068028
140.41387755102042
140.75802721088434
141.1200680272109
141.5891156462585
142.00020408163266
142.46979591836734
142.81585034013608
143.12020408163266
143.3536054421769
143.60795918367347
143.821156462585
144.0227210884354
144.1765306122449
144.4095918367347
144.66979591836736
144.96693877551024
145.26952380952383
145.53530612244896
145.77503401360542
145.97176870748302
146.29551020408164
146.6661224489796
147.08979591836732
147.53095238095239
148.0116326530612
148.52333333333337
149.10183673469388
149.54244897959182
149.86489795918368
150.22857142857143
150.78156462585034
151.34319727891153
151.87374149659863
152.47244897959183
153.0308843537415
153.6125850340136
154.09238095238095
154.50829931972788
154.8295238095238
155.23340136054424
155.72115646258504
156.2848299319728
156.8287074829932
157.25034013605443
157.6608843537415
158.28040816326532
159.0465306122449
159.87360544217688
160.64238095238096
161.4482993197279
162.26061224489797
163.12448979591838
163.8744217687075
164.65414965986395
165.45517006802723
166.28421768707483
167.1152380952381
168.08428571428573
168.98142857142858
169.84020408163266
170.7295238095238
171.72408163265305
172.69231292517009
173.75537414965987
174.9257142857143
176.3234693877551
177.68312925170068
179.02054421768707
180.21190476190475
181.51278911564629
182.8338775510204
184.33292517006805
185.69340136054421
187.0395238095238
188.2348299319728
189.37700680272107
190.41802721088436
191.61224489795921
192.83401360544218
193.98979591836735
195.07027210884354
196.1940136054422
197.31367346938777
198.36952380952383
199.28061224489795
200.3042176870748
201.31034013605444
202.31482993197278
203.20238095238093
204.07462585034014
204.88734693877555
205.74714285714285
206.50068027210884
207.19510204081632
207.89462585034013
208.70666666666668
209.47217687074829
210.26115646258503
210.87238095238095
211.42551020408166
212.0070068027211
212.7191836734694
213.26721088435377
213.7808163265306
214.28360544217685
214.8139455782313
215.25564625850342
215.65129251700682
215.97530612244898
216.3269387755102
216.75721088435375
217.20503401360546
217.48544217687078
217.68149659863948
217.9212925170068
218.17700680272108
218.35673469387757
218.4992517006803
218.55857142857144
218.63020408163266
218.71489795918365
218.88122448979593
218.88829931972788
218.8856462585034
218.86972789115646
218.85503401360543
218.71714285714285
218.49047619047622
218.27102040816328
218.02176870748298
217.8456462585034
217.63605442176868
217.44585034013605
217.1356462585034
216.71272108843536
216.26496598639454
215.90448979591835
215.5378231292517
215.0906802721088
214.6095918367347
214.18238095238095
213.66591836734693
213.12340136054422
212.52319727891157
212.06251700680275
211.56714285714287
211.00761904761904
210.30782312925172
209.6240816326531
209.05102040816328
208.4638775510204
207.88421768707485
207.1936054421769
206.58897959183673
205.96598639455783
205.36442176870747
204.64000000000001
203.97993197278913
203.39598639455784
202.74557823129254
201.98142857142858
201.22156462585036
200.62088435374147
200.1205442176871
199.60285714285715
198.9934693877551
198.4748979591837
198.0131292517007
197.4678911564626
196.86517006802723
196.36877551020407
195.95489795918365
195.5518367346939
195.15897959183675
194.77238095238096
194.40210884353743
194.05768707482994
193.7236054421769
193.43993197278914
193.2056462585034
193.01959183673472
192.75047619047618
192.52632653061227
192.34571428571428
192.25489795918367
192.1101360544218
192.00081632653058
191.83931972789117
191.71136054421768
191.53081632653064
191.3714285714286
191.36653061224493
191.50102040816324
191.63571428571427
191.6209523809524
191.63428571428574
191.66380952380953
191.7587755102041
191.88673469387757
192.01428571428573
192.14380952380952
192.25904761904764
192.47612244897962
192.66598639455782
192.8270068027211
192.91680272108846
192.96163265306123
193.06721088435376
193.23285714285714
193.4426530612245
193.52183673469386
193.63040816326532
193.72551020408164
193.9161224489796
194.12619047619046
194.32285714285715
194.47993197278913
194.59204081632652
194.6487074829932
194.76945578231295
194.83074829931974
194.86727891156463
194.91891156462586
195.12931972789113
195.2312925170068
195.30687074829933
195.3560544217687
195.52972789115648
195.6360544217687
195.6252380952381
195.5861904761905
195.68312925170068
195.70897959183674
195.6821088435374
195.74904761904764
195.86598639455784
195.88156462585033
195.8944897959184
195.91585034013607
195.93537414965988
195.97204081632654
195.99809523809523
196.07367346938778
196.18551020408165
196.2657142857143
196.2374149659864
196.18068027210884
196.13557823129253
196.11564625850338
196.10986394557824
196.0712244897959
196.05401360544215
196.09496598639456
196.13231292517008
196.12578231292517
196.05217687074833
196.01469387755103
196.0048299319728
196.02183673469386
195.94142857142856
195.81061224489798
195.73231292517008
195.83462585034016
195.90421768707483
195.84585034013605
195.74333333333334
195.77176870748303
195.7613605442177
195.72544217687073
195.65802721088434
195.62687074829932
195.51843537414965
195.42074829931974
195.35414965986394
195.3687074829932
195.35380952380956
195.2695238095238
195.13210884353745
195.02510204081634
194.93170068027212
194.78455782312926
194.64993197278912
194.60408163265308
194.631156462585
194.5856462585034
194.4525170068027
194.37360544217688
194.2891156462585
194.12591836734694
193.94761904761904
193.85081632653063
193.80469387755102
193.7343537414966
193.62877551020404
193.46360544217686
193.37972789115645
193.3679591836735
193.26972789115646
193.0929931972789
192.91217687074828
192.75782312925173
192.60176870748296
192.43605442176872
192.2721088435374
192.16183673469388
192.10333333333335
192.03455782312923
191.88959183673467
191.7334693877551
191.49891156462587
191.27938775510205
191.1191836734694
190.99625850340138
190.80061224489796
190.5847619047619
190.36544217687074
190.26537414965986
190.20625850340136
190.05462585034013
189.7748299319728
189.54122448979592
189.34517006802724
189.16591836734696
188.97544217687073
188.82911564625851
188.62789115646257
188.40306122448976
188.10884353741497
187.9334693877551
187.73884353741497
187.49027210884353
187.22455782312926
187.0390476190476
186.86435374149661
186.64578231292518
186.35034013605443
186.08503401360545
185.8281632653061
185.5460544217687
185.22551020408162
185.0431292517007
184.8991156462585
184.6992517006803
184.43251700680273
184.13727891156464
183.75210884353743
183.41503401360544
183.10102040816327
182.79326530612244
182.55891156462584
182.26231292517008
181.87421768707486
181.43496598639456
181.15537414965988
180.83761904761906
180.4787755102041
180.2403401360544
180.0282993197279
179.7178911564626
179.29768707482992
178.9673469387755
178.64959183673471
178.25721088435375
177.92462585034016
177.66251700680272
177.41074829931975
177.05897959183673
176.69
176.2838775510204
175.96714285714285
175.67142857142858
175.41108843537415
175.0587755102041
174.59945578231293
174.1212244897959
173.8187755102041
173.62374149659865
173.32585034013607
172.8991156462585
172.45945578231294
172.0727891156463
171.7478911564626
171.37380952380954
171.00619047619048
170.63829931972788
170.2910204081633
169.86931972789114
169.55285714285714
169.26231292517008
168.98034013605445
168.58523809523808
168.18231292517007
167.81163265306122
167.47530612244898
167.13326530612247
166.6756462585034
166.24027210884356
165.91727891156467
165.59748299319727
165.22870748299323
164.77843537414967
164.37707482993198
163.9903401360544
163.6344897959184
163.3401360544218
162.9742857142857
162.61340136054423
162.18714285714287
161.85517006802718
161.5251020408163
161.08598639455784
160.62102040816325
160.23197278911562
159.84639455782315
159.39455782312928
158.92979591836735
158.54054421768706
158.0827210884354
157.71462585034016
157.2825850340136
156.85231292517005
156.28571428571428
155.812925170068
155.30693877551022
154.97
154.53285714285715
154.06074829931973
153.58564625850343
153.15299319727893
152.7143537414966
152.2510884353742
151.91408163265305
151.403537414966
150.8240136054422
150.21727891156462
149.8348299319728
149.46142857142857
148.98544217687075
148.36210884353744
147.8552380952381
147.43918367346936
146.92768707482995
146.4378911564626
146.01285714285717
145.6157142857143
145.0817006802721
144.61965986394557
144.11142857142858
143.6538775510204
143.10619047619048
142.6426530612245
142.13537414965987
141.7204761904762
141.21523809523813
140.6852380952381
140.17442176870748
139.75115646258502
139.29367346938778
138.72476190476192
138.32530612244898
137.88809523809522
137.41299319727892
136.90360544217688
136.46571428571428
135.9807482993197
135.40646258503403
134.88673469387757
134.45544217687075
134.07027210884354
133.56163265306122
132.9830612244898
132.5047619047619
132.11816326530612
131.68156462585034
131.23476190476188
130.7131292517007
130.4056462585034
130.07850340136056
129.75020408163266
129.2861224489796
128.867074829932
128.43795918367346
127.98680272108844
127.52748299319728
127.07755102040815
126.64857142857143
126.16020408163266
125.65115646258504
125.16761904761904
124.75816326530614
124.2478231292517
123.83857142857144
123.47
123.03884353741498
122.5812925170068
122.21068027210885
121.86462585034013
121.4765986394558
121.10809523809525
120.70829931972789
120.30394557823129
119.89557823129253
119.50095238095238
119.09605442176871
118.6847619047619
118.22510204081632
117.8573469387755
117.50401360544218
117.01775510204084
116.58000000000001
116.19986394557823
115.77836734693878
115.27789115646259
114.94965986394558
114.59244897959184
114.12993197278911
113.73190476190477
113.28183673469388
112.83598639455784
112.44891156462586
112.14850340136056
111.74244897959184
111.40081632653062
111.03496598639455
110.56027210884355
110.1739455782313
109.87489795918368
109.46115646258505
109.01061224489797
108.60632653061225
108.21938775510205
107.76721088435374
107.3691156462585
106.98
106.54639455782313
106.10340136054423
105.72408163265305
105.35748299319728
105.02285714285713
104.71863945578232
104.41891156462584
103.99816326530613
103.61537414965987
103.20911564625851
102.82625850340136
102.4708843537415
102.16877551020409
101.83489795918368
101.53027210884355
101.20197278911564
100.74210884353741
100.33714285714288
99.99421768707482
99.63673469387754
99.21761904761905
98.86673469387755
98.55700680272109
98.15217687074829
97.7404081632653
97.29210884353742
96.88639455782314
96.41850340136054
96.10891156462586
95.77115646258504
95.49068027210883
95.20761904761906
94.80489795918368
94.41619047619048
94.15625850340136
93.89197278911566
93.42904761904762
93.08306122448981
92.78625850340137
92.39068027210885
91.99510204081633
91.77850340136054
91.52448979591837
91.17088435374151
90.81061224489795
90.50340136054422
90.17564625850339
89.89
89.6195918367347
89.23142857142858
88.88034013605443
88.7426530612245
88.46646258503401
88.08319727891157
87.771768707483
87.51714285714284
87.14367346938775
86.80544217687076
86.61244897959185
86.26326530612246
85.93619047619048
85.70476190476191
85.4265306122449
85.05734693877551
84.83197278911565
84.65149659863945
84.48442176870748
84.41551020408164
84.34517006802722
84.00952380952381
83.6678231292517
83.33047619047619
83.07074829931975
82.79503401360545
82.54027210884355
82.24435374149661
82.00081632653061
81.79176870748299
81.54006802721089
81.35877551020408
81.08102040816327
80.90795918367347
80.76095238095238
80.64224489795919
80.2513605442177
79.92040816326531
79.6930612244898
79.52727891156462
79.36414965986395
79.25775510204082
79.09408163265306
78.94442176870749
78.86244897959182
78.78136054421768
78.4534693877551
78.19442176870749
77.95285714285714
77.87931972789116
77.79462585034014
77.71829931972789
77.55408163265307
77.34272108843538
77.04197278911565
76.71285714285715
76.57442176870748
76.59027210884355
76.51108843537415
76.38714285714286
76.18081632653062
76.17136054421768
76.06564625850339
75.97557823129252
75.86224489795919
75.9912925170068
75.92469387755102
75.69394557823131
75.43278911564626
75.24149659863946
75.01557823129252
74.80496598639456
74.60952380952381
74.52258503401362
74.6665306122449
74.84040816326532
74.77190476190476
74.56639455782312
74.42102040816327
74.35
74.31571428571428
74.19884353741497
74.11081632653062
74.11013605442177
74.0961224489796
73.98877551020408
73.86646258503401
73.86170068027211
73.86238095238095
73.88319727891155
73.79353741496598
73.69095238095238
73.63462585034014
73.65081632653062
73.54340136054421
73.49938775510203
73.39401360544218
73.4904761904762
73.53693877551021
73.66102040816327
73.63224489795918
73.73027210884352
73.74972789115647
73.69795918367348
73.55551020408164
73.63183673469388
73.72190476190477
73.68319727891156
73.56823129251701
73.52959183673468
73.56605442176871
73.47639455782314
73.52115646258503
73.65408163265306
73.8678231292517
74.05721088435375
74.18721088435375
74.36081632653061
74.3787074829932
74.37231292517006
74.32197278911565
74.50217687074831
74.6765306122449
74.83360544217688
75.02517006802721
75.36945578231293
75.67551020408163
75.90217687074829
75.88571428571429
76.00068027210884
76.1143537414966
76.41904761904762
76.65258503401361
77.11142857142858
77.44496598639455
77.69489795918368
77.80986394557823
77.98850340136055
78.18068027210883
78.54367346938776
78.98340136054422
79.49346938775511
79.77884353741497
80.19727891156462
80.45666666666666
80.92816326530613
81.22761904761904
81.72108843537416
82.14095238095238
82.62040816326531
82.91530612244898
83.25333333333333
83.73585034013605
84.16952380952381
84.53639455782314
85.01360544217687
85.47503401360544
85.77401360544218
86.10115646258504
86.52761904761905
86.96442176870748
87.39938775510204
87.87489795918367
88.35945578231292
88.78986394557825
89.21659863945578
89.45877551020408
89.79537414965986
90.10183673469388
90.55455782312926
91.0261224489796
91.5291156462585
91.80088435374151
92.13428571428571
92.44891156462586
92.84938775510204
93.2491156462585
93.79863945578232
94.23993197278911
94.5904081632653
94.94986394557823
95.27238095238096
95.57183673469389
95.84197278911564
96.25074829931972
96.63462585034014
96.83251700680273
97.04442176870748
97.52074829931973
97.99850340136057
98.29074829931974
98.51238095238095
98.79034013605443
99.1213605442177
99.5048299319728
99.8291156462585
99.97136054421769
100.1956462585034
100.50244897959183
100.81585034013605
101.10299319727892
101.45761904761903
101.74469387755103
101.94455782312924
102.24149659863946
102.5460544217687
102.63129251700681
102.77244897959184
103.14931972789117
103.58836734693877
103.89054421768707
104.13836734693876
104.35231292517005
104.50829931972788
104.68346938775508
104.84020408163266
105.03197278911566
105.2744217687075
105.48884353741497
105.72115646258504
105.95925170068027
106.09061224489797
106.06258503401361
106.07904761904761
106.23224489795919
106.30442176870748
106.19687074829932
106.03687074829932
105.92170068027211
105.86204081632653
105.91666666666666
105.9491156462585
105.78870748299319
105.52210884353742
105.31081632653063
105.11659863945579
104.75823129251702
104.47646258503403
104.27979591836734
104.28272108843538
104.00891156462586
103.6091156462585
103.14149659863946
102.67068027210885
102.1856462585034
101.86408163265305
101.683537414966
101.43020408163265
100.96142857142857
100.391768707483
99.87462585034014
99.4734693877551
99.02945578231292
98.5547619047619
98.23897959183674
97.9225850340136
97.50299319727891
96.89428571428572
96.42462585034014
96.03428571428572
95.75952380952381
95.41455782312926
95.09945578231293
94.65197278911565
94.20462585034014
93.63054421768707
93.16925170068026
92.81714285714285
92.598231292517
92.2491156462585
91.89503401360544
91.38210884353741
90.89510204081634
90.47047619047619
90.2291156462585
89.95421768707483
89.64666666666666
89.34755102040816
89.05537414965985
88.74585034013606
88.36122448979592
87.91557823129253
87.53231292517007
87.15836734693877
86.93632653061225
86.70707482993198
86.49993197278911
86.19585034013606
85.9165986394558
85.6125850340136
85.36816326530612
85.14421768707483
84.91843537414967
84.5882993197279
84.27993197278911
83.97714285714287
83.61897959183673
83.32666666666668
83.11619047619047
82.82360544217687
82.41986394557823
82.1238775510204
81.89755102040817
81.60727891156463
81.30884353741499
81.05551020408164
80.81333333333333
80.60346938775511
80.41108843537414
80.1929931972789
79.96666666666667
79.75469387755103
79.66863945578233
79.5121768707483
79.33163265306122
79.16129251700681
79.07312925170069
78.90707482993197
78.78340136054422
78.7012925170068
78.52714285714288
78.33945578231294
78.24000000000001
78.09836734693877
77.95755102040816
77.94095238095238
77.94591836734693
77.85312925170068
77.69442176870747
77.52639455782312
77.43224489795918
77.4791836734694
77.45448979591836
77.32802721088436
77.29619047619047
77.36482993197279
77.39952380952381
77.30789115646259
77.24687074829933
77.22585034013605
77.32183673469389
77.27380952380952
77.26666666666667
77.1921768707483
77.17986394557823
77.21142857142857
77.37693877551021
77.33761904761906
77.19489795918366
77.15925170068027
77.32503401360545
77.36931972789117
77.48517006802722
77.52850340136055
77.54020408163265
77.48333333333333
77.53795918367346
77.56503401360546
77.54469387755103
77.59278911564626
77.74149659863946
77.94401360544217
78.01653061224489
78.10115646258504
78.19360544217687
78.41217687074831
78.57564625850341
78.64598639455782
78.69965986394558
78.85843537414965
79.10938775510203
79.25455782312926
79.36142857142858
79.45680272108844
79.58081632653061
79.77816326530613
80.00122448979593
80.15292517006803
80.21857142857144
80.43625850340138
80.62986394557824
80.85510204081633
81.13727891156464
81.4326530612245
81.5326530612245
81.52802721088435
81.62857142857143
81.71986394557824
81.93115646258505
82.19931972789115
82.36163265306122
82.41034013605443
82.49210884353741
82.76115646258503
82.83190476190478
82.85537414965987
82.90414965986395
83.22816326530611
83.32489795918369
83.47625850340137
83.55891156462584
83.75605442176871
84.04544217687075
84.37510204081634
84.56455782312926
84.80231292517007
85.2330612244898
85.4991156462585
85.5818367346939
85.69795918367348
85.99387755102042
86.26183673469387
86.4804761904762
86.5961224489796
86.7469387755102
86.85632653061225
87.05380952380953
87.10183673469389
87.23843537414966
87.46136054421768
87.69605442176871
87.67040816326531
87.80176870748299
87.89707482993197
87.91095238095238
88.12068027210886
88.42258503401361
88.71904761904763
88.90639455782313
89.14605442176871
89.23476190476191
89.36734693877551
89.60843537414966
89.90755102040816
90.14251700680273
90.25945578231293
90.42476190476191
90.59687074829932
90.83707482993199
91.14462585034013
91.42850340136054
91.53387755102042
91.66448979591837
92.01530612244898
92.32809523809524
92.58646258503401
92.86721088435374
93.28517006802721
93.5543537414966
93.80040816326532
94.14102040816327
94.55931972789115
95.0256462585034
95.52551020408163
95.94863945578231
96.31619047619049
96.79530612244898
97.31891156462585
97.8591836734694
98.3965306122449
98.84707482993197
99.21401360544219
99.6230612244898
100.3412925170068
101.24659863945578
102.2008843537415
102.77945578231294
103.43945578231293
104.11945578231293
105.03843537414966
105.9930612244898
107.32863945578232
108.55156462585033
109.84931972789116
111.20360544217687
112.84408163265306
114.42020408163265
116.22680272108843
118.00054421768708
119.79265306122448
121.56258503401361
123.52707482993196
125.25095238095238
126.71523809523809
128.05367346938777
129.4547619047619
130.4717006802721
131.24632653061224
131.58258503401362
131.84428571428572
131.9740136054422
132.33380952380955
132.6074149659864
132.87462585034015
133.18136054421768
133.56761904761905
133.80333333333334
133.85421768707482
133.97238095238095
134.15224489795918
134.29047619047617
134.5113605442177
134.97006802721089
135.30367346938772
135.53625850340137
135.9000680272109
136.32414965986396
136.59156462585034
136.71517006802722
136.81727891156464
136.7808163265306
136.68632653061223
136.49170068027212
136.52108843537417
136.80496598639456
137.23333333333335
137.61278911564625
137.81170068027214
138.1361904761905
138.60680272108843
139.13278911564623
139.3451700680272
139.53190476190474
139.598231292517
139.55442176870747
139.28408163265306
138.90428571428572
138.47530612244898
138.08020408163264
137.77496598639456
137.4052380952381
136.76081632653063
135.4310204081633
133.5579591836735
131.24795918367346
128.70102040816326
126.11231292517007
123.69040816326532
121.36156462585035
119.1412925170068
116.98591836734695
114.65115646258504
112.32258503401361
110.15557823129252
108.15027210884355
106.29061224489797
104.46544217687075
102.56170068027212
100.58251700680273
98.76707482993197
96.89517006802721
95.13455782312926
93.60408163265306
92.06659863945578
90.58149659863946
89.11367346938775
87.52095238095238
85.70428571428572
84.14435374149662
82.95945578231292
81.5626530612245
79.96598639455782
78.46156462585034
77.2056462585034
75.85503401360546
74.5531292517007
73.3204761904762
72.20897959183674
71.26612244897959
70.6825850340136
70.3452380952381
70.08782312925172
69.40496598639454
68.50068027210884
67.31272108843538
66.0982993197279
64.81401360544217
63.32000000000001
61.489047619047625
59.771564625850345
58.34911564625844
56.50319727891148
