24.898945578231302
25.394693877551013
25.28891156462585
25.45469387755102
25.227959183673473
24.86625850340136
24.591020408163267
24.800408163265306
24.483061224489795
24.514013605442177
24.680408163265305
24.775578231292513
24.471564625850338
24.103197278911566
23.77285714285714
23.44156462585034
23.07639455782313
23.220408163265308
23.72102040816327
23.656666666666666
23.31578231292517
23.3669387755102
23.356870748299322
23.015578231292515
23.012653061224487
23.21142857142857
23.123333333333335
22.80414965986395
22.85619047619048
22.60721088435374
22.538707482993196
22.404013605442177
22.50204081632653
22.25469387755102
22.13904761904762
22.04
22.20340136054422
22.083877551020407
21.70557823129252
21.5787074829932
22.152585034013608
22.81387755102041
22.588299319727888
22.19333333333333
21.837142857142858
21.604421768707482
21.487142857142857
21.82591836734694
22.201904761904764
22.30013605442177
22.112517006802722
22.022585034013606
21.708299319727892
21.991088435374152
22.027210884353742
22.461632653061223
22.15952380952381
22.094353741496597
22.059251700680274
21.831292517006805
21.64142857142857
21.693401360544215
21.86156462585034
21.457346938775512
21.513265306122452
21.392585034013607
21.47312925170068
21.638775510204084
21.649319727891154
21.735102040816326
22.26986394557823
22.131088435374153
21.21748299319728
20.725986394557825
21.060544217687074
21.348979591836738
21.22721088435374
21.06510204081633
21.43768707482993
21.749931972789113
21.48619047619048
21.007414965986396
21.04700680272109
21.203673469387756
20.846258503401362
20.58877551020408
20.790884353741497
20.85115646258504
20.61605442176871
20.675034013605444
20.74795918367347
20.537414965986393
20.58238095238095
20.921496598639457
20.804217687074832
20.843537414965986
20.80122448979592
20.488367346938773
19.990544217687074
20.243945578231294
20.448231292517008
20.55482993197279
20.295238095238098
20.260884353741496
20.431292517006803
20.165442176870748
20.27482993197279
20.064149659863947
20.25278911564626
20.08625850340136
20.461020408163265
20.365850340136053
20.50809523809524
20.69891156462585
20.423537414965985
20.211360544217683
20.38068027210884
20.707891156462587
20.804081632653066
20.522857142857145
20.4178231292517
20.375374149659862
20.669795918367345
20.285306122448983
19.9556462585034
20.089727891156464
20.509115646258508
20.549251700680273
20.46496598639456
20.242993197278913
20.066598639455783
20.25979591836735
20.591632653061225
20.499455782312925
20.19047619047619
20.46700680272109
20.350544217687077
20.33639455782313
20.16238095238095
20.055034013605443
20.171428571428574
20.536598639455782
20.434013605442182
20.07027210884354
20.07530612244898
20.45360544217687
20.72040816326531
20.869591836734692
20.656938775510206
20.141020408163264
19.788775510204083
19.82061224489796
19.928503401360544
19.86544217687075
20.044149659863947
20.49945578231293
20.667551020408162
20.31122448979592
20.129183673469388
19.925510204081633
20.1878231292517
20.33142857142857
20.499115646258502
20.092244897959183
19.863537414965986
19.669931972789115
19.97700680272109
20.22904761904762
20.24034013605442
20.01462585034014
20.174829931972788
20.691904761904766
20.776462585034015
20.555578231292518
20.13965986394558
20.105034013605444
20.03918367346939
20.168231292517007
20.3621768707483
20.51020408163265
20.44829931972789
20.431292517006803
20.63482993197279
20.748775510204084
20.821836734693882
21.025374149659864
21.1634693877551
20.883605442176872
20.9021768707483
21.127414965986397
21.35700680272109
21.272380952380953
21.5634693877551
21.76374149659864
21.97904761904762
22.156394557823127
22.09795918367347
22.18714285714286
22.602448979591838
23.041972789115647
22.891564625850343
23.08986394557823
23.41312925170068
23.580952380952382
23.406122448979595
23.535034013605443
23.627959183673468
23.673809523809524
23.768503401360544
24.467619047619046
24.68551020408163
24.846938775510203
25.01353741496599
25.205374149659868
24.897687074829932
25.247551020408167
25.720340136054425
26.36836734693878
26.445238095238096
26.531360544217687
26.4265306122449
26.958503401360545
27.25823129251701
27.540816326530614
27.78625850340136
27.88095238095238
27.89544217687075
28.075306122448982
28.195374149659862
28.39891156462585
28.54734693877551
28.4243537414966
28.664761904761903
29.017278911564624
29.01544217687075
28.830340136054424
29.25401360544218
29.708299319727892
29.841292517006803
29.993877551020407
29.965102040816326
29.641020408163264
29.193129251700682
29.50251700680272
29.669659863945576
29.551224489795917
29.297346938775508
29.368027210884357
29.03557823129252
28.86231292517007
28.95
28.89455782312925
28.79462585034014
28.782040816326532
28.452176870748296
27.913809523809526
27.75353741496599
28.053945578231296
27.832585034013608
27.741904761904763
27.633741496598642
27.566870748299323
26.935578231292517
26.75462585034014
27.07666666666667
26.76578231292517
26.223197278911567
25.889319727891156
26.322312925170067
26.090612244897954
25.9787074829932
25.508707482993195
25.267482993197277
24.89231292517007
24.80204081632653
24.982721088435376
24.91156462585034
24.873061224489796
24.72986394557823
24.580952380952382
24.49605442176871
24.585238095238097
24.667210884353743
24.539591836734694
24.714693877551017
24.751768707482995
24.410068027210883
24.338027210884356
24.410476190476192
24.042721088435375
23.879319727891158
23.877006802721088
24.33625850340136
24.417687074829935
24.221632653061224
24.293877551020408
24.015782312925175
24.24455782312925
23.74809523809524
23.90639455782313
23.62734693877551
23.83993197278911
23.79034013605442
24.015238095238093
24.541496598639455
24.852857142857147
24.922108843537412
24.651836734693877
24.430748299319728
24.16537414965986
24.556666666666665
25.008367346938776
24.928299319727895
24.58748299319728
25.07734693877551
25.51047619047619
25.643129251700678
25.20823129251701
25.232448979591833
25.34469387755102
25.834693877551018
26.07734693877551
26.123333333333335
26.24122448979592
26.223537414965985
26.303537414965987
25.926462585034013
25.83183673469388
26.054421768707485
26.560068027210885
26.796734693877553
26.964081632653063
27.214489795918368
27.30768707482993
27.614897959183672
27.868027210884353
27.938435374149662
27.597074829931973
27.840408163265305
28.083605442176868
28.6934693877551
28.981496598639453
29.03312925170068
28.509251700680274
28.361972789115644
28.767551020408163
29.342040816326534
29.69965986394558
29.803673469387757
29.794625850340136
29.890476190476193
30.14659863945578
30.26809523809524
30.07931972789116
30.191632653061227
30.545918367346943
30.71061224489796
30.903809523809525
31.06176870748299
31.33904761904762
31.261496598639454
31.66414965986395
31.903265306122453
31.942040816326532
31.635102040816328
31.7143537414966
32.064353741496596
32.2978231292517
32.68884353741497
32.86353741496599
32.83210884353742
32.5404761904762
32.8552380952381
33.17496598639456
33.38748299319728
33.02789115646259
33.302721088435376
33.752585034013606
34.10367346938776
34.250680272108845
34.5730612244898
34.51074829931973
34.53632653061224
34.5525850340136
34.88850340136055
34.7148299319728
34.99911564625851
35.45517006802721
35.87319727891156
35.563809523809525
35.47605442176871
35.631360544217685
35.98156462585034
36.13387755102041
36.16938775510204
35.91666666666667
36.26986394557823
36.635442176870754
36.819047619047616
37.00442176870747
37.22952380952381
37.362789115646265
37.10551020408164
37.07272108843537
36.98544217687075
37.15251700680272
37.19020408163266
37.27646258503401
37.34292517006803
37.432653061224485
37.67292517006803
37.7587074829932
37.86421768707483
37.86571428571429
37.90741496598639
37.94904761904762
38.11571428571429
38.3748299319728
38.48673469387755
38.261428571428574
38.07666666666666
38.34448979591836
38.641768707482996
38.82299319727892
38.82000000000001
38.81836734693877
39.03034013605443
39.49517006802721
39.68557823129252
39.40244897959184
39.29673469387755
39.640952380952385
40.10197278911564
40.21326530612245
40.1121768707483
40.29646258503402
40.55380952380953
40.61578231292516
40.759251700680274
40.45170068027211
40.496258503401364
40.552244897959184
40.75911564625851
40.63952380952381
40.996326530612244
41.079795918367346
41.255714285714284
41.454081632653065
41.598707482993206
41.23911564625851
41.37965986394558
41.43809523809524
41.4443537414966
41.54761904761905
41.798095238095236
41.731972789115645
41.80598639455782
41.99517006802721
41.92482993197279
41.895646258503405
42.02469387755102
42.082857142857144
41.984693877551024
42.09537414965986
41.882517006802715
41.821768707482995
42.07809523809523
42.50578231292518
42.544829931972785
42.530680272108846
42.34258503401361
42.23605442176871
42.02210884353741
42.15795918367347
41.97156462585034
41.94428571428572
41.777074829931976
42.006122448979596
42.18374149659864
42.39721088435374
42.03312925170068
42.03414965986394
41.66285714285714
41.99448979591837
42.03170068027211
42.25020408163266
41.83210884353741
42.040952380952376
42.17761904761905
41.94619047619048
41.537891156462585
41.34972789115646
41.63088435374149
41.41299319727891
41.53632653061224
41.461224489795924
41.81544217687075
41.52578231292517
41.68863945578231
41.74190476190477
41.725102040816324
41.44517006802721
41.564625850340136
41.674829931972795
41.6530612244898
41.76727891156462
42.01034013605442
41.58877551020408
41.0339455782313
41.01455782312925
41.23857142857143
41.33816326530612
41.4143537414966
41.734489795918364
41.57585034013606
41.0543537414966
40.85666666666667
40.941428571428574
40.886530612244904
40.63925170068027
40.69394557823129
40.573197278911564
40.396394557823136
40.672040816326536
40.93238095238095
40.820952380952384
40.32965986394558
40.141496598639456
40.26510204081633
40.44646258503401
40.281088435374144
39.85108843537415
39.56918367346939
39.31789115646258
39.05244897959184
39.04496598639456
39.395782312925164
39.645102040816326
39.4574149659864
38.97074829931973
38.71571428571429
38.711020408163265
38.704965986394555
38.64496598639457
38.64380952380953
38.722312925170066
38.560136054421775
38.20442176870749
37.77938775510204
37.65278911564626
37.57360544217687
37.50693877551021
37.32918367346939
37.136802721088436
37.18965986394558
37.15707482993197
36.88734693877551
36.504285714285714
36.42020408163265
36.64619047619048
36.55748299319728
36.33428571428572
36.036190476190484
36.311292517006805
36.057210884353736
36.34006802721089
36.20591836734694
36.30374149659863
35.66401360544218
35.530136054421774
35.05897959183673
35.0469387755102
35.0856462585034
34.94238095238095
34.66462585034014
34.69802721088435
34.606802721088435
34.2160544217687
34.15061224489796
34.250136054421766
34.53557823129252
34.56537414965987
34.33238095238096
33.95278911564626
33.72598639455782
33.48979591836735
33.204353741496604
33.40136054421769
33.5834693877551
33.226462585034014
32.86789115646259
32.60312925170068
32.68510204081633
32.57734693877552
32.70802721088436
32.23285714285714
32.23183673469387
32.059659863945576
32.05292517006803
31.687414965986395
31.76122448979592
31.865374149659864
31.916190476190476
31.76292517006803
31.574149659863945
31.536190476190477
31.366734693877554
30.88578231292517
30.801564625850343
30.834897959183678
30.83013605442177
30.797959183673466
30.860612244897958
30.83761904761905
30.80122448979592
30.643945578231296
30.50721088435374
30.149047619047618
30.55231292517007
30.534081632653063
30.49748299319728
29.749931972789117
29.70163265306123
29.461360544217687
29.62013605442177
29.528231292517006
29.912176870748297
29.859319727891155
29.804081632653066
29.09619047619048
28.82748299319728
28.676258503401364
28.61965986394558
28.637823129251704
28.60979591836735
28.740680272108847
28.529455782312926
28.38612244897959
28.214693877551024
27.93646258503401
27.69721088435374
27.456666666666667
27.648979591836735
27.592721088435376
27.569659863945578
27.594625850340137
27.48918367346939
27.120068027210888
26.87673469387755
26.798367346938775
26.40517006802721
26.008843537414965
26.061292517006798
26.36387755102041
26.19374149659864
25.843333333333334
25.498775510204084
25.4321768707483
25.43054421768708
25.800884353741495
25.79687074829932
25.53918367346939
25.113401360544216
24.81544217687075
24.90687074829932
25.02979591836735
24.831632653061224
24.44938775510204
24.471972789115643
24.418027210884354
24.056870748299318
23.798027210884356
23.98108843537415
23.898639455782313
23.89775510204082
23.885986394557822
23.97027210884354
23.69197278911565
23.385170068027215
23.111836734693878
22.933741496598643
23.175170068027214
23.43353741496599
23.208775510204084
22.82360544217687
22.833673469387758
22.87727891156463
22.810000000000002
22.558163265306124
22.320952380952377
22.273673469387752
22.586462585034013
22.634625850340136
22.564013605442177
22.321020408163267
21.741360544217688
21.12789115646258
21.538027210884355
21.815238095238097
21.753673469387756
21.487142857142857
21.52013605442177
21.578163265306124
21.58605442176871
21.400408163265308
20.9621768707483
20.675238095238093
20.698027210884355
20.95408163265306
21.060544217687077
20.937755102040818
20.750612244897958
20.504829931972786
20.5921768707483
21.147278911564626
21.067346938775515
20.57530612244898
20.124421768707485
20.237006802721087
20.001632653061225
20.130680272108847
19.991632653061224
19.704761904761902
19.510204081632654
19.765102040816327
19.897687074829932
19.607551020408167
19.504217687074828
19.181224489795916
19.05877551020408
19.026598639455784
19.175782312925172
18.864013605442175
18.894353741496598
18.85843537414966
18.713741496598644
18.642108843537414
19.03360544217687
19.19517006802721
19.113197278911564
18.555238095238092
18.25877551020408
18.310748299319727
18.568027210884352
18.554489795918368
18.374625850340134
18.0143537414966
17.8252380952381
17.870816326530612
17.945986394557824
17.782585034013607
17.90659863945578
17.74074829931973
17.731360544217686
17.277755102040814
17.3621768707483
17.333333333333332
17.653197278911566
17.39496598639456
17.548503401360545
17.64401360544218
17.61190476190476
17.199455782312928
16.85748299319728
16.835714285714285
17.10170068027211
16.95122448979592
16.73544217687075
16.585510204081633
16.83931972789116
16.843809523809522
16.887619047619047
16.734421768707485
16.430476190476192
16.413061224489795
16.764489795918365
16.97408163265306
16.38448979591837
16.021632653061225
16.053877551020406
16.38108843537415
16.01530612244898
15.844353741496597
15.835986394557823
16.201904761904764
16.293197278911563
16.577619047619052
16.62265306122449
16.66136054421769
16.24231292517007
16.204625850340136
15.79326530612245
15.6178231292517
15.749795918367347
16.088503401360548
15.871904761904762
15.547551020408164
15.76530612244898
15.67170068027211
15.755238095238095
15.748707482993199
15.688231292517008
15.478503401360545
15.550748299319729
15.72312925170068
15.736802721088434
16.128911564625852
15.720476190476193
15.492925170068029
15.147210884353742
15.398299319727892
15.290136054421769
15.405510204081635
15.406190476190478
15.522789115646258
15.702244897959185
15.421972789115646
14.7821768707483
14.490408163265307
14.758367346938776
15.066802721088436
14.934217687074831
14.775850340136056
15.017414965986394
14.930204081632652
14.94278911564626
14.725510204081631
14.975578231292516
15.035238095238096
15.171428571428573
14.899387755102042
14.92027210884354
15.22517006802721
15.234489795918368
14.93700680272109
14.752380952380951
14.863945578231291
15.266734693877552
15.406326530612244
15.082653061224491
14.99034013605442
14.77360544217687
14.670748299319726
14.602108843537417
14.920204081632654
14.845578231292517
14.40857142857143
14.265918367346938
14.640272108843538
15.15517006802721
15.14387755102041
14.740816326530613
14.876462585034012
14.840068027210885
14.75421768707483
14.339115646258504
14.35843537414966
14.74795918367347
14.84340136054422
14.796666666666667
14.742721088435374
14.92074829931973
14.988163265306122
14.720952380952383
14.405918367346938
14.142993197278912
14.691836734693878
14.987619047619049
14.671768707482991
14.350680272108843
14.357346938775512
14.652585034013606
14.553265306122448
14.461156462585034
14.285034013605442
14.42265306122449
14.635578231292518
14.724353741496598
14.335510204081633
13.84952380952381
14.11857142857143
14.749659863945578
14.993061224489797
14.66591836734694
14.7887074829932
14.665850340136053
15.051224489795919
14.997755102040816
14.965986394557824
14.440816326530612
14.599863945578232
14.385374149659864
14.363673469387754
14.362993197278913
14.669795918367347
14.641768707482994
14.677755102040816
14.427278911564626
14.17673469387755
14.056258503401361
14.089455782312927
14.189863945578233
14.144285714285715
14.21857142857143
14.083945578231292
14.144081632653064
14.17952380952381
14.283469387755101
14.537755102040817
14.718979591836735
14.508299319727891
14.281020408163265
14.446462585034013
14.295646258503403
14.17061224489796
14.45591836734694
14.629659863945578
14.400204081632653
13.939455782312926
14.209387755102043
14.383401360544218
14.587482993197279
14.433605442176871
14.501224489795918
14.328163265306124
14.259931972789117
14.377687074829932
14.117414965986395
14.284081632653061
14.545306122448979
14.465238095238098
14.240476190476192
14.351360544217687
14.606870748299322
14.104693877551021
14.11340136054422
14.198503401360545
14.57326530612245
13.935850340136057
13.881020408163266
14.278775510204081
14.764421768707484
14.348979591836734
14.265238095238097
14.232993197278912
14.311020408163266
13.994013605442177
14.063673469387757
14.223945578231293
14.461020408163266
14.295578231292517
14.011700680272108
14.08170068027211
14.359659863945579
14.624761904761906
14.490204081632655
14.25843537414966
14.268367346938778
14.375442176870749
14.442721088435373
14.43795918367347
14.63408163265306
14.462108843537417
14.292585034013605
14.109863945578233
14.235034013605441
14.449931972789116
14.431632653061225
14.244489795918367
14.318639455782314
14.519387755102041
14.520680272108844
14.290816326530614
13.941428571428574
14.127346938775512
14.408775510204082
14.66938775510204
14.688163265306123
14.518979591836736
14.50013605442177
14.467278911564627
14.801360544217687
14.60544217687075
14.379115646258503
14.188299319727891
14.364897959183676
14.368231292517008
13.897755102040815
13.729183673469388
14.080544217687075
14.315034013605441
14.057142857142857
14.395306122448979
14.682244897959183
14.663061224489796
14.030884353741497
14.038843537414966
14.093129251700681
14.018503401360544
13.834693877551018
13.82095238095238
14.065850340136056
14.213605442176872
14.204557823129253
14.29251700680272
14.087551020408164
14.235850340136055
14.206530612244899
14.275578231292517
14.147755102040817
14.389727891156463
14.456462585034014
14.274897959183674
14.415034013605442
14.729863945578233
14.760204081632654
14.650680272108845
14.41591836734694
14.487278911564626
14.527074829931973
14.769659863945577
14.431020408163265
14.126598639455782
14.425034013605442
14.506462585034013
14.816802721088436
14.78687074829932
15.008503401360546
14.706394557823131
14.598503401360546
14.44265306122449
14.289659863945579
14.78122448979592
14.942993197278913
15.009455782312925
14.611224489795918
14.597482993197278
14.59673469387755
14.679931972789117
14.567074829931974
14.552857142857144
14.614149659863944
14.718367346938777
14.95122448979592
14.944557823129252
14.777959183673469
14.520476190476192
14.69421768707483
14.830680272108843
14.988095238095239
14.913945578231294
14.972244897959184
14.953945578231295
14.96312925170068
14.83517006802721
14.916530612244898
14.529455782312926
14.770068027210886
15.044557823129251
15.131632653061226
14.763877551020407
14.848843537414968
14.926598639455783
14.65795918367347
14.823945578231292
15.025850340136055
14.958979591836735
14.801768707482992
15.264625850340135
15.089251700680272
14.75013605442177
14.582040816326531
14.884557823129253
14.97918367346939
15.20482993197279
15.087823129251701
15.075170068027212
15.272993197278913
15.353469387755103
15.3421768707483
15.3934693877551
15.451632653061225
15.200068027210884
15.406734693877553
16.047891156462587
16.062925170068027
15.887414965986395
15.57204081632653
15.980680272108845
15.5578231292517
15.60204081632653
15.616734693877552
15.58
15.369319727891158
15.732585034013606
16.231360544217686
15.824285714285715
15.30374149659864
15.304421768707483
15.735986394557825
16.02265306122449
16.265238095238097
16.53455782312925
16.89761904761905
16.68666666666667
16.458435374149662
16.07204081632653
16.152380952380952
16.347210884353743
16.430680272108845
15.956598639455782
15.589183673469387
16.195238095238093
16.71612244897959
16.8791156462585
16.16877551020408
16.307482993197283
16.28721088435374
16.579183673469387
16.34482993197279
16.99027210884354
16.87843537414966
16.92795918367347
16.939251700680273
17.485034013605443
17.226326530612244
16.872108843537415
16.986326530612246
17.44829931972789
17.477006802721093
17.059863945578233
17.10312925170068
17.12925170068027
17.542244897959186
17.704625850340136
18.082789115646257
18.098707482993195
18.22278911564626
17.90938775510204
17.977210884353738
17.94360544217687
18.01612244897959
18.155646258503403
18.27591836734694
18.480612244897962
18.62843537414966
19.055170068027213
18.889795918367348
19.27312925170068
18.952517006802722
18.758979591836734
18.965170068027213
19.592244897959183
19.60952380952381
19.475510204081633
19.79904761904762
19.801360544217687
19.722040816326533
19.966122448979593
20.368775510204085
20.65353741496599
20.509455782312926
20.75190476190476
21.106190476190477
21.382176870748303
21.288095238095238
21.621020408163268
21.779591836734696
21.931836734693878
22.074013605442175
22.44224489795918
22.722312925170066
23.36455782312925
23.803197278911565
24.051088435374147
24.512585034013604
25.071972789115648
25.493741496598645
25.548639455782315
25.89
26.433945578231295
27.120340136054423
27.40768707482993
27.65292517006803
27.65639455782313
27.401904761904763
26.98387755102041
26.96278911564626
27.357755102040816
27.657755102040817
27.410748299319728
26.950000000000003
27.228707482993197
27.331156462585035
27.14401360544218
26.598163265306123
26.625850340136054
26.454557823129253
26.478639455782314
26.686666666666667
26.851360544217687
26.746190476190478
26.97938775510204
27.540544217687074
27.680204081632652
27.341904761904765
27.250068027210887
27.782721088435377
28.278163265306127
28.19428571428572
27.68823129251701
27.603265306122445
27.91108843537415
28.059319727891157
28.22843537414966
28.511768707482993
28.73326530612245
28.811904761904763
28.683197278911564
28.535578231292515
28.404897959183675
28.562448979591835
28.578775510204082
28.534897959183674
28.971632653061228
29.246530612244896
29.38612244897959
29.038639455782313
28.7121768707483
28.93122448979592
28.871904761904762
28.80231292517007
28.244693877551022
28.369251700680273
27.87
27.8730612244898
27.517755102040816
27.330612244897964
26.75190476190476
26.733469387755104
26.557755102040815
26.666054421768706
26.313333333333333
25.951428571428572
25.622857142857146
25.82360544217687
25.93748299319728
25.605170068027213
25.167414965986396
24.784965986394557
24.594421768707484
24.457074829931976
24.370204081632654
23.95755102040816
23.66278911564626
24.188027210884357
24.435986394557823
23.859455782312924
23.569931972789117
23.703197278911563
23.653197278911566
23.522040816326527
23.587278911564628
23.16040816326531
22.90170068027211
22.745646258503406
22.511020408163265
22.399931972789112
22.722925170068027
23.005306122448978
22.696938775510205
22.46911564625851
22.445646258503402
22.762857142857143
22.754761904761907
22.05149659863946
21.346530612244898
20.953673469387752
21.228503401360534
21.063707482993188
