25.101904761904763
26.266190476190467
25.911428571428573
25.560816326530613
25.07639455782313
25.004217687074828
25.223673469387755
25.475646258503403
25.111904761904764
25.00795918367347
25.003673469387756
24.724625850340136
24.333741496598638
24.57700680272109
24.685714285714283
24.617619047619048
24.281836734693883
23.998367346938775
24.016734693877552
24.36632653061224
24.206258503401365
23.93551020408163
23.84891156462585
23.921292517006805
23.820680272108845
23.682244897959187
23.628843537414966
23.381360544217692
23.6712925170068
23.50299319727891
23.426326530612243
23.064829931972785
22.992108843537416
22.78891156462585
22.850952380952386
22.885102040816328
22.5112925170068
22.748027210884356
22.853197278911566
23.125782312925168
22.90557823129252
23.364761904761906
22.990816326530613
23.041632653061228
22.98326530612245
22.97142857142857
22.468435374149664
23.002244897959184
23.04986394557823
22.943401360544215
22.502108843537414
22.33517006802721
22.236938775510204
22.426462585034013
22.58571428571429
22.574081632653062
22.5021768707483
22.60517006802721
22.427346938775514
22.43965986394558
22.020068027210883
22.47047619047619
22.286122448979594
22.02530612244898
21.749727891156464
22.06666666666667
22.283265306122452
22.245918367346942
22.249251700680272
22.252653061224493
22.04823129251701
21.813061224489797
21.974897959183675
22.180340136054422
22.18700680272109
22.02578231292517
22.14551020408163
22.104013605442177
21.72387755102041
21.515102040816327
21.615714285714287
22.07455782312925
22.100204081632654
22.208027210884357
21.802448979591837
21.358435374149657
21.349727891156462
21.323401360544217
21.233673469387757
21.20727891156463
21.57904761904762
21.44857142857143
21.498503401360544
21.57278911564626
21.688639455782315
21.338911564625853
21.374965986394557
21.12020408163265
21.092585034013606
20.980204081632653
21.114625850340136
21.238571428571426
21.204013605442178
20.856462585034016
20.51251700680272
20.585782312925172
20.49829931972789
20.538639455782313
20.591904761904765
20.72374149659864
20.50136054421769
20.61625850340136
20.53455782312925
20.468435374149664
20.396190476190476
21.046190476190475
21.492040816326533
21.4043537414966
20.940612244897963
20.727755102040817
20.469251700680275
20.836666666666666
21.102653061224487
20.975646258503403
20.635238095238098
20.687074829931973
20.7543537414966
20.89142857142857
21.360884353741497
21.363877551020412
21.267551020408163
21.421496598639454
21.383469387755103
20.83768707482993
20.87170068027211
21.113061224489794
21.01278911564626
20.645986394557823
20.798299319727892
21.162585034013606
21.087551020408164
21.129115646258505
20.907891156462586
20.651360544217688
20.282448979591837
20.535034013605443
20.84809523809524
20.834489795918365
20.832448979591838
20.621700680272113
20.826190476190476
20.926258503401364
20.94
20.843061224489798
21.232108843537414
21.512857142857143
21.514557823129252
21.375034013605443
21.465034013605443
21.323537414965987
20.990340136054424
21.07469387755102
21.218979591836735
21.135102040816328
20.937823129251704
21.22142857142857
21.176802721088436
21.085102040816327
20.932312925170073
20.761496598639457
20.968775510204082
21.201088435374153
21.185510204081638
21.055034013605443
21.100476190476193
21.429455782312928
21.5765306122449
21.578367346938776
21.43428571428571
21.46496598639456
21.23170068027211
20.95517006802721
21.285918367346937
21.28748299319728
21.347687074829935
21.487414965986396
21.971496598639458
22.31122448979592
22.310748299319727
22.282857142857143
22.378367346938777
22.865510204081634
22.63
22.53013605442177
23.02387755102041
23.413605442176873
23.44020408163265
23.477551020408168
23.861632653061225
23.81891156462585
24.111972789115644
24.344557823129254
24.255714285714287
24.45312925170068
25.020340136054422
25.337278911564624
25.323537414965987
25.816258503401365
26.306598639455782
26.388979591836737
26.580204081632658
26.823537414965987
26.79034013605442
26.781904761904762
27.208979591836737
27.707755102040817
27.744353741496596
27.926326530612243
28.297074829931976
28.531156462585034
28.900816326530613
29.22136054421769
29.373061224489796
29.507278911564626
30.07108843537415
30.233945578231292
30.43632653061225
30.244081632653064
30.20244897959184
30.321496598639456
30.928367346938774
31.16265306122449
31.362721088435375
31.332789115646257
31.31156462585034
31.17061224489796
31.66204081632653
31.908503401360548
31.859931972789113
31.99530612244898
32.34176870748299
32.14993197278912
31.893809523809523
32.11156462585035
32.09945578231293
31.82020408163265
31.834625850340135
31.98292517006803
32.10231292517007
31.912789115646262
31.24612244897959
30.558027210884354
30.46312925170068
30.679251700680275
30.58006802721089
30.523877551020412
30.33387755102041
30.378911564625852
30.195510204081632
29.95714285714286
29.161632653061226
28.837823129251703
28.77578231292517
28.900000000000002
28.723129251700684
28.77761904761905
28.47877551020408
28.121632653061226
27.775918367346936
27.567619047619043
27.44061224489796
27.095442176870748
26.917482993197282
26.779115646258504
26.831360544217688
26.70700680272109
26.446122448979594
26.274557823129253
26.371496598639453
26.370816326530612
26.219863945578233
26.445646258503402
26.279523809523813
26.31557823129252
26.18585034013606
26.286326530612246
25.55496598639456
25.595510204081634
25.567891156462583
25.94721088435374
25.815510204081637
25.89204081632653
25.69020408163265
25.821156462585034
25.335918367346935
25.387074829931972
25.424421768707482
25.566462585034017
25.566190476190478
25.57891156462585
25.55591836734694
25.62156462585034
25.684557823129254
25.803129251700682
26.07795918367347
26.35421768707483
26.04034013605442
26.376054421768707
26.40204081632653
26.39918367346939
26.008163265306123
26.1043537414966
26.10809523809524
26.466598639455782
26.744693877551022
26.671088435374152
26.82544217687075
26.981768707482995
27.220544217687078
27.38408163265306
27.58081632653061
27.778503401360542
27.720340136054425
27.73795918367347
27.88972789115646
28.405238095238097
28.2812925170068
28.313061224489793
28.678843537414966
29.21142857142857
29.0021768707483
29.53170068027211
29.720000000000002
29.75299319727891
29.69258503401361
30.037823129251706
30.115374149659864
30.069387755102042
30.531904761904762
30.820884353741498
31.35027210884354
31.291632653061225
31.485442176870748
31.098027210884354
31.444013605442176
31.855510204081636
32.482993197278915
32.29544217687075
32.341632653061225
32.66557823129252
32.90775510204082
33.09952380952382
33.049455782312926
33.40340136054422
33.490476190476194
33.842721088435376
33.794693877551026
34.23251700680272
34.374693877551024
34.33204081632653
34.34401360544218
34.93809523809524
35.3087074829932
35.10142857142858
34.940272108843544
35.15517006802721
35.6521768707483
35.919319727891164
36.289183673469395
36.45190476190476
36.81353741496599
36.76986394557824
36.60333333333334
36.75238095238096
37.224217687074834
37.680476190476185
37.72190476190477
38.07
38.34251700680272
38.714557823129255
39.03659863945579
39.14421768707483
39.00925170068027
39.01346938775511
39.29666666666667
39.29224489795918
39.662176870748304
40.15265306122449
40.2843537414966
39.87469387755102
40.04530612244898
40.402857142857144
40.46482993197279
40.511496598639454
40.65108843537415
40.7234693877551
40.8352380952381
41.07027210884354
41.48149659863946
41.593333333333334
41.718231292517004
41.44462585034014
41.58571428571429
41.65258503401361
42.091700680272105
41.90061224489796
42.0543537414966
42.05931972789116
42.38952380952381
42.38074829931973
42.55482993197279
42.50884353741496
42.627210884353744
42.768571428571434
42.730544217687076
42.85768707482993
42.954829931972796
43.024625850340136
42.85972789115647
43.230544217687076
43.395102040816326
43.646462585034016
43.56149659863946
43.67666666666667
43.37931972789116
43.478571428571435
43.49129251700681
43.952993197278914
44.16925170068028
44.43877551020408
44.568367346938786
44.4030612244898
44.562448979591835
44.680884353741504
45.026326530612245
45.073945578231296
45.554081632653066
45.44340136054422
45.34421768707483
45.249863945578234
45.5587074829932
45.630136054421776
45.61251700680272
45.42244897959184
45.4230612244898
45.659455782312925
45.84034013605442
46.1430612244898
46.07741496598639
46.15659863945579
46.32333333333334
46.458435374149666
46.28054421768708
46.332244897959185
46.64802721088435
46.46666666666667
46.36591836734694
46.32530612244898
46.55673469387756
46.57224489795918
46.5930612244898
46.62047619047619
46.7187074829932
46.72986394557824
46.63156462585034
46.402176870748306
46.505918367346936
46.38891156462585
46.33292517006802
46.29639455782313
46.57224489795918
46.362040816326534
46.32163265306122
46.131292517006806
46.26013605442177
46.274625850340136
46.51755102040816
46.26693877551021
46.276870748299324
46.46183673469388
46.3530612244898
46.166666666666664
45.84979591836735
45.898163265306124
45.851224489795925
45.82299319727891
45.72503401360544
45.966462585034016
46.0765306122449
45.595238095238095
45.33850340136054
45.44877551020408
45.84578231292517
45.7039455782313
45.66789115646259
45.53367346938776
45.42666666666667
45.482721088435376
45.587482993197284
45.669931972789115
45.427074829931975
45.637142857142855
45.42619047619048
45.35986394557823
45.02687074829932
45.30823129251701
45.30537414965986
45.4065306122449
44.92102040816326
44.84408163265306
44.618911564625854
44.92040816326531
44.79693877551021
44.729455782312925
44.27646258503401
44.09340136054422
44.30823129251701
44.707619047619055
44.42836734693878
43.93224489795919
44.10503401360545
44.403877551020415
43.794217687074834
43.27340136054422
43.378027210884355
43.88666666666667
43.83108843537415
43.45095238095238
43.30503401360544
43.269591836734705
43.17034013605442
43.026054421768706
43.194421768707485
42.999659863945574
42.86816326530612
42.616734693877554
42.80136054421769
42.65496598639456
42.51537414965986
42.03414965986394
42.16462585034013
41.998979591836736
41.81428571428572
41.47387755102041
41.61680272108843
41.612380952380946
41.39714285714286
41.00904761904762
40.6443537414966
40.691904761904766
40.530612244897966
40.5621768707483
40.04102040816327
39.73666666666667
39.48734693877551
39.770204081632656
39.378299319727894
39.198979591836746
38.97816326530612
38.99795918367347
38.65816326530613
38.84857142857143
38.74040816326531
38.52687074829932
38.38149659863946
38.16047619047619
38.068231292517005
38.24421768707482
38.41591836734694
37.80591836734694
37.32571428571429
37.53517006802721
37.59292517006803
37.35761904761905
37.031904761904755
36.7291156462585
36.66299319727891
36.56707482993197
36.636802721088436
36.27312925170068
36.37020408163265
36.119863945578224
35.87544217687075
35.40673469387755
35.482176870748305
35.19421768707483
35.5343537414966
35.52789115646259
35.17863945578232
34.54326530612245
34.397346938775506
34.51408163265306
34.4243537414966
34.52755102040817
34.18544217687075
33.72619047619048
33.69469387755102
33.99727891156463
34.21272108843537
33.90877551020408
33.526462585034025
33.318775510204084
33.19598639455782
32.96904761904762
32.53693877551021
32.70782312925171
32.621972789115645
32.59367346938775
32.26537414965986
32.51687074829932
32.38795918367347
32.3508843537415
31.92251700680272
32.04244897959184
32.0747619047619
32.41571428571429
31.90721088435374
31.77993197278912
31.63013605442177
32.03802721088435
31.765102040816327
31.270884353741494
30.707891156462587
30.65904761904762
30.673809523809524
30.404557823129252
30.385986394557822
30.466122448979593
30.711564625850336
30.227755102040817
29.968639455782313
29.619931972789118
29.823333333333334
30.102312925170068
30.19571428571429
29.656802721088432
29.307414965986396
29.04204081632653
29.09857142857143
28.84244897959184
28.84918367346939
28.530816326530612
28.617755102040817
28.26401360544218
28.204897959183672
28.248775510204084
28.429659863945574
28.11387755102041
27.838979591836733
27.62959183673469
27.745374149659867
27.56421768707483
27.08571428571429
26.972380952380956
27.434421768707484
27.460476190476193
26.924081632653063
26.137891156462583
26.211088435374155
26.55931972789116
26.71170068027211
26.156802721088432
25.93251700680272
25.854285714285716
25.882517006802722
25.82578231292517
25.518707482993197
25.177891156462586
25.04299319727891
24.96081632653061
24.73510204081633
24.905646258503403
24.850816326530612
24.769455782312924
24.638843537414964
24.750884353741498
24.327482993197282
23.982380952380954
24.15748299319728
24.208027210884353
23.92231292517007
23.678163265306125
24.134013605442178
24.21122448979592
23.804149659863945
23.682448979591836
23.74544217687075
23.593333333333334
23.14482993197279
22.949183673469385
23.090476190476192
23.349251700680274
23.311292517006805
22.96721088435374
22.959115646258503
22.731020408163268
22.404557823129252
22.21578231292517
22.11863945578231
21.93265306122449
21.955714285714286
22.05319727891157
21.97530612244898
22.106462585034013
22.062925170068027
21.669251700680274
21.10027210884354
21.56074829931973
21.48469387755102
21.451428571428572
21.218503401360547
21.474965986394558
21.20673469387755
21.01551020408163
21.040816326530614
21.12625850340136
21.014557823129252
21.00496598639456
20.861292517006802
20.81421768707483
20.82639455782313
20.701972789115644
20.45795918367347
20.097006802721086
20.17578231292517
20.249659863945578
20.51931972789116
20.305510204081635
19.889931972789118
19.818231292517005
19.713673469387754
19.682380952380953
19.500204081632653
19.596054421768706
19.240680272108843
19.202448979591836
19.166938775510204
19.432925170068025
19.289319727891154
19.115986394557822
18.560748299319727
18.41700680272109
18.216122448979593
18.413809523809526
18.396394557823132
18.74612244897959
18.655102040816328
18.620612244897963
18.370272108843537
18.61013605442177
18.674829931972795
18.680612244897958
18.132517006802722
17.98312925170068
18.116326530612245
18.62
18.473333333333333
18.160884353741498
17.71795918367347
17.71809523809524
17.709387755102043
17.652857142857144
17.518843537414966
17.344285714285718
17.22074829931973
17.394829931972787
17.506666666666668
17.597619047619048
17.25979591836735
17.377755102040815
17.24721088435374
17.143197278911565
17.017346938775507
16.9856462585034
16.764285714285712
16.84108843537415
17.232517006802723
17.00605442176871
16.565374149659867
16.56748299319728
17.066598639455783
17.020544217687075
16.82700680272109
16.446734693877552
16.42904761904762
16.230408163265306
16.327414965986392
16.540204081632652
16.65707482993197
16.635170068027215
16.879659863945577
16.741496598639458
16.472108843537413
16.250816326530614
16.306666666666665
16.36965986394558
16.332312925170065
16.283197278911565
15.668367346938776
16.007278911564626
15.953809523809523
15.973945578231293
15.533129251700682
16.004761904761907
16.016802721088435
15.87170068027211
15.979455782312925
15.962789115646258
15.750816326530611
15.592653061224489
15.74326530612245
15.952789115646258
15.890272108843536
15.790408163265305
15.554897959183673
15.621292517006804
15.459591836734694
15.610068027210884
15.712108843537415
15.682176870748298
15.403401360544219
15.250748299319728
15.454013605442176
15.777074829931973
15.53843537414966
15.228435374149662
14.991360544217688
15.19183673469388
15.253061224489796
15.628231292517007
15.329659863945578
15.398503401360545
15.241768707482994
15.535238095238096
15.061632653061224
15.05986394557823
14.822380952380954
15.285578231292519
15.42666666666667
15.57952380952381
15.461156462585034
15.286734693877552
15.186326530612245
15.26721088435374
15.237823129251701
15.140748299319728
15.013129251700681
15.187414965986394
15.404149659863947
15.750204081632655
15.494421768707484
14.935714285714287
14.880204081632654
15.098843537414966
15.239727891156463
14.78829931972789
14.701904761904762
15.106938775510205
15.232517006802722
15.162993197278912
14.849387755102043
15.102789115646258
15.001632653061225
15.016326530612247
14.662653061224491
14.64108843537415
14.67482993197279
15.050952380952381
14.874421768707482
14.923197278911566
14.706802721088437
14.869727891156463
14.77700680272109
14.934557823129252
14.832108843537412
14.609931972789116
14.835034013605444
15.038503401360543
14.921020408163265
14.730544217687076
15.071156462585035
15.234421768707485
15.03156462585034
14.762789115646259
14.672380952380953
14.616190476190475
15.023945578231292
15.496190476190476
15.258367346938776
14.81122448979592
14.800408163265308
14.95952380952381
14.780816326530612
14.702108843537417
14.731496598639456
14.837142857142858
14.706598639455784
14.610136054421769
14.524013605442176
14.752176870748299
14.47265306122449
14.378571428571428
14.265986394557824
14.404897959183673
14.264013605442177
14.441292517006802
14.635170068027211
14.901428571428571
14.76625850340136
14.87938775510204
14.965646258503401
15.16095238095238
14.745034013605443
14.361088435374151
14.4221768707483
14.732448979591837
14.651156462585035
14.299727891156461
14.146938775510206
14.512108843537415
14.929319727891158
15.088299319727891
14.65625850340136
14.60639455782313
14.658027210884352
15.060544217687076
15.024353741496599
15.033877551020407
14.816190476190474
14.914013605442179
14.945238095238096
14.786666666666667
14.49408163265306
14.454353741496599
14.545306122448979
14.84231292517007
14.811632653061224
14.64891156462585
14.349931972789115
14.875102040816326
15.089591836734693
14.899183673469388
14.415374149659865
14.43469387755102
14.714625850340136
14.765442176870748
14.605850340136055
14.32857142857143
14.474285714285715
14.268299319727891
14.141836734693879
13.96265306122449
14.528435374149662
14.786938775510205
14.819251700680272
14.630068027210886
14.751836734693878
14.452176870748302
14.323333333333334
14.435442176870747
14.735510204081631
14.785918367346937
14.747210884353741
14.380680272108844
14.401768707482994
14.479931972789117
14.54918367346939
14.661768707482993
14.514693877551021
14.581428571428571
14.734081632653062
14.904693877551022
14.190680272108843
14.310068027210885
14.529047619047619
14.683469387755103
14.32421768707483
14.742448979591838
14.86251700680272
15.021292517006803
14.60482993197279
14.668707482993199
14.60734693877551
14.331700680272109
14.18278911564626
14.305578231292518
14.406598639455783
14.431020408163267
14.429795918367347
14.580272108843538
14.278095238095238
14.236598639455782
14.53687074829932
15.042108843537417
14.96421768707483
14.684489795918367
14.52673469387755
14.424149659863946
14.310408163265304
14.421292517006803
14.467278911564625
14.487823129251701
14.466258503401361
14.486938775510206
14.681700680272108
14.352040816326532
14.202993197278913
14.125578231292515
14.46857142857143
14.29
14.601088435374152
14.801020408163264
14.730748299319728
14.575850340136055
14.71482993197279
14.967687074829932
14.695374149659864
14.595034013605442
14.805238095238096
14.922176870748299
14.681360544217688
14.511836734693878
14.448095238095238
14.550340136054421
14.78809523809524
15.08734693877551
15.303333333333335
14.994285714285715
14.959319727891156
14.876326530612245
15.245034013605443
14.961224489795917
14.986326530612246
15.004285714285714
15.000000000000002
14.73605442176871
14.65170068027211
14.767687074829935
15.189931972789116
15.340612244897962
15.508775510204082
15.333197278911564
15.084761904761905
14.971632653061226
14.950816326530614
15.191292517006804
14.873469387755103
14.892176870748298
14.722380952380952
14.859931972789116
14.82265306122449
15.088707482993199
15.214149659863946
15.344761904761906
15.256530612244898
15.062789115646261
15.096190476190475
15.511360544217688
15.463945578231293
15.198027210884355
15.292653061224492
15.3787074829932
15.238503401360544
15.144013605442176
15.46938775510204
15.501700680272108
15.18721088435374
15.13421768707483
15.475646258503401
15.870748299319727
15.617755102040817
15.460204081632654
14.957210884353742
15.139863945578231
15.557755102040819
15.739591836734693
15.410272108843538
15.44061224489796
15.537278911564627
15.607891156462584
15.635034013605441
15.952312925170066
15.872585034013605
16.202993197278914
16.034013605442176
16.182448979591836
15.953061224489797
16.164557823129254
15.83591836734694
16.032585034013607
15.778367346938776
15.681700680272108
15.37809523809524
15.643469387755102
15.929727891156462
16.38700680272109
16.495850340136055
16.574149659863945
16.670272108843537
17.146530612244895
16.76877551020408
16.34095238095238
16.091360544217686
16.76700680272109
16.906802721088432
16.883333333333333
16.63421768707483
16.232108843537414
16.09013605442177
16.433673469387756
16.638775510204084
16.541700680272108
16.393673469387753
16.54619047619048
16.459387755102043
16.596530612244898
16.632448979591835
16.427891156462586
16.721020408163266
17.159319727891155
17.665986394557823
17.424421768707482
17.43836734693878
17.41673469387755
17.301360544217687
17.121020408163268
17.337210884353745
17.81503401360544
17.669455782312923
17.707074829931972
17.870408163265306
17.998503401360544
17.5021768707483
17.240680272108843
17.48986394557823
17.843333333333334
18.15843537414966
18.161292517006803
18.006258503401362
18.08374149659864
17.928843537414966
18.225306122448984
18.30040816326531
18.93510204081633
18.68408163265306
19.11891156462585
19.064353741496596
19.24823129251701
19.220748299319727
19.34081632653061
19.361292517006802
19.34040816326531
19.909523809523808
19.92224489795918
19.939319727891156
19.75095238095238
20.180408163265305
20.209931972789114
20.25408163265306
20.28
20.764761904761908
21.23619047619048
21.493673469387755
21.766938775510205
21.77863945578231
21.875714285714288
22.157006802721092
22.259727891156466
22.053809523809527
22.08625850340136
22.976122448979595
23.856190476190477
24.138163265306126
24.590544217687075
24.57013605442177
25.27673469387755
25.733537414965987
25.994557823129252
26.04823129251701
26.620000000000005
27.66666666666667
27.900408163265308
28.535918367346937
28.66993197278912
28.698095238095238
28.88972789115646
29.347755102040818
29.47380952380953
29.018231292517008
29.105238095238096
29.228639455782314
29.57823129251701
29.403673469387755
29.215238095238096
29.096530612244898
29.371768707482996
29.572653061224493
29.926258503401364
30.19952380952381
30.648163265306124
31.221972789115647
31.47081632653061
31.148503401360543
31.49360544217687
32.210204081632654
32.682040816326534
32.77319727891157
33.337142857142865
33.563469387755106
33.60074829931973
33.90727891156463
34.53482993197279
34.736870748299324
34.450816326530614
34.43816326530612
34.66972789115646
34.54442176870748
34.50251700680272
34.41312925170068
34.455238095238094
34.138231292517005
34.152312925170065
34.12292517006803
33.76299319727891
33.28333333333333
33.09789115646259
33.20204081632653
32.974761904761905
32.94857142857143
32.99122448979592
32.58755102040816
32.03238095238095
31.372585034013607
31.267482993197277
30.924149659863946
30.63170068027211
30.272108843537417
29.895714285714284
29.41591836734694
28.846326530612245
28.76047619047619
28.614761904761906
28.46714285714286
28.041156462585036
27.252380952380953
26.832993197278913
26.75027210884354
26.745034013605444
26.461564625850343
26.112380952380953
25.615238095238094
25.292925170068028
25.109047619047622
24.656666666666666
24.154829931972785
24.412108843537418
24.86340136054422
24.377142857142857
23.87034013605442
23.60639455782313
23.705442176870747
23.51142857142857
23.461700680272113
23.190408163265307
22.612789115646258
22.272448979591836
21.79081632653061
22.31945578231293
22.543061224489797
22.80197278911565
21.884761904761906
21.70108843537415
21.64761904761905
22.016462585034017
22.048435374149662
21.76122448979592
21.382108843537413
20.867755102040814
20.590544217687057
20.331530612244883
