24.629183673469402
25.749931972789117
25.069149659863946
24.509251700680274
24.438639455782315
24.62183673469388
24.496224489795917
24.13268707482993
23.889523809523812
23.98578231292517
23.887040816326532
23.245204081632654
23.3215306122449
23.722210884353743
24.00571428571429
23.55734693877551
23.175340136054423
22.865
22.743945578231294
22.85581632653061
22.93513605442177
22.924455782312926
22.83353741496599
22.77826530612245
22.546496598639457
22.148877551020405
22.26727891156463
22.357278911564624
22.251666666666665
22.22394557823129
22.384421768707483
22.40544217687075
22.074591836734694
22.032482993197277
22.350374149659864
22.62210884353741
22.445850340136055
22.266326530612247
21.948673469387757
21.732993197278912
21.387210884353742
21.53891156462585
21.51482993197279
22.0308843537415
22.208673469387758
22.01057823129252
21.585952380952378
21.485680272108844
21.616326530612245
21.900510204081634
22.108231292517008
22.115646258503403
21.989761904761906
21.50044217687075
21.40343537414966
21.831768707482993
22.14955782312925
22.081122448979592
22.004183673469385
21.939931972789118
21.397653061224492
21.05265306122449
21.015340136054427
21.277925170068027
21.495340136054423
21.190238095238094
21.69904761904762
21.645238095238096
21.309931972789116
20.952006802721087
21.48404761904762
21.06078231292517
20.71761904761905
20.835544217687072
21.186530612244894
20.649557823129253
20.784285714285716
21.05227891156463
21.281224489795918
20.819693877551018
20.763707482993198
20.841258503401363
20.922585034013608
20.806938775510204
20.442108843537415
20.036870748299318
20.34969387755102
20.588537414965987
20.712551020408164
20.12418367346939
20.017414965986397
20.112687074829935
20.443027210884352
20.324455782312924
19.934285714285714
20.043843537414965
19.96098639455783
20.112687074829932
19.915612244897957
20.050068027210884
19.840068027210883
20.171462585034014
19.968877551020412
19.91768707482993
20.029727891156465
20.027891156462587
19.692551020408164
19.437721088435374
19.729183673469393
19.61979591836735
19.880102040816325
19.75605442176871
19.71316326530612
19.754761904761907
19.832142857142856
19.568163265306122
19.698775510204083
20.20809523809524
20.346122448979592
20.062210884353743
19.590068027210883
19.52690476190476
19.446632653061222
19.397585034013606
19.653299319727893
20.340204081632656
20.351190476190474
19.763945578231294
19.765646258503402
20.046598639455787
20.084761904761905
19.89374149659864
20.292040816326534
20.21557823129252
20.1893537414966
19.95061224489796
19.9856462585034
19.791666666666668
20.109897959183673
20.234285714285715
19.904557823129256
19.691938775510206
19.978197278911566
19.82670068027211
19.548163265306123
19.3615306122449
20.04006802721089
20.04108843537415
20.00289115646258
19.897142857142857
19.97571428571429
19.90465986394558
19.667585034013605
20.116666666666667
20.059659863945583
20.053809523809527
19.622755102040816
19.744693877551022
19.66537414965987
19.248979591836736
19.185000000000002
19.549625850340135
20.392585034013607
20.187823129251704
20.10448979591837
19.85809523809524
19.741938775510206
19.58979591836735
19.653707482993198
19.727414965986394
19.740238095238094
19.891360544217687
19.850238095238097
19.703809523809525
19.769523809523808
19.709149659863947
19.9256462585034
19.95
20.279727891156462
20.34095238095238
20.34891156462585
20.26401360544218
20.406394557823127
20.424761904761905
20.497721088435377
20.61425170068027
20.862108843537413
20.706972789115646
20.682108843537414
20.43183673469388
20.874761904761904
20.979013605442177
21.169761904761906
21.110374149659865
21.933469387755103
22.172278911564625
22.25938775510204
22.233639455782313
22.667823129251705
22.364115646258504
22.120578231292516
22.285986394557824
22.82374149659864
22.8037074829932
23.12595238095238
23.171632653061224
23.592142857142857
23.44156462585034
23.65598639455782
24.040544217687074
24.471394557823132
24.76901360544218
24.85095238095238
25.32418367346939
25.264659863945575
25.494081632653064
25.53996598639456
25.854115646258506
25.94234693877551
26.225204081632654
26.43683673469388
26.451768707482994
26.742074829931973
27.050918367346938
27.627074829931974
27.454149659863948
27.46656462585034
27.478231292517005
27.78731292517007
28.07452380952381
28.050612244897962
28.09051020408163
28.350816326530612
28.670374149659864
28.507346938775513
28.43622448979592
28.970272108843538
29.458503401360545
29.204455782312927
29.048231292517006
28.97452380952381
29.405646258503403
29.27632653061225
29.05275510204082
28.51969387755102
28.43
28.25200680272109
28.56891156462585
28.37173469387755
28.319625850340135
27.87091836734694
28.166530612244898
28.17238095238095
28.108979591836736
27.52091836734694
27.2878231292517
27.46887755102041
27.253911564625852
26.611428571428572
26.250850340136058
26.20513605442177
26.09493197278912
25.71595238095238
25.683707482993196
25.812619047619044
26.118843537414968
25.925442176870746
25.321972789115648
24.81187074829932
24.584965986394558
24.693401360544215
24.442619047619047
24.38574829931973
24.346938775510203
24.284251700680272
24.27561224489796
24.14187074829932
23.99996598639456
23.935646258503404
24.136122448979595
24.063537414965985
23.738231292517007
23.5987074829932
23.624285714285715
23.603163265306122
23.231088435374154
23.040884353741497
23.263299319727892
23.402040816326526
23.257585034013605
23.321190476190473
23.42105442176871
23.521020408163267
23.18017006802721
23.14061224489796
22.87221088435374
23.13275510204081
23.00642857142857
23.079353741496597
22.950476190476188
23.133809523809525
23.159761904761904
23.384489795918366
23.56544217687075
23.516190476190477
23.253197278911564
23.48527210884354
23.72625850340136
23.664659863945577
23.47255102040816
23.891190476190477
24.259285714285717
23.95034013605442
23.729149659863946
24.052346938775514
24.393741496598643
24.49268707482993
24.47204081632653
24.534149659863946
24.459591836734695
24.78098639455782
25.161734693877555
25.403367346938776
25.68751700680272
25.80962585034014
26.008367346938783
25.542108843537417
25.142517006802724
25.296530612244897
25.712857142857143
25.63360544217687
25.79057823129252
26.514659863945575
26.76102040816327
26.71925170068027
27.04503401360544
27.1456462585034
26.673163265306123
26.716802721088435
26.98704081632653
27.243231292517006
27.272142857142857
27.466836734693878
27.434455782312924
27.520714285714288
27.87591836734694
28.19197278911565
28.62061224489796
28.366020408163266
28.44251700680272
28.560408163265308
29.269727891156464
29.22891156462585
29.20438775510204
29.339931972789117
29.393707482993197
29.469523809523807
29.54656462585034
29.51942176870748
29.605442176870746
29.8915306122449
30.39027210884354
30.473605442176872
30.50095238095238
30.126190476190473
30.137687074829934
30.22278911564626
30.559523809523814
30.78863945578231
30.953775510204082
30.99472789115646
31.215102040816326
31.52081632653061
31.47704081632653
31.544387755102044
31.51850340136054
31.973095238095237
32.42340136054422
32.71874149659864
32.81867346938776
33.01078231292517
33.17914965986394
33.067006802721096
32.97996598639456
32.86707482993197
33.297278911564625
33.354897959183674
33.50316326530613
33.62649659863946
34.21166666666667
34.01602040816327
33.7584693877551
33.73384353741497
34.145714285714284
34.26942176870749
34.070068027210894
34.510102040816335
34.9754081632653
35.34772108843538
35.11231292517007
35.28602040816327
35.24231292517007
35.37683673469388
35.54129251700681
35.68948979591837
35.609591836734694
35.6371768707483
35.74663265306122
35.7648299319728
35.801156462585034
36.08877551020408
36.2732993197279
36.418775510204085
36.48819727891157
36.43319727891157
36.41908163265306
36.61744897959184
36.96088435374149
36.893265306122444
36.8358843537415
36.891292517006804
37.131632653061224
37.41193877551021
37.714047619047626
37.68557823129252
37.360646258503394
37.463299319727895
37.717653061224496
37.94289115646259
38.09017006802721
37.94462585034014
37.80809523809524
38.00649659863946
38.701632653061225
38.91904761904762
38.67268707482994
38.68612244897959
39.023979591836735
39.22938775510204
39.189897959183675
39.580272108843545
39.782585034013614
39.64360544217688
39.4330612244898
39.55166666666668
39.85210884353742
40.240204081632655
40.23231292517007
40.1471768707483
40.27877551020408
40.79561224489795
40.89112244897959
40.644931972789124
40.450544217687074
40.67197278911565
40.87034013605442
40.71612244897959
40.993537414965985
41.39309523809524
41.514489795918365
41.3641156462585
41.511972789115646
41.6671768707483
41.642210884353744
41.65891156462585
41.56224489795918
41.46513605442178
41.45755102040817
41.604251700680265
41.71683673469388
41.71391156462585
41.58020408163265
41.33993197278912
41.17173469387755
41.16884353741497
41.18404761904762
41.4054761904762
41.53727891156463
41.66918367346939
41.644387755102045
41.76632653061224
41.731870748299315
41.25595238095239
41.294421768707494
41.60972789115647
41.93642857142857
41.56826530612245
41.28802721088436
41.2965306122449
41.421088435374145
41.39367346938775
41.32207482993197
41.512619047619054
41.73102040816327
41.7980612244898
41.6258843537415
41.45843537414966
41.28884353741496
41.482789115646256
41.70867346938775
41.72231292517007
41.50659863945579
41.42214285714286
41.535442176870745
41.604115646258506
41.797312925170075
41.96704081632653
41.875204081632646
41.389421768707486
41.255102040816325
41.30268707482993
41.475034013605445
41.42731292517008
41.64615646258504
41.509455782312926
41.31591836734694
41.012687074829934
40.879931972789116
40.72537414965986
40.90139455782313
41.110850340136054
41.22948979591837
40.8637074829932
40.6656462585034
40.51588435374149
40.76642857142858
40.44554421768707
40.08748299319728
39.831122448979585
40.08353741496599
40.058571428571426
39.81551020408163
39.882380952380956
40.08190476190477
40.28057823129252
40.08404761904762
39.812108843537416
39.48761904761905
39.32598639455783
39.2343537414966
39.171190476190475
39.01125850340136
39.0284693877551
39.092789115646255
39.03778911564626
38.58666666666667
38.44517006802722
38.22227891156463
37.90880952380953
37.79323129251701
37.95336734693878
37.93632653061225
37.972891156462595
37.92309523809524
37.53622448979592
37.31017006802721
37.29850340136054
37.21367346938776
37.17731292517007
36.90843537414966
36.80414965986395
36.85455782312926
37.014863945578234
36.54078231292517
36.56108843537416
36.36132653061225
36.03452380952382
36.197653061224486
36.506530612244894
36.13176870748299
35.54568027210884
35.469965986394556
35.39666666666667
35.29149659863946
35.456258503401365
35.49775510204081
35.20772108843538
35.16928571428572
35.073197278911564
34.98278911564626
34.72904761904761
34.68081632653061
34.20472789115646
34.06292517006803
34.20721088435374
34.203537414965986
34.00928571428571
33.5737074829932
33.374319727891155
33.43598639455782
33.71537414965987
33.74761904761905
33.48778911564626
33.040578231292514
32.83897959183673
32.59476190476191
32.47020408163266
32.420952380952386
32.6461224489796
32.58047619047619
32.73690476190476
32.51659863945578
32.28551020408163
32.08166666666667
32.304183673469396
32.06414965986394
31.88377551020408
31.51942176870748
31.382278911564626
31.56955782312925
31.76751700680272
31.497891156462586
31.208231292517006
31.375340136054426
31.635850340136056
31.37700680272109
31.028945578231294
30.906054421768708
30.8643537414966
30.75547619047619
30.498945578231293
30.33877551020408
30.46013605442177
30.368469387755106
30.02326530612245
29.79544217687075
30.09156462585034
30.208809523809524
30.13312925170068
29.42904761904762
29.09343537414966
29.381122448979593
29.472585034013605
28.91639455782313
28.7187074829932
28.743197278911566
28.552517006802724
28.353061224489792
28.43017006802721
28.38646258503401
28.290680272108844
27.95034013605442
28.045340136054424
27.785068027210883
27.737551020408162
27.623027210884356
27.984931972789116
27.89190476190476
27.72231292517007
27.119965986394558
26.59391156462585
26.196122448979594
26.425068027210887
26.666734693877554
27.056666666666672
26.573265306122448
26.24734693877551
26.049115646258507
26.508877551020408
26.388877551020407
26.21595238095238
25.664285714285715
25.638503401360545
25.34673469387755
25.114047619047618
24.558537414965986
24.588367346938778
24.67574829931973
25.292210884353743
25.215986394557824
24.82421768707483
24.614455782312927
24.94670068027211
24.971360544217685
24.405068027210888
24.088979591836736
24.109557823129254
24.016496598639456
23.78387755102041
23.27278911564626
23.2941156462585
23.307380952380953
23.704863945578232
23.570714285714285
23.4612925170068
23.375714285714288
23.099319727891157
22.805136054421766
22.708163265306123
22.782517006802724
22.436496598639458
22.355986394557824
22.315204081632654
22.603469387755105
22.760816326530612
22.716700680272112
22.48374149659864
22.26544217687075
21.994455782312926
21.752414965986397
21.646462585034016
21.557244897959187
21.513673469387754
21.630204081632655
21.596258503401366
21.38391156462585
21.341054421768703
21.417925170068028
21.428843537414966
21.24544217687075
21.296938775510206
21.201394557823132
20.848061224489797
20.498707482993197
20.714115646258502
20.757278911564626
20.566190476190478
20.58
20.879183673469385
20.664183673469385
20.450986394557823
19.935374149659864
19.846190476190475
19.69877551020408
19.952993197278907
20.03176870748299
20.25289115646258
20.115510204081637
19.615170068027215
19.432346938775513
19.166122448979593
18.936836734693877
19.270204081632656
19.734217687074832
19.719115646258505
19.085102040816327
19.39316326530612
19.296190476190475
18.889285714285712
18.320034013605444
18.308775510204082
18.3378231292517
18.21006802721088
18.590918367346937
18.73074829931973
18.66231292517007
18.11843537414966
17.982993197278915
18.186938775510207
18.363979591836735
18.601462585034014
18.512414965986395
18.534931972789117
17.961122448979594
17.901360544217688
17.57170068027211
17.58982993197279
17.359659863945577
17.596156462585036
17.554625850340134
17.465170068027213
17.34734693877551
17.348503401360542
17.450170068027212
17.296190476190475
17.35891156462585
17.245272108843537
17.324489795918367
17.03748299319728
16.860782312925167
17.014455782312925
17.160442176870745
17.043333333333333
16.740272108843538
16.621496598639457
16.735578231292518
16.512312925170068
16.467176870748297
16.4334693877551
16.618367346938772
16.572040816326528
16.330000000000002
16.37183673469388
16.166292517006802
16.087108843537415
15.881836734693877
15.99751700680272
16.153707482993198
16.38108843537415
16.261768707482993
16.11612244897959
16.025850340136056
16.09340136054422
15.961598639455783
15.966870748299321
16.062891156462584
15.639081632653063
15.389319727891156
15.407448979591837
15.938809523809525
15.794455782312927
15.684625850340137
15.236836734693878
15.43734693877551
15.478197278911567
15.66295918367347
15.330952380952382
15.497380952380954
15.543979591836734
15.639183673469388
15.248775510204084
15.119183673469388
15.024455782312925
15.121904761904762
15.404455782312926
15.418163265306124
15.479013605442177
15.319931972789115
15.54534013605442
15.263027210884355
15.47513605442177
15.139115646258505
15.170000000000002
14.934455782312925
14.887857142857143
14.86234693877551
14.904897959183673
14.796020408163265
14.858979591836736
14.73326530612245
14.522857142857143
14.563741496598638
14.954591836734695
15.114455782312925
15.130782312925172
15.050782312925172
15.021224489795918
15.308945578231292
15.215578231292518
14.728741496598639
14.627278911564625
14.83605442176871
15.300408163265306
15.229081632653063
14.946938775510205
14.372210884353741
14.39982993197279
14.43700680272109
14.723571428571429
14.748537414965986
14.671598639455782
14.26969387755102
14.262312925170066
14.541768707482992
14.56938775510204
14.552074829931973
14.240646258503402
14.465408163265307
14.250816326530613
14.2321768707483
14.488367346938777
14.999149659863946
15.075544217687076
14.506360544217689
14.41200680272109
14.16561224489796
14.456360544217686
14.867448979591837
14.717517006802721
14.367482993197278
14.172721088435374
14.64517006802721
14.606938775510203
14.574081632653062
14.221836734693879
14.508605442176872
14.640306122448981
14.45952380952381
14.551156462585034
14.688809523809525
14.850918367346939
14.700850340136055
14.6415306122449
14.245952380952382
14.30561224489796
14.124251700680272
14.334897959183674
14.465544217687075
14.779047619047619
14.27391156462585
14.170340136054422
14.021190476190478
14.247176870748298
14.101598639455784
14.299013605442177
14.329149659863946
14.317074829931972
13.971496598639456
14.298163265306123
14.54704081632653
14.310238095238097
14.133503401360546
14.02326530612245
13.994047619047619
13.959761904761907
14.260272108843537
14.134863945578232
13.755170068027212
13.830306122448981
14.054251700680274
14.397585034013606
14.43690476190476
14.289285714285713
14.080748299319728
14.281802721088436
14.427210884353743
14.179013605442178
14.096564625850341
13.94673469387755
14.262482993197281
14.338537414965987
14.500952380952382
14.124149659863946
13.935204081632653
13.892517006802722
13.995510204081633
14.028537414965987
14.036292517006805
14.126326530612245
14.33309523809524
14.343605442176873
14.160238095238096
13.916938775510204
14.250408163265307
14.264285714285714
14.189149659863947
14.040442176870748
14.315918367346939
13.934421768707484
13.866258503401362
14.029421768707484
14.450680272108844
14.277040816326533
14.111768707482995
14.29857142857143
14.539863945578231
14.517551020408165
14.196768707482995
14.137244897959183
14.121496598639455
14.07530612244898
14.045374149659864
14.349931972789117
14.597755102040818
14.585578231292518
14.124285714285714
14.432074829931974
14.370986394557827
14.358197278911565
13.78513605442177
13.892448979591835
14.148537414965986
14.356360544217686
14.10343537414966
13.744285714285715
14.004217687074831
14.16751700680272
14.063979591836734
14.028537414965989
14.09670068027211
14.299863945578231
14.15265306122449
13.823367346938776
13.997721088435375
14.17295918367347
14.115986394557824
13.843707482993198
14.078265306122448
14.099183673469387
14.338027210884354
14.468129251700681
14.653639455782313
14.569387755102042
14.361802721088436
13.810374149659864
13.635646258503401
13.860510204081633
13.941020408163267
13.92527210884354
13.867380952380953
14.291122448979593
14.165476190476191
14.269727891156464
14.161972789115646
14.104625850340136
13.703231292517007
13.838775510204083
14.05013605442177
14.150850340136055
14.087687074829931
14.010102040816326
14.033809523809522
14.474965986394556
14.73421768707483
14.798163265306123
14.614829931972789
14.548877551020409
14.093775510204082
14.156462585034012
13.990306122448981
14.076700680272111
13.978163265306124
14.448197278911564
14.541836734693877
14.564591836734694
14.359659863945579
14.463673469387754
14.53625850340136
14.50829931972789
14.569693877551021
14.472278911564626
14.396462585034012
14.184115646258503
14.509421768707485
14.519455782312926
14.338537414965987
14.396054421768707
14.411802721088435
14.131870748299319
13.58404761904762
13.900544217687077
14.203877551020408
14.395442176870748
14.474931972789117
14.561394557823128
14.556496598639455
14.261938775510204
14.161156462585033
14.275204081632655
14.065850340136056
14.178095238095239
14.307585034013607
14.492380952380952
14.513979591836735
14.318265306122449
14.229081632653061
14.023537414965988
14.440884353741497
14.38295918367347
14.386292517006803
14.242244897959182
14.40986394557823
14.456768707482993
14.368979591836734
14.474659863945579
14.782074829931975
14.638401360544217
14.491496598639454
14.46581632653061
14.655442176870748
15.047278911564625
15.118061224489797
14.973911564625851
14.597346938775509
14.663197278911566
14.425850340136055
14.610068027210886
14.576496598639455
14.925918367346938
14.78465986394558
14.808911564625852
14.710068027210886
14.98044217687075
14.855646258503402
14.801088435374151
15.066394557823129
15.269285714285715
15.297380952380953
15.299965986394557
15.352857142857143
15.213775510204082
14.968469387755103
15.121666666666666
15.442210884353743
15.522108843537415
15.100714285714284
15.23030612244898
15.604591836734693
15.837925170068026
15.396530612244897
15.364319727891157
15.248741496598639
15.469319727891156
15.543775510204082
15.577074829931972
15.311054421768707
15.203469387755101
15.429931972789117
15.699081632653062
15.654727891156462
15.763197278911566
15.944319727891157
16.01816326530612
15.71329931972789
15.757312925170067
15.797789115646259
15.631700680272107
15.648911564625852
16.378945578231296
16.655034013605444
16.22697278911565
15.537244897959184
16.009421768707483
16.28683673469388
16.41826530612245
15.933197278911564
15.905102040816328
15.918299319727893
16.34673469387755
16.252857142857145
16.494183673469387
16.55925170068027
16.61261904761905
16.396768707482995
16.836496598639457
16.580816326530616
16.29921768707483
16.610510204081635
16.77707482993197
16.445136054421766
16.52557823129252
16.638435374149662
16.90200680272109
16.959251700680277
17.082755102040814
16.49108843537415
16.75884353741497
17.199931972789116
17.495544217687076
17.298707482993194
17.203639455782312
17.25231292517007
17.560510204081634
17.535340136054423
17.575680272108844
17.612959183673468
17.971972789115647
17.80095238095238
17.81302721088435
17.854931972789117
18.41105442176871
18.192789115646256
18.328843537414965
18.418095238095237
19.090714285714288
18.749523809523808
18.86091836734694
18.906428571428574
19.135782312925173
18.87418367346939
19.410748299319728
19.958537414965985
20.200510204081635
20.290952380952383
20.43462585034014
20.610408163265312
20.791292517006806
21.015476190476193
21.0865306122449
21.105170068027213
21.95275510204082
21.999115646258502
22.15108843537415
22.230238095238096
22.880374149659865
23.04200680272109
23.664353741496598
24.055204081632656
24.54574829931973
24.954761904761902
25.474557823129253
25.60530612244898
26.190952380952382
26.58227891156463
26.523945578231295
26.36027210884354
26.659863945578234
26.596530612244894
26.322278911564624
26.261258503401358
26.275782312925166
25.979931972789117
26.027857142857144
26.03707482993197
25.95622448979592
25.777891156462587
26.01139455782313
26.11918367346939
25.89170068027211
25.99945578231293
26.183095238095238
26.555204081632652
26.36802721088435
26.66595238095238
26.636870748299323
26.8274149659864
27.04265306122449
27.364047619047618
27.45183673469388
27.614591836734697
27.650068027210885
27.802687074829933
28.095034013605442
27.973979591836734
27.59547619047619
27.770510204081635
28.19190476190476
28.140680272108845
27.49159863945578
27.451802721088434
27.966598639455782
28.208673469387758
28.354081632653063
28.12047619047619
28.71969387755102
28.6034693877551
28.93965986394558
28.56448979591837
28.88122448979592
28.545816326530613
28.56659863945578
28.501938775510204
28.417482993197275
27.47333333333333
27.236394557823125
27.137585034013608
27.289115646258505
26.524455782312927
26.362789115646255
25.72013605442177
25.637687074829934
25.113673469387756
25.075238095238095
24.833027210884353
24.848843537414965
24.420646258503403
24.385238095238094
24.243979591836737
24.267108843537414
23.705986394557826
23.09285714285714
22.719455782312927
23.164693877551016
23.152414965986395
22.691734693877553
22.39761904761905
22.54462585034014
22.455170068027215
22.624761904761904
22.288673469387756
22.141122448979594
22.297857142857143
22.583945578231294
22.117244897959182
21.7037074829932
21.58047619047619
21.42068027210884
21.528571428571425
21.623673469387754
21.76142857142857
21.955170068027208
21.83374149659864
21.453061224489797
21.09877551020408
20.972619047619048
20.764863945578234
20.711156462585038
20.42200680272109
19.711122448979577
19.018945578231275
