25.808299319727897
26.762040816326518
26.049795918367348
25.284625850340134
25.372448979591837
25.420272108843537
25.614761904761906
25.565102040816328
25.083673469387758
24.54265306122449
24.34639455782313
24.265850340136055
24.224149659863944
24.41
24.4412925170068
24.335782312925172
24.296326530612248
23.918979591836738
23.858503401360544
24.076258503401363
23.863401360544216
23.654693877551022
23.48408163265306
23.51904761904762
23.530340136054424
23.851836734693876
23.974761904761905
23.581972789115646
23.448775510204083
23.24408163265306
23.41877551020408
22.949591836734697
23.116394557823135
22.699115646258505
22.609727891156464
22.960068027210884
23.392312925170067
23.000748299319728
22.560068027210885
22.98687074829932
22.92496598639456
22.85170068027211
22.751632653061222
22.815714285714286
22.746734693877556
22.4230612244898
22.420408163265307
22.614761904761902
22.99557823129252
22.62591836734694
22.44816326530612
22.5165306122449
22.721156462585036
22.491972789115646
22.227687074829934
22.412993197278915
22.655238095238097
22.796462585034014
22.26156462585034
22.011768707482993
22.412448979591836
22.689455782312926
22.319727891156468
21.625714285714285
21.767210884353744
21.991632653061224
22.625578231292522
22.33761904761905
22.118707482993198
22.177891156462586
22.57938775510204
22.238231292517007
21.872789115646256
21.765782312925168
21.697278911564627
21.90891156462585
22.24312925170068
22.28965986394558
22.06557823129252
21.961632653061223
22.39197278911565
22.254285714285714
21.847278911564626
21.359455782312928
21.383877551020408
21.402108843537416
21.45122448979592
21.171156462585035
20.927687074829933
21.053333333333335
21.148775510204082
20.910068027210883
21.020544217687075
20.927619047619046
20.54122448979592
20.691428571428574
21.12231292517007
21.34891156462585
20.970068027210885
20.791292517006802
20.582993197278913
20.70986394557823
20.653129251700683
20.64816326530612
20.785986394557824
20.836394557823134
20.85952380952381
20.94843537414966
21.280408163265307
21.28034013605442
20.794149659863944
20.47074829931973
20.654013605442177
20.858843537414966
20.738775510204082
20.78469387755102
20.797619047619047
20.743333333333332
20.86605442176871
20.865646258503403
20.938503401360546
21.05278911564626
21.079591836734693
20.453877551020412
20.318027210884352
20.343333333333334
20.544557823129253
20.67
21.475850340136052
21.673333333333332
21.247482993197277
20.883333333333333
21.150816326530613
21.210544217687076
21.153469387755102
21.08734693877551
20.922108843537416
20.516190476190477
20.677891156462586
20.94448979591837
21.057074829931974
21.30013605442177
21.267142857142858
21.02278911564626
20.720136054421772
21.096462585034015
21.27204081632653
21.04353741496599
20.93891156462585
20.905510204081633
20.680068027210886
20.348979591836738
20.367619047619048
20.825850340136057
20.972925170068027
20.89136054421769
20.569387755102042
20.598367346938772
20.7243537414966
20.832448979591838
20.959795918367348
20.888027210884356
20.87108843537415
20.86748299319728
21.13700680272109
21.078639455782316
21.129319727891158
20.98809523809524
21.286326530612246
21.157551020408164
21.236802721088438
20.97136054421769
20.920680272108847
20.719387755102044
20.83340136054422
20.931632653061225
20.81598639455782
21.07938775510204
21.394489795918368
21.465238095238096
21.241768707482994
21.34469387755102
21.32047619047619
21.151972789115646
21.18462585034014
21.681428571428572
21.89952380952381
22.074489795918367
21.918027210884354
22.184353741496597
22.457619047619048
22.660884353741498
22.808979591836735
22.739659863945576
22.927278911564624
22.877755102040815
23.0308843537415
23.500408163265305
23.998163265306122
23.961564625850343
23.796326530612244
23.990204081632655
24.379931972789116
24.531156462585038
24.94149659863946
25.165034013605442
25.48013605442177
25.886598639455784
25.89040816326531
26.013809523809524
26.232857142857142
26.91938775510204
27.121904761904762
27.39469387755102
27.370544217687076
27.498367346938778
27.717074829931974
28.185238095238095
28.222925170068027
28.331224489795922
28.79265306122449
28.87312925170068
28.984013605442176
29.205102040816328
30.118707482993198
30.26687074829932
30.306258503401363
30.17251700680272
30.343469387755103
31.00884353741497
31.447687074829933
31.490612244897957
31.224897959183675
31.371496598639457
31.27734693877551
31.208571428571428
31.532721088435373
32.17163265306122
32.18027210884354
31.904421768707486
32.01877551020409
32.459659863945575
32.85673469387755
32.77095238095238
32.473945578231294
31.807346938775513
31.788639455782317
31.980952380952385
32.08891156462585
31.44979591836735
31.35748299319728
31.147619047619045
31.262585034013608
30.874897959183674
30.794013605442178
30.349319727891157
29.94809523809524
29.576734693877555
29.559455782312924
29.592244897959187
29.31795918367347
28.571768707482995
28.31367346938776
28.4243537414966
28.670748299319733
28.35387755102041
28.1734693877551
27.80986394557823
27.769591836734694
27.790680272108844
27.69387755102041
27.07027210884354
26.850816326530612
26.98326530612245
27.017414965986397
26.59340136054422
26.292380952380956
26.294489795918366
26.268639455782314
26.249727891156468
26.113741496598635
26.203877551020405
25.935578231292517
25.785374149659862
25.643197278911565
25.80360544217687
25.738027210884354
25.862925170068028
25.846598639455785
25.880272108843535
25.74074829931973
25.842108843537417
25.587551020408164
25.356530612244896
25.20877551020408
25.55979591836735
25.43843537414966
25.423945578231297
25.31108843537415
25.593537414965986
25.45482993197279
25.351224489795918
25.258367346938773
25.700068027210882
26.245442176870746
26.475850340136052
26.21666666666667
25.807278911564627
25.708163265306123
25.760612244897956
26.03816326530612
26.152585034013608
26.481972789115645
26.491836734693877
26.666394557823132
26.681428571428576
26.8921768707483
26.806462585034016
26.960068027210887
27.196734693877552
27.697823129251702
27.713061224489792
27.442176870748302
27.613197278911567
28.25265306122449
28.606938775510205
28.44360544217687
28.30836734693878
28.609047619047622
29.074081632653066
29.144625850340137
29.23877551020408
29.49448979591837
29.931904761904764
30.07632653061225
30.067891156462583
30.041428571428572
29.900680272108843
30.115238095238098
30.311836734693877
30.860816326530617
31.19952380952381
31.532857142857143
31.73238095238095
32.108231292517004
32.08190476190476
32.226190476190474
32.36299319727891
32.587959183673476
32.4743537414966
32.55380952380953
32.69
32.66
32.81809523809524
33.51727891156463
33.887074829931976
33.635170068027215
33.5812925170068
33.88517006802722
34.32095238095238
34.526054421768706
34.950544217687074
35.23605442176871
35.228707482993194
35.33850340136054
35.260136054421764
35.86666666666667
35.9921768707483
36.34353741496598
36.20965986394558
36.70428571428572
36.65523809523809
36.59380952380952
36.759795918367345
37.430612244897965
37.371156462585034
37.22299319727891
37.472244897959186
38.11102040816326
38.37544217687075
38.55265306122449
38.57857142857143
38.91394557823129
39.046462585034014
39.234149659863945
39.381904761904764
39.753673469387756
39.85197278911565
39.98244897959184
39.90877551020408
39.94659863945578
39.94700680272109
40.13639455782313
40.397891156462585
40.65857142857143
40.84925170068027
40.93448979591837
41.00619047619048
41.17448979591837
41.27204081632654
41.421360544217684
41.25217687074831
41.25693877551021
41.49863945578231
41.90979591836735
41.84428571428572
41.90857142857143
42.13598639455782
42.28163265306122
42.13333333333333
42.52612244897959
42.915578231292514
43.070748299319725
42.753197278911564
42.70374149659864
42.93795918367347
43.18925170068027
43.15095238095238
43.363945578231295
43.666938775510204
43.704625850340136
43.43585034013606
43.52836734693878
43.880204081632655
44.14183673469388
43.82517006802721
43.886802721088436
44.23367346938775
44.43931972789116
44.124693877551024
44.12190476190476
44.438707482993195
44.56081632653061
44.761904761904766
45.24700680272109
45.41
45.25054421768708
45.05496598639456
45.31979591836735
45.36965986394558
45.492721088435374
45.45319727891156
45.50496598639456
45.37299319727891
45.60591836734694
45.792312925170066
45.92727891156463
45.8039455782313
45.79496598639456
46.00013605442177
46.051156462585034
45.863129251700684
45.81340136054422
46.16367346938776
46.51258503401361
46.486054421768706
46.38537414965987
46.53469387755102
46.484693877551024
46.41571428571429
46.06802721088436
46.357959183673465
46.420952380952386
46.598027210884354
46.17108843537415
46.349047619047624
46.440816326530616
46.790884353741504
46.60013605442177
46.6
46.740204081632655
46.601768707483
46.38204081632653
46.10734693877551
46.32897959183674
46.297551020408164
46.24462585034014
46.09292517006803
46.55843537414966
46.662176870748304
46.258775510204075
45.74061224489796
45.86857142857143
46.06503401360544
46.040680272108844
45.991224489795925
45.8621768707483
45.895034013605446
45.74809523809524
45.38367346938776
45.289251700680275
45.248571428571424
45.548639455782315
45.7321768707483
45.73666666666667
45.26421768707484
45.29789115646258
45.49013605442177
45.57707482993197
45.4865306122449
45.64748299319728
45.5121768707483
45.29136054421769
45.17557823129252
45.08013605442177
45.089727891156464
45.119455782312926
45.22823129251701
45.14619047619048
44.8034693877551
44.78557823129252
44.76462585034014
45.04340136054422
44.88367346938776
44.871632653061226
44.45585034013606
44.25238095238095
44.47319727891156
44.506122448979596
44.13503401360544
43.84278911564626
44.051904761904765
43.903333333333336
43.60816326530613
43.42306122448979
43.36326530612246
43.49034013605442
43.26897959183674
43.41517006802721
43.30952380952382
43.32727891156463
42.938979591836734
42.82632653061224
42.662517006802716
42.42142857142857
42.29380952380953
42.464285714285715
42.63891156462585
42.367482993197285
42.14931972789116
42.197142857142865
41.77850340136055
41.5487074829932
41.450748299319734
41.459319727891156
41.04659863945579
41.13945578231293
40.62108843537415
40.25693877551021
40.12972789115646
40.36455782312925
40.438639455782315
40.425442176870746
40.10775510204081
39.85326530612245
39.57462585034014
39.429863945578234
39.33401360544218
39.64775510204082
39.494081632653064
39.57265306122449
39.48408163265306
39.31551020408163
38.66986394557823
38.554149659863945
38.24265306122449
38.16183673469388
38.13326530612245
38.260000000000005
38.03122448979592
37.830612244897964
37.793741496598635
37.526598639455784
37.22666666666666
37.07306122448979
37.183673469387756
36.996734693877556
36.653945578231294
36.71061224489796
36.53414965986394
36.33700680272109
35.98421768707483
35.95965986394559
35.82741496598639
35.80034013605442
35.48510204081632
35.16428571428571
34.98911564625851
35.00693877551021
34.907210884353745
34.75244897959184
34.50374149659864
34.302857142857135
34.319931972789114
34.21183673469388
33.80897959183673
34.01571428571428
34.07469387755102
33.91829931972789
33.495510204081626
33.40265306122449
33.0448299319728
32.752925170068025
32.84925170068027
32.958231292517006
32.81829931972789
32.656870748299326
32.395102040816326
32.4965306122449
32.5065306122449
32.4287074829932
32.18585034013606
31.99965986394558
32.19489795918367
32.280204081632654
32.28530612244898
31.845986394557826
31.564013605442177
31.667346938775513
31.8465306122449
31.502585034013606
31.27925170068027
31.42578231292517
31.106598639455783
30.54408163265306
30.438163265306123
30.824013605442175
30.786530612244903
30.6243537414966
30.34877551020408
30.145850340136054
29.981496598639456
30.099251700680277
30.06258503401361
29.76251700680272
29.293877551020408
29.365578231292517
29.066938775510202
28.907687074829933
28.642108843537414
28.625714285714288
28.526734693877554
28.8478231292517
28.854625850340135
28.54959183673469
28.198979591836736
27.93
27.825102040816326
27.739931972789115
27.477210884353745
27.270408163265305
27.303809523809523
27.357687074829933
26.969727891156463
26.877823129251702
26.426054421768704
26.464965986394557
26.062448979591835
26.068979591836733
25.981156462585034
26.32054421768708
26.057142857142857
25.93333333333333
25.66312925170068
25.883469387755103
26.03938775510204
25.972244897959186
25.24340136054422
25.12578231292517
25.211972789115645
25.123469387755105
24.87829931972789
24.899455782312927
24.833945578231294
24.68863945578231
24.717074829931974
24.434149659863948
24.2834693877551
23.93517006802721
24.02170068027211
23.737074829931974
23.723945578231294
23.834081632653064
23.749319727891155
23.252925170068025
23.00925170068027
23.19734693877551
23.122585034013607
22.967006802721087
22.78482993197279
22.71591836734694
22.804965986394556
23.008299319727893
23.031496598639457
23.2187074829932
23.125510204081635
22.46625850340136
21.960204081632654
22.371632653061223
22.598843537414965
22.074081632653062
21.539183673469392
22.17278911564626
22.534761904761904
22.27979591836735
21.425034013605444
21.421088435374152
21.58108843537415
21.978843537414967
21.584557823129252
21.35061224489796
21.2295918367347
21.161156462585033
20.746122448979595
20.999795918367347
21.183333333333337
21.232448979591837
20.702448979591836
20.972380952380956
20.871156462585034
21.146734693877555
20.904693877551022
20.717687074829932
20.45421768707483
20.368435374149662
20.498367346938778
20.27952380952381
20.321020408163267
20.042244897959183
20.25578231292517
19.961564625850343
19.71891156462585
19.546938775510206
19.515646258503402
19.34687074829932
19.003537414965987
19.38877551020408
19.38795918367347
19.74034013605442
19.604217687074833
19.390544217687072
18.65598639455782
18.494897959183675
18.704081632653065
18.924897959183674
18.630204081632655
18.46972789115646
18.328163265306124
18.576598639455785
18.760340136054424
18.976122448979595
18.584693877551018
18.13727891156463
18.02285714285714
18.076190476190476
18.159659863945578
18.07775510204082
17.989319727891157
17.547278911564625
17.285102040816327
17.31074829931973
17.594625850340137
17.643673469387757
17.673265306122453
17.765238095238097
17.570680272108845
17.31578231292517
17.15190476190476
17.23510204081633
17.221156462585036
17.306598639455782
16.978979591836737
17.01183673469388
17.274421768707484
17.305102040816326
16.728707482993197
16.895986394557823
16.92326530612245
16.855102040816327
16.70986394557823
16.74360544217687
16.382925170068027
16.258503401360546
16.66231292517007
16.616190476190475
16.42340136054422
16.36551020408163
16.622721088435373
16.517074829931975
16.52619047619048
16.51857142857143
16.18136054421769
15.833265306122449
15.82374149659864
16.187551020408165
16.170544217687073
16.022108843537413
15.777959183673472
15.968775510204082
16.33421768707483
16.342380952380953
16.09095238095238
15.87360544217687
15.879931972789116
15.795578231292517
15.959863945578231
15.925918367346942
15.827210884353743
15.723945578231293
15.648775510204082
15.384693877551019
15.207959183673468
15.283877551020407
15.394965986394558
15.656666666666666
15.942993197278913
15.989455782312927
15.57047619047619
15.144353741496602
15.208367346938775
15.395918367346939
15.116530612244897
15.319727891156464
15.34326530612245
15.206054421768709
14.639727891156463
14.716054421768707
15.052244897959184
15.484693877551022
15.651156462585035
15.164285714285715
15.071292517006803
15.698503401360544
15.682176870748298
15.167755102040816
14.913945578231292
15.360204081632654
15.28170068027211
15.294421768707483
15.330340136054422
15.369863945578231
15.31360544217687
15.381564625850341
15.209455782312926
15.156326530612247
14.880408163265306
14.93204081632653
14.944693877551021
15.160408163265306
15.24265306122449
15.43
15.356462585034015
15.233945578231292
15.070680272108843
15.011632653061223
14.823333333333334
14.6743537414966
14.786598639455782
14.932653061224489
14.832925170068027
14.912721088435376
15.226530612244897
15.261904761904763
14.764285714285714
14.675374149659863
14.590612244897958
14.658639455782312
14.816938775510206
14.917891156462588
14.700204081632652
14.457619047619048
14.487210884353743
14.46469387755102
14.331836734693876
14.324489795918367
14.26591836734694
14.80482993197279
14.715374149659866
15.016326530612247
14.701156462585034
14.751700680272112
14.502108843537414
14.818843537414965
14.93795918367347
14.713129251700682
14.729115646258505
15.140340136054423
15.827210884353743
15.684625850340137
14.890680272108844
14.388979591836735
14.60795918367347
14.992517006802723
14.779659863945579
14.706598639455782
14.752721088435376
14.679455782312925
14.22285714285714
14.374421768707482
14.720068027210885
14.96748299319728
14.506938775510205
14.333061224489798
14.302244897959184
14.641972789115647
14.639591836734693
14.732176870748297
14.60748299319728
14.627823129251702
14.721904761904764
14.745374149659865
14.903673469387755
14.643469387755102
14.443265306122449
14.197074829931974
14.414421768707482
14.37408163265306
14.267278911564624
14.423333333333334
14.73265306122449
14.992653061224491
14.965170068027213
15.012857142857143
15.035510204081634
14.941496598639457
14.7221768707483
14.598843537414965
14.703605442176872
15.02591836734694
14.933605442176871
14.549863945578231
14.359183673469389
14.583605442176871
14.45061224489796
14.791224489795917
14.908095238095239
15.079319727891157
14.525238095238095
14.738843537414967
14.795578231292517
14.846938775510205
14.403061224489797
14.150680272108845
14.375374149659864
15.001156462585035
15.193061224489796
14.884149659863946
14.478639455782313
14.722244897959184
14.63231292517007
14.705850340136054
14.172925170068027
14.373265306122448
14.378503401360545
14.738231292517007
14.331088435374149
14.583265306122449
14.603945578231292
14.8821768707483
14.696190476190477
14.658027210884356
14.761496598639456
14.814149659863945
14.464897959183673
14.133061224489795
14.475918367346939
14.537823129251702
14.331496598639458
14.15857142857143
14.339591836734694
14.628707482993196
14.586122448979593
14.33074829931973
14.032108843537415
14.41925170068027
14.713265306122448
14.689863945578232
14.398843537414965
14.17530612244898
14.356870748299322
14.68013605442177
14.886802721088436
14.702448979591836
14.013809523809524
14.155918367346938
14.49374149659864
14.884761904761906
14.372585034013607
14.396734693877553
14.326734693877553
14.45700680272109
14.367891156462584
14.705578231292517
14.459727891156463
14.69734693877551
14.511632653061225
14.441292517006804
14.243945578231294
14.332993197278913
14.075918367346938
14.035238095238096
14.192448979591838
14.584557823129252
14.561972789115647
15.040272108843538
14.962789115646258
15.052040816326532
14.540816326530612
14.731020408163268
14.672380952380953
14.87013605442177
14.488979591836735
14.439863945578233
14.547891156462585
14.787074829931974
14.60421768707483
14.627142857142857
14.777891156462585
14.773333333333333
14.534217687074829
14.632925170068026
14.752517006802721
14.795442176870749
14.575374149659863
14.355374149659866
14.464489795918368
14.806734693877551
15.000952380952382
14.63374149659864
14.515986394557824
14.683809523809524
14.537414965986397
14.69965986394558
14.670340136054422
14.97938775510204
14.74986394557823
15.321156462585034
14.593537414965986
14.68047619047619
14.384013605442178
15.025714285714287
15.004625850340137
15.004761904761905
14.963537414965987
14.926190476190477
15.023673469387756
14.685306122448981
14.989183673469388
15.336870748299319
15.30204081632653
15.241020408163266
14.95700680272109
15.10278911564626
15.113537414965988
15.4521768707483
15.43544217687075
15.084149659863945
14.926258503401362
14.78952380952381
14.741768707482994
14.734013605442177
15.021904761904763
15.251496598639456
15.290272108843538
15.251428571428573
15.022993197278913
15.036054421768709
15.194081632653063
15.612380952380953
15.450408163265308
15.568707482993197
15.694625850340136
15.802721088435375
15.606530612244898
15.693605442176873
15.419727891156462
15.402925170068027
15.470136054421769
15.598231292517006
15.32047619047619
15.666054421768708
15.599591836734692
15.56326530612245
15.707755102040819
16.04108843537415
15.813129251700682
15.923809523809524
16.141632653061226
15.889727891156461
15.597619047619048
15.717414965986396
15.863265306122448
15.947346938775512
16.155646258503403
16.39775510204082
16.232993197278915
16.268979591836732
16.388707482993198
16.34265306122449
16.233605442176874
16.50605442176871
16.523197278911564
16.352244897959185
16.25244897959184
16.37251700680272
16.16530612244898
16.601224489795918
16.530952380952378
16.424761904761905
16.510272108843537
16.98829931972789
16.484421768707485
16.311292517006805
16.449319727891158
16.867755102040817
16.659863945578234
16.903469387755102
16.638707482993198
16.762585034013608
16.5612925170068
17.241904761904763
17.154557823129252
17.3252380952381
16.976666666666667
17.584013605442177
17.448775510204083
17.35387755102041
17.10156462585034
17.635374149659864
17.773809523809526
17.68027210884354
17.700544217687074
18.061088435374153
17.795578231292517
17.411020408163267
17.514897959183674
17.925102040816327
18.145986394557823
18.449455782312928
18.383741496598642
17.917210884353743
17.833877551020407
18.384013605442178
18.491020408163266
18.560816326530613
18.483197278911565
18.865374149659864
19.144285714285715
19.649591836734697
19.442857142857143
19.378367346938774
19.28034013605442
19.764285714285716
19.93040816326531
20.213809523809523
20.001836734693875
20.0565306122449
20.29714285714286
20.554693877551024
20.4408843537415
20.754421768707484
21.175850340136055
21.354421768707486
21.165782312925174
21.28095238095238
21.65836734693878
22.33918367346939
22.586326530612247
22.604557823129255
22.791564625850338
23.351496598639457
23.543537414965986
23.751836734693878
24.181496598639455
24.745102040816327
24.821972789115648
25.26197278911565
25.680136054421773
26.48013605442177
26.90734693877551
27.368843537414968
27.28265306122449
27.712244897959188
28.42605442176871
28.523877551020412
28.714625850340134
28.914081632653062
29.04843537414966
29.110340136054425
29.44986394557823
29.34748299319728
29.041836734693877
29.180680272108845
29.351496598639457
29.410408163265306
29.538979591836735
29.800068027210884
29.811496598639454
29.896734693877555
30.54965986394558
31.0156462585034
31.004421768707484
30.915510204081638
31.753945578231296
32.253945578231296
32.72401360544218
33.04278911564626
33.58707482993198
33.951836734693885
34.139319727891156
34.5052380952381
34.40102040816327
34.47986394557823
34.4917006802721
34.82020408163265
34.61598639455782
34.37006802721089
34.22469387755102
34.28312925170068
34.05598639455782
34.09040816326531
33.96585034013606
34.05448979591837
33.492040816326536
33.19387755102041
33.3425850340136
33.67102040816327
33.21333333333333
32.72775510204082
32.829523809523806
32.951292517006806
32.82088435374149
31.99775510204082
31.040408163265308
30.523605442176873
30.852721088435374
30.921836734693876
30.61482993197279
30.287891156462585
29.609251700680268
28.884285714285713
28.305170068027213
27.8456462585034
27.56965986394558
27.262108843537415
27.198367346938777
26.92585034013606
26.75462585034014
26.472176870748303
25.84986394557823
25.47006802721089
25.40482993197279
25.48748299319728
25.043061224489797
24.34877551020408
24.120544217687076
24.57578231292517
24.582312925170072
24.076666666666668
23.323401360544214
23.841020408163267
23.793197278911563
23.575034013605443
23.22034013605442
23.05
22.251904761904765
21.93639455782313
22.151972789115646
22.448231292517008
22.238435374149663
22.119727891156465
21.8243537414966
21.753809523809522
21.75299319727891
21.975102040816328
21.62374149659864
21.09591836734694
20.611496598639455
20.621700680272095
19.986836734693867
