24.86697278911566
25.005918367346926
24.706598639455777
24.7921768707483
24.814693877551022
24.706258503401358
24.593945578231292
24.63122448979592
23.881020408163266
23.903877551020408
24.140816326530615
24.12578231292517
23.801292517006804
23.673741496598645
23.65108843537415
23.189591836734692
23.167959183673474
23.192721088435373
23.40482993197279
23.23292517006803
23.00414965986395
22.99299319727891
23.478979591836737
23.56265306122449
23.227142857142855
22.632448979591835
22.82265306122449
22.462925170068026
22.114829931972793
22.272585034013606
22.89639455782313
23.19578231292517
22.747755102040816
22.29938775510204
21.740952380952383
21.963809523809523
22.302993197278916
22.206802721088437
21.875510204081632
21.779727891156462
21.966122448979593
22.148367346938773
22.352857142857147
22.21
22.224557823129253
22.012925170068026
21.812857142857144
21.562448979591835
21.901700680272107
21.994353741496596
22.022721088435375
21.838979591836736
21.793945578231295
21.914897959183676
21.92074829931973
22.03857142857143
21.982176870748297
22.142380952380954
21.912380952380957
21.9578231292517
21.587414965986397
21.370068027210888
21.369251700680273
21.239795918367346
21.31965986394558
21.50578231292517
21.980544217687076
21.649183673469388
21.080068027210885
20.761768707482993
21.28170068027211
21.4421768707483
21.226462585034014
20.88625850340136
21.150408163265304
21.13544217687075
20.97761904761905
21.120544217687076
21.37326530612245
21.260408163265307
21.08095238095238
20.878979591836735
21.000204081632653
20.760816326530612
20.978979591836733
20.83108843537415
20.977074829931972
20.688843537414964
20.345578231292514
20.603605442176868
20.765850340136055
20.514285714285716
19.902108843537416
20.279523809523813
20.421292517006805
20.242789115646257
19.938231292517006
19.908027210884356
20.233945578231292
20.271224489795916
20.45972789115646
20.35544217687075
20.414489795918367
19.870544217687076
20.02965986394558
20.362108843537413
20.693945578231293
20.109251700680275
19.63265306122449
19.41768707482993
19.825102040816326
19.520272108843535
19.826054421768706
20.13374149659864
20.55156462585034
20.035102040816327
20.076938775510204
20.139931972789118
20.220680272108847
19.99544217687075
19.98013605442177
19.84265306122449
19.980544217687076
19.85918367346939
20.45591836734694
20.374489795918368
20.37122448979592
19.734421768707485
20.090680272108845
20.280816326530612
20.500340136054426
20.217414965986393
20.290408163265305
20.198503401360544
20.048435374149662
19.893265306122448
20.05455782312925
19.932721088435375
20.241632653061227
20.024285714285718
19.900000000000002
19.820068027210883
20.04081632653061
19.909591836734695
20.206938775510203
20.29972789115646
20.1421768707483
20.017142857142858
20.31605442176871
20.03312925170068
19.566938775510206
19.514557823129252
19.896462585034016
20.01843537414966
20.127551020408163
20.35061224489796
20.44952380952381
19.988163265306124
19.83013605442177
19.819591836734695
19.717687074829932
19.87170068027211
20.23278911564626
20.211156462585034
20.022380952380953
20.257278911564626
20.42394557823129
20.147074829931974
19.697006802721084
19.832448979591838
19.89190476190476
20.365578231292517
20.068027210884356
19.98108843537415
19.899795918367346
20.13795918367347
20.310476190476187
20.086054421768708
20.191768707482993
19.784013605442176
20.134693877551022
20.098775510204085
20.64428571428572
20.424081632653063
20.34938775510204
20.551020408163268
21.151360544217688
21.137414965986395
21.04081632653061
21.100748299319726
21.140748299319725
20.90714285714286
21.272448979591836
21.490136054421768
21.709931972789114
21.720204081632655
21.968775510204082
22.170204081632654
22.325102040816326
22.192925170068026
22.483061224489795
22.569115646258503
22.54965986394558
22.299795918367348
22.51687074829932
23.192040816326532
23.78544217687075
23.78816326530612
23.229523809523812
23.40503401360544
24.051428571428573
24.28122448979592
24.317006802721092
24.613401360544216
24.9121768707483
24.642244897959184
24.493877551020407
25.392380952380954
25.89224489795918
26.02857142857143
25.75714285714286
26.066462585034014
26.379387755102044
26.657414965986398
26.79353741496599
26.803197278911565
27.152585034013608
27.181836734693878
27.04231292517007
26.953537414965986
27.420748299319726
27.79741496598639
27.955238095238094
27.85292517006803
27.96210884353742
28.05455782312925
28.100884353741495
28.465646258503398
28.810680272108847
28.992448979591842
28.742925170068027
28.59557823129252
28.461156462585038
28.762176870748302
28.596122448979592
28.17748299319728
27.87251700680272
28.000612244897958
27.90108843537415
27.83816326530612
27.830408163265307
27.40231292517007
27.256870748299324
27.068707482993197
27.00884353741497
26.551768707482992
26.67
26.757823129251705
26.991700680272114
26.88836734693878
26.827823129251705
26.19496598639456
25.744897959183675
25.398231292517007
25.87598639455782
25.73047619047619
25.66904761904762
25.151360544217685
25.166258503401366
24.57156462585034
24.116190476190475
23.72714285714286
24.220748299319727
24.48408163265306
24.45755102040816
24.29027210884354
24.340748299319728
23.749319727891155
23.59714285714286
23.55578231292517
23.494013605442177
23.336462585034013
23.567278911564628
23.585578231292516
23.787891156462585
23.820204081632653
23.24142857142857
22.785306122448983
22.9930612244898
23.214761904761907
23.525782312925173
23.6356462585034
23.468503401360543
23.066190476190478
22.84843537414966
23.001292517006803
23.088571428571427
23.138503401360545
22.61972789115646
22.703061224489797
22.93530612244898
23.123197278911565
23.408843537414967
23.500884353741498
23.566938775510206
23.24061224489796
23.522448979591836
23.652517006802718
23.55469387755102
23.510544217687077
23.685374149659864
24.30197278911565
24.22551020408163
24.08741496598639
24.016802721088435
24.10108843537415
24.21360544217687
23.97312925170068
24.201700680272108
24.06945578231293
25.006530612244898
25.464761904761904
25.522108843537417
25.167414965986396
25.608775510204083
25.67476190476191
25.327551020408166
24.99530612244898
25.340748299319728
25.566122448979595
25.74721088435374
25.90938775510204
26.17469387755102
26.337482993197277
26.223741496598638
26.426802721088436
26.58843537414966
26.719523809523807
26.961020408163265
27.104285714285716
27.30829931972789
27.3743537414966
27.582176870748302
27.390680272108845
27.854557823129255
28.04380952380953
27.998027210884356
27.87333333333333
28.650408163265308
28.783809523809524
28.53374149659864
28.51591836734694
29.3187074829932
29.373673469387757
29.480068027210883
29.31312925170068
29.44857142857143
29.268231292517008
29.889387755102042
30.30292517006803
30.3365306122449
30.069863945578227
30.283945578231297
30.342380952380953
30.559727891156463
30.33
30.924421768707482
31.057142857142857
31.458231292517006
31.312108843537416
31.584761904761905
31.659795918367347
31.797210884353742
31.87721088435374
31.810068027210885
31.68510204081633
31.808231292517007
32.24510204081633
32.495986394557825
32.62503401360544
32.805782312925174
33.22448979591837
33.26258503401361
33.68353741496599
33.95687074829932
34.00224489795919
34.02170068027211
34.343197278911575
34.47428571428571
34.49013605442177
34.614081632653054
34.9208843537415
34.8830612244898
35.08707482993198
34.94673469387755
35.08823129251701
35.17836734693878
35.6387074829932
36.01816326530613
36.28122448979592
36.32517006802721
36.536462585034016
36.464625850340134
36.20591836734694
35.98006802721089
36.460680272108846
36.95095238095239
36.95612244897959
36.87353741496599
36.5525850340136
36.86863945578231
36.8987074829932
37.20040816326531
37.110408163265305
37.25068027210884
37.35748299319727
37.73571428571429
38.247346938775515
37.98673469387755
37.69619047619048
37.67421768707483
37.72768707482993
37.814625850340136
38.253673469387756
38.952993197278914
38.94952380952381
38.765578231292515
38.83836734693878
39.26428571428571
39.62006802721089
39.51197278911565
39.387687074829934
39.61707482993198
40.333945578231294
40.44428571428571
40.13931972789116
40.10102040816327
40.5030612244898
40.77768707482994
40.70442176870749
41.279591836734696
41.56102040816327
41.62401360544217
40.9112925170068
41.2
41.66632653061225
42.020816326530614
41.88285714285715
41.53272108843537
41.70714285714286
42.09789115646259
42.59591836734694
42.19768707482993
42.04768707482993
42.32428571428571
42.70578231292517
42.71721088435375
42.641768707482996
42.60251700680272
42.827891156462584
42.99095238095238
43.27006802721088
43.217551020408166
43.071496598639456
42.94748299319728
43.14530612244898
43.249455782312936
43.05197278911565
43.08108843537415
43.25857142857143
43.312108843537416
43.21809523809524
43.172040816326536
43.2182993197279
43.30414965986395
43.327891156462584
43.27571428571429
43.2230612244898
43.50993197278911
43.53551020408163
43.66176870748299
43.688095238095244
43.5378231292517
43.33
43.498775510204084
43.58326530612245
43.43421768707483
43.3674149659864
43.2778231292517
43.441088435374155
43.330612244897964
43.235238095238095
43.180612244897965
43.55204081632654
43.4478231292517
42.9743537414966
42.912108843537425
43.15952380952381
43.42251700680272
43.61700680272109
43.60795918367347
43.79020408163265
43.643945578231296
43.74755102040817
43.45292517006803
43.54761904761905
43.48387755102041
43.2830612244898
43.224761904761905
43.431836734693874
43.617551020408165
43.624149659863946
43.714217687074836
43.74367346938776
43.618639455782315
43.37061224489796
43.05891156462585
42.99000000000001
43.083945578231294
43.055986394557834
43.13619047619048
43.09918367346938
42.874149659863946
42.71877551020408
42.914625850340144
42.99224489795919
42.633265306122446
42.58707482993198
42.48183673469388
42.47680272108843
42.2978231292517
41.89700680272109
41.57931972789116
41.47020408163265
41.61136054421769
41.502585034013606
41.620544217687076
41.555034013605436
41.209931972789114
41.07224489795918
41.517891156462596
41.4712925170068
41.38639455782313
41.12020408163265
41.31374149659864
40.86884353741496
40.66863945578231
40.12353741496599
40.27571428571429
40.11482993197279
40.064081632653064
39.83829931972789
40.02102040816327
39.656054421768715
39.441156462585035
39.215918367346944
39.220680272108844
38.620000000000005
38.61401360544218
38.581700680272114
38.810272108843535
38.5743537414966
38.72102040816327
38.42687074829932
38.32850340136055
38.261156462585035
38.201632653061225
37.867551020408165
37.81952380952381
37.843877551020405
37.6452380952381
37.55367346938776
37.43299319727892
37.618911564625854
37.333945578231294
36.9008843537415
36.59782312925171
36.8565306122449
36.89020408163265
36.75639455782313
36.74809523809524
36.53517006802721
36.02755102040816
35.866530612244894
35.86666666666666
35.84598639455782
35.77884353741497
35.806938775510204
35.52952380952381
35.085578231292516
35.02149659863945
34.97448979591837
34.831088435374156
34.20619047619048
33.76319727891157
33.80578231292517
34.39408163265306
34.7234693877551
34.283469387755105
34.05904761904762
34.13061224489796
33.924625850340135
33.59387755102041
33.55244897959183
33.70401360544218
33.641292517006804
33.31863945578232
33.06251700680272
32.953469387755106
32.93721088435374
32.89170068027211
32.87435374149659
32.75931972789115
32.77836734693878
33.1721768707483
33.27598639455782
32.55619047619048
32.17619047619048
32.25047619047619
32.37734693877551
32.246734693877556
31.618979591836734
31.578911564625848
31.584557823129252
31.796258503401358
31.51544217687075
31.62401360544218
31.4930612244898
31.484353741496605
30.94
30.66952380952381
30.375374149659862
30.447823129251702
30.226734693877553
30.423197278911566
30.377006802721088
29.95462585034014
29.534761904761904
29.862176870748304
29.8008843537415
29.460544217687072
29.123945578231293
29.288843537414966
28.88646258503401
28.825510204081638
29.00469387755102
28.955578231292517
28.333129251700683
28.26292517006803
28.341700680272112
28.20986394557823
28.028707482993198
27.519115646258506
27.550748299319732
27.835306122448984
27.787346938775514
27.172721088435374
26.744557823129252
27.0578231292517
27.143673469387757
27.286938775510208
26.72510204081633
26.47687074829932
26.347414965986395
26.34734693877551
26.22591836734694
25.99231292517007
25.53952380952381
25.699795918367347
25.72047619047619
25.447006802721084
24.89578231292517
25.054421768707485
24.808027210884354
25.265238095238097
25.74244897959184
25.692857142857143
24.876326530612246
24.60972789115646
24.44843537414966
24.284489795918365
24.197278911564624
24.749387755102042
24.68421768707483
24.37469387755102
24.007891156462584
23.96428571428571
23.980340136054423
23.851360544217687
23.31353741496599
23.035306122448983
23.332585034013604
23.66639455782313
23.308639455782313
23.2778231292517
22.98891156462585
22.971904761904764
22.987210884353743
23.04136054421769
22.720952380952383
22.538095238095238
22.35639455782313
22.531904761904762
22.638163265306122
22.427414965986394
21.786802721088435
21.547210884353742
21.98965986394558
22.264557823129252
22.42496598639456
21.899727891156466
21.721428571428575
21.623537414965988
21.44598639455782
21.297074829931972
21.127210884353744
21.252585034013606
21.04795918367347
21.251632653061225
21.119863945578235
21.01789115646259
20.72013605442177
20.48836734693878
20.75591836734694
20.75190476190476
20.715714285714288
20.529455782312926
20.738231292517007
20.215238095238092
20.02850340136055
19.72374149659864
19.61047619047619
19.55673469387755
19.723129251700684
19.47265306122449
19.373129251700682
19.50857142857143
19.55891156462585
19.37095238095238
19.200816326530614
19.0378231292517
18.861496598639455
18.91136054421769
18.907891156462586
19.115374149659864
18.946734693877552
18.785510204081632
18.70891156462585
18.701292517006802
18.63639455782313
18.688231292517006
18.839727891156464
18.637959183673473
18.338639455782314
18.53544217687075
18.337551020408164
18.07795918367347
17.791360544217685
18.039659863945577
18.040340136054418
18.056054421768707
18.05557823129252
17.6708843537415
17.739863945578236
17.987482993197283
18.058435374149663
17.723333333333336
17.548639455782315
17.27639455782313
17.102448979591838
17.195102040816327
17.06544217687075
17.173673469387758
17.30047619047619
17.240748299319726
16.826326530612246
16.98965986394558
16.889047619047616
17.045714285714283
16.95122448979592
16.81605442176871
16.219795918367346
16.327074829931973
16.588095238095235
16.83857142857143
16.734421768707485
16.38149659863946
16.458503401360545
16.600204081632654
16.5578231292517
16.765374149659863
16.726666666666667
16.4978231292517
15.970680272108845
16.354013605442177
16.18551020408163
16.224625850340136
16.030544217687076
16.019931972789117
15.907755102040817
15.754625850340135
15.83673469387755
15.903333333333332
16.122176870748298
16.00340136054422
16.026530612244898
16.205646258503403
16.108775510204083
16.029591836734696
15.67231292517007
15.646326530612246
15.404285714285713
15.529591836734692
15.624217687074829
15.673333333333334
15.621496598639457
15.75938775510204
15.713401360544218
15.409591836734695
15.280476190476191
15.083877551020407
15.155102040816328
15.206802721088437
15.57530612244898
15.39265306122449
15.079115646258504
14.698979591836736
14.99047619047619
15.56795918367347
15.604421768707484
15.118503401360545
14.95700680272109
15.01108843537415
14.91734693877551
14.770340136054422
14.99156462585034
15.133333333333333
15.306326530612246
15.2443537414966
15.107687074829933
14.820068027210885
14.783061224489796
14.911700680272109
14.817755102040817
14.813741496598642
14.462108843537415
14.480680272108843
14.304489795918368
14.794965986394558
14.940952380952382
15.25482993197279
14.643809523809525
14.632789115646258
14.501496598639458
15.002721088435376
14.602925170068026
14.740272108843536
14.753809523809524
14.880272108843538
14.548639455782313
14.783809523809525
14.689115646258504
14.859659863945577
14.513809523809524
14.64387755102041
14.308027210884354
14.881632653061224
14.973537414965985
14.868435374149662
14.349251700680274
14.36891156462585
14.62183673469388
14.561632653061224
14.061700680272109
14.248639455782312
14.633469387755103
14.926938775510205
14.359387755102041
14.533945578231293
14.406938775510206
14.646326530612246
14.477619047619047
14.595238095238095
14.193061224489796
14.05061224489796
14.000544217687075
14.677551020408163
15.106190476190477
15.040136054421769
14.561292517006803
14.140884353741496
14.020340136054422
13.993197278911564
14.28156462585034
14.520408163265307
14.636666666666668
14.367210884353742
14.008843537414966
14.03687074829932
14.054149659863945
14.107210884353742
14.245714285714287
14.260952380952382
13.863809523809524
14.057823129251702
14.23
14.426190476190477
14.251836734693878
14.452448979591837
14.115102040816328
14.04823129251701
14.252993197278913
14.324557823129252
14.035034013605443
13.98408163265306
14.279455782312926
14.290748299319729
14.194897959183674
13.999659863945578
14.046734693877552
14.158979591836736
14.392108843537416
14.292653061224492
14.167074829931973
13.940680272108843
14.080884353741496
14.198911564625853
14.653265306122451
14.734353741496598
14.919727891156464
14.378367346938775
13.984149659863947
13.906530612244898
14.298707482993198
14.428775510204082
14.463809523809525
14.539387755102043
14.05748299319728
13.668435374149661
13.90986394557823
14.587074829931975
14.532176870748298
14.085510204081633
14.051360544217687
14.368639455782315
14.535578231292517
14.381632653061224
14.017959183673469
14.083333333333334
14.115306122448981
14.079863945578232
13.858503401360545
14.183129251700679
14.392448979591837
14.240000000000002
13.978299319727892
14.187278911564626
13.960068027210886
13.98278911564626
14.012108843537415
14.43074829931973
14.337278911564626
14.255646258503402
13.89591836734694
13.853061224489796
13.964761904761906
13.802653061224492
13.808231292517007
14.012517006802721
14.078843537414965
13.999387755102042
14.277210884353739
14.260884353741499
14.149795918367348
14.157414965986396
14.347619047619048
14.246598639455783
14.209591836734695
14.3243537414966
14.496734693877553
14.461836734693877
14.451564625850342
14.247210884353741
13.813333333333333
13.605578231292517
13.957823129251702
14.255646258503404
14.084081632653062
14.072040816326531
14.004557823129254
14.001496598639456
14.154625850340135
14.834285714285713
14.723469387755102
14.182653061224489
13.77047619047619
13.86530612244898
13.93625850340136
14.16387755102041
14.384421768707483
14.42
13.993673469387755
13.978979591836735
14.318979591836735
14.892993197278912
14.58312925170068
14.1721768707483
13.971156462585034
14.166190476190478
14.175782312925172
14.022857142857143
14.227414965986394
14.453469387755103
14.635374149659864
14.806598639455782
14.369047619047619
14.06952380952381
14.117278911564625
14.347755102040816
13.985986394557825
13.982380952380954
14.157346938775511
14.149727891156463
14.345102040816327
14.310408163265308
14.176598639455783
14.239795918367347
14.420884353741496
14.329591836734693
14.006462585034013
14.296394557823128
14.551700680272107
15.001768707482995
14.839387755102042
14.854081632653063
14.612925170068028
14.599047619047619
14.506258503401362
14.844081632653062
14.693197278911565
14.390068027210884
14.152448979591837
14.385374149659864
14.781972789115647
14.841836734693878
14.646326530612246
14.377278911564627
14.561088435374149
14.860000000000001
14.821904761904765
14.908979591836735
14.713673469387757
15.065102040816328
14.846666666666668
14.7278231292517
14.460068027210886
14.662244897959182
14.552925170068026
14.622108843537415
14.828231292517009
15.21952380952381
15.112585034013605
14.970408163265306
14.591768707482995
14.480408163265306
14.499319727891157
14.617619047619048
14.879523809523807
15.052721088435375
15.047551020408164
14.752925170068027
14.677551020408163
14.775850340136055
14.617074829931973
14.642721088435374
14.7121768707483
15.231224489795919
15.346190476190475
15.220136054421769
15.089863945578232
15.416598639455785
15.125986394557824
14.774897959183674
14.659727891156463
14.972108843537416
14.895306122448979
15.280272108843537
15.398979591836735
15.419455782312925
15.220408163265306
15.455442176870749
15.347482993197278
15.23312925170068
15.225374149659865
15.68108843537415
15.81326530612245
15.681360544217686
15.618843537414966
15.790816326530612
15.77326530612245
15.52544217687075
15.62108843537415
15.715510204081633
15.743945578231292
15.8378231292517
15.86625850340136
15.841224489795918
15.514285714285716
15.75544217687075
15.736190476190476
15.897755102040819
15.629727891156463
16.03714285714286
16.038775510204083
16.061904761904763
15.941768707482993
16.506734693877554
16.479319727891156
16.55619047619048
16.448095238095238
16.82891156462585
16.451360544217685
16.489319727891154
16.356258503401364
16.905306122448977
16.633333333333333
16.564897959183675
16.448571428571427
16.7643537414966
16.823673469387757
16.852448979591838
17.015102040816327
17.19401360544218
16.860204081632652
16.843265306122447
17.061496598639458
17.50768707482993
17.44625850340136
17.416666666666668
17.16122448979592
17.08272108843537
17.22721088435374
17.505034013605442
17.23312925170068
17.40299319727891
17.54244897959184
18.065238095238097
18.029319727891156
18.264761904761905
18.29421768707483
18.36374149659864
18.126326530612246
18.510952380952382
18.88197278911565
19.026870748299324
18.76265306122449
19.086054421768708
19.21183673469388
19.331360544217688
19.222721088435375
19.42986394557823
19.76374149659864
19.777278911564625
19.905918367346942
20.076666666666668
20.55047619047619
20.636530612244897
20.710408163265306
20.63496598639456
21.17666666666667
21.565034013605445
21.76925170068027
21.766054421768708
22.28278911564626
22.50081632653061
22.918775510204085
23.69809523809524
24.167142857142856
24.44408163265306
24.782380952380954
25.718775510204082
25.690816326530616
26.16952380952381
26.026598639455784
26.16136054421769
26.099183673469387
27.074625850340137
26.847142857142856
26.4356462585034
26.10299319727891
26.22074829931973
26.108707482993196
25.974761904761905
25.619455782312926
25.790680272108844
26.00476190476191
26.239727891156463
25.89231292517007
26.320748299319725
26.598163265306123
26.88122448979592
26.452585034013605
26.473401360544223
26.639795918367348
26.707551020408165
26.707074829931972
26.92877551020408
27.075578231292518
27.40918367346939
27.341496598639456
27.368775510204085
27.40904761904762
27.901632653061224
27.823333333333334
28.350136054421768
28.316666666666666
28.488843537414965
28.417278911564626
28.841360544217686
28.497006802721085
28.539115646258505
28.671904761904763
28.524625850340136
28.236666666666668
28.28802721088435
28.624149659863946
28.67918367346939
28.808367346938777
28.860816326530617
29.01965986394558
28.810816326530613
28.832244897959182
28.11625850340136
27.377006802721088
26.930476190476192
27.071496598639456
27.114829931972793
26.90591836734694
26.498231292517005
25.775714285714287
25.520204081632656
25.174421768707482
25.152857142857144
24.731292517006803
24.514897959183678
24.024761904761906
24.360204081632656
24.354693877551025
24.21748299319728
23.829591836734696
23.75081632653061
23.305578231292518
23.013061224489796
22.667074829931977
22.429047619047623
22.609251700680275
22.920952380952386
22.783197278911565
22.480544217687076
22.24612244897959
22.461020408163268
22.595238095238095
22.384693877551022
22.094761904761903
21.99843537414966
21.69156462585034
21.174625850340135
21.655578231292516
22.257619047619045
21.936462585034015
21.18176870748299
20.743197278911563
20.856054421768707
20.79374149659864
21.237006802721087
21.096802721088437
20.7974149659864
19.95843537414966
19.564217687074823
18.619659863945568
