25.139591836734688
25.82496598639455
24.69231292517007
24.042380952380952
24.357142857142858
24.572585034013603
24.68605442176871
24.855918367346938
24.62047619047619
24.432040816326534
24.502448979591836
24.096870748299317
23.308367346938773
23.350884353741495
23.62687074829932
23.720068027210885
23.663537414965987
23.83700680272109
23.618843537414968
23.21312925170068
22.751020408163264
23.066870748299323
23.310204081632655
23.127278911564623
22.716734693877548
22.666326530612245
22.74775510204082
22.49748299319728
22.521700680272108
22.638979591836733
23.001768707482995
22.804693877551017
22.63972789115646
22.664761904761907
22.59190476190476
22.32605442176871
22.11741496598639
22.234489795918368
22.048027210884356
22.341360544217686
22.54714285714286
22.759455782312926
22.387755102040813
22.226326530612248
22.343537414965986
22.258231292517006
21.724489795918366
21.388979591836737
21.968299319727894
21.96061224489796
21.583809523809524
21.5730612244898
22.02517006802721
22.020680272108848
21.946122448979594
21.79965986394558
22.18387755102041
22.415034013605442
22.208231292517006
21.80040816326531
21.815714285714286
21.634353741496597
21.234353741496598
21.333197278911566
21.808027210884354
21.688367346938776
21.64238095238095
21.440204081632654
21.644285714285715
21.463333333333335
21.267755102040816
20.871768707482993
20.862993197278914
20.801836734693875
21.001632653061225
20.883061224489797
20.975646258503403
20.95482993197279
21.18462585034014
20.910884353741498
20.896802721088434
20.88374149659864
20.749387755102042
20.683945578231295
20.779931972789118
20.524557823129253
20.441768707482993
20.41360544217687
20.760544217687073
20.46027210884354
20.553605442176874
20.54360544217687
20.744761904761905
20.598979591836734
20.535170068027213
20.778707482993198
20.825170068027212
20.778027210884353
20.53707482993197
20.478979591836733
20.396598639455785
20.2756462585034
20.31408163265306
20.56809523809524
20.547482993197278
20.27285714285714
20.207414965986395
20.303673469387757
20.394625850340137
20.29639455782313
20.241972789115646
20.03374149659864
20.326326530612246
20.429455782312925
20.424965986394554
20.34659863945578
20.43408163265306
20.112653061224492
20.21170068027211
20.152244897959186
20.123537414965988
20.03721088435374
20.455986394557826
20.48836734693878
20.324285714285715
20.26931972789116
20.487551020408162
20.432993197278915
20.695510204081632
20.69843537414966
20.37081632653061
19.67666666666667
19.870408163265306
19.96639455782313
20.1456462585034
20.46721088435374
20.533809523809524
20.455170068027215
20.63727891156463
20.319523809523808
19.664081632653065
19.949387755102038
20.27578231292517
20.049251700680273
19.928775510204083
20.134829931972792
20.11469387755102
20.178775510204083
20.29687074829932
20.491088435374152
20.458843537414964
20.04231292517007
19.854217687074833
19.893401360544217
20.19843537414966
20.140068027210884
20.131768707482994
19.609863945578233
19.92517006802721
19.997551020408164
19.9443537414966
20.018775510204083
20.681428571428572
20.549387755102043
19.819251700680276
19.779659863945582
20.283401360544218
20.319591836734695
20.14530612244898
20.0165306122449
20.022108843537417
19.995510204081633
19.93829931972789
20.039319727891154
20.034693877551025
20.358231292517008
20.30095238095238
20.44210884353742
20.367006802721086
20.434489795918367
20.413537414965987
20.841292517006803
20.94156462585034
20.844285714285718
20.72850340136054
21.102585034013607
20.87408163265306
20.733537414965987
20.712585034013603
21.223197278911567
21.091632653061225
21.31285714285714
21.75027210884354
22.087551020408164
21.95421768707483
21.476122448979595
21.773061224489798
22.06265306122449
22.639455782312925
22.418775510204085
22.80074829931973
23.07278911564626
23.21666666666667
23.08312925170068
23.140408163265306
23.12857142857143
22.999659863945578
23.33625850340136
23.708843537414968
24.333945578231297
24.52605442176871
24.462448979591837
24.630816326530613
25.163877551020413
25.43278911564626
25.352721088435374
25.34367346938776
25.54421768707483
25.85482993197279
25.738163265306124
25.493333333333332
25.612721088435375
26.181768707482995
26.409319727891155
26.784081632653063
26.766326530612247
26.823469387755104
26.54353741496599
26.580068027210885
26.93768707482993
27.608299319727887
28.0787074829932
28.537823129251702
28.4621768707483
28.12401360544218
27.50625850340136
28.052108843537415
28.3274149659864
28.72510204081633
28.363333333333337
28.233197278911568
28.426326530612243
28.82775510204082
28.98136054421769
28.597414965986395
28.26979591836735
28.14789115646258
28.425374149659863
28.31605442176871
28.045306122448984
27.76401360544218
27.427959183673472
27.401496598639458
27.70421768707483
27.980884353741498
27.439591836734692
27.00027210884354
26.678163265306125
26.80326530612245
26.76074829931973
26.675034013605444
26.399727891156466
25.94374149659864
25.620816326530612
25.81326530612245
26.01979591836735
25.76442176870748
25.302312925170067
25.021428571428572
24.943809523809527
25.180748299319728
24.933401360544224
24.749115646258506
24.534557823129255
24.5665306122449
24.495850340136055
24.017687074829933
23.629863945578233
24.04380952380952
24.542585034013605
24.162448979591836
23.75136054421769
24.01707482993197
24.044421768707483
24.09659863945578
23.722789115646258
23.33843537414966
22.927687074829933
23.242993197278913
23.527414965986395
23.816190476190474
23.534013605442176
23.47557823129252
23.320612244897962
23.515510204081632
23.435510204081634
23.488979591836735
23.52190476190476
23.635442176870754
23.55095238095238
23.60795918367347
23.74448979591837
23.94455782312925
23.862244897959183
23.852312925170068
23.746462585034017
23.945306122448983
23.972108843537413
23.670884353741496
23.476190476190474
23.882108843537416
24.303061224489795
24.331836734693876
24.19741496598639
24.24863945578231
24.33557823129252
24.547210884353742
24.542380952380956
24.60333333333333
24.54986394557823
25.04795918367347
25.09537414965986
25.336734693877553
25.23469387755102
25.447482993197283
25.652857142857144
25.822040816326535
25.755102040816325
25.66095238095238
25.839659863945577
25.687823129251704
25.869591836734696
26.290544217687078
26.764013605442177
27.14700680272109
27.10027210884354
27.139931972789114
26.781360544217687
27.335102040816327
27.455374149659864
27.98904761904762
27.798639455782315
27.824013605442175
27.68687074829932
27.581972789115646
27.452721088435375
27.837142857142858
28.763401360544222
28.69183673469388
28.529931972789118
28.669659863945576
29.010476190476194
28.911428571428573
28.990680272108843
29.515034013605444
29.700816326530614
29.518095238095242
29.30904761904762
29.564421768707486
30.070136054421766
30.426598639455783
30.87414965986395
30.986394557823132
30.719387755102044
30.726598639455784
30.772108843537413
31.35857142857143
31.316190476190478
31.444625850340135
31.32081632653061
31.90462585034014
31.860612244897958
31.846054421768706
31.898503401360543
32.31061224489796
32.59068027210885
32.721428571428575
32.92299319727891
32.880748299319734
33.13591836734694
33.239931972789115
33.60884353741497
33.55387755102041
33.87061224489796
33.981088435374154
33.9712925170068
34.16931972789115
34.41632653061224
34.851020408163265
34.76108843537415
34.825102040816326
34.92387755102041
35.11659863945579
35.19673469387755
35.21938775510204
35.215374149659866
35.12619047619047
35.57020408163265
36.20850340136055
36.32020408163265
36.21299319727891
36.0743537414966
36.169115646258504
36.45829931972789
36.744693877551015
36.6856462585034
36.805510204081635
37.01591836734694
37.103537414965984
37.16149659863946
37.51374149659864
37.94687074829932
38.00693877551021
37.683673469387756
37.537074829931974
38.18408163265306
38.54238095238095
38.44727891156463
38.33210884353741
38.55312925170068
38.703265306122454
38.66482993197279
38.74945578231293
39.116462585034014
39.578979591836735
39.71054421768707
39.49006802721089
39.63244897959184
39.92149659863945
40.1461224489796
40.19
40.22299319727891
40.54843537414966
40.770272108843535
40.97952380952381
41.27142857142857
41.37897959183674
41.238027210884354
41.26244897959184
41.515034013605444
41.60836734693878
41.660272108843536
42.08156462585034
42.21244897959184
42.42224489795919
42.462312925170075
42.63503401360545
42.541156462585036
42.626666666666665
42.67904761904762
43.17775510204082
43.13557823129252
43.54517006802722
43.41421768707483
43.824013605442175
43.827891156462584
44.059659863945576
43.79551020408164
43.362040816326534
43.43136054421768
43.53748299319728
44.143265306122444
44.18578231292517
44.25904761904762
44.151496598639454
44.204149659863944
44.13
44.07625850340136
44.54326530612245
44.82292517006803
44.70891156462586
44.169659863945576
44.01959183673469
44.21714285714286
44.43095238095239
44.374081632653066
44.46993197278912
44.49632653061225
44.77380952380953
44.71251700680273
44.88836734693878
44.63721088435374
44.74312925170068
44.4869387755102
44.51408163265307
44.21489795918367
44.38510204081632
44.21074829931973
44.1091156462585
44.034285714285716
44.33768707482993
44.32850340136055
44.27027210884354
44.39360544217688
44.7043537414966
44.45394557823129
44.35027210884354
44.32795918367347
44.65183673469388
44.72489795918368
44.7039455782313
44.70857142857143
44.779115646258504
44.96088435374149
44.91680272108843
45.00673469387755
44.97115646258504
44.85748299319728
44.68122448979592
44.691224489795914
44.72952380952381
44.76401360544218
44.824013605442175
44.810544217687074
44.95857142857143
44.7687074829932
44.81748299319729
44.70353741496599
44.59816326530613
44.07666666666667
44.0382993197279
44.073401360544224
43.84748299319728
43.8238775510204
44.08673469387756
44.163809523809526
43.690884353741495
43.52333333333334
43.722789115646265
43.82897959183674
43.609523809523814
43.52496598639456
43.62108843537415
43.725374149659864
43.30068027210884
43.0978231292517
42.922108843537416
43.02891156462585
42.534829931972794
42.603197278911566
42.462653061224486
42.375850340136054
42.2756462585034
42.3987074829932
42.18442176870749
41.8612925170068
41.92360544217687
41.979455782312925
41.68292517006803
41.231768707482985
41.057142857142864
41.169727891156455
41.10843537414966
40.8565306122449
40.79897959183674
40.65782312925171
40.60517006802721
40.37687074829932
40.150340136054425
40.383265306122446
40.53258503401361
40.22585034013606
39.79510204081633
39.85482993197279
39.61680272108843
39.2974149659864
39.4648299319728
39.34210884353742
39.041428571428575
38.79904761904763
38.64639455782313
38.508367346938776
38.52401360544218
38.76380952380952
38.45564625850341
38.334421768707486
37.999591836734695
37.92170068027211
37.784557823129255
37.71333333333333
37.6043537414966
37.697959183673476
37.41707482993198
37.19755102040816
36.949659863945584
37.21965986394558
36.869727891156465
36.76571428571428
36.42285714285715
36.325578231292525
35.90965986394558
35.78136054421769
35.99496598639456
35.74469387755102
35.29578231292517
34.84734693877551
35.35401360544218
35.58537414965986
35.68163265306123
35.32428571428572
35.33734693877551
34.87435374149659
34.760816326530616
34.39938775510204
34.593537414965986
34.46748299319728
34.68326530612245
34.28639455782313
34.244557823129256
33.92088435374149
33.671020408163265
33.61823129251701
33.80965986394558
33.856258503401364
33.83965986394558
33.81945578231293
33.33884353741496
33.18088435374149
33.27088435374151
32.91544217687075
32.80700680272109
32.78809523809524
32.89136054421768
32.48931972789116
32.47482993197279
32.27721088435375
32.28258503401361
32.172448979591834
32.36292517006803
32.22768707482993
31.877278911564623
31.394217687074836
31.68319727891157
31.53680272108844
31.087687074829937
30.70312925170068
30.931700680272108
30.70952380952381
30.445238095238093
29.973469387755102
30.128775510204083
30.02238095238095
30.363197278911564
29.86374149659864
29.755714285714287
29.475714285714286
29.817551020408164
29.56142857142857
29.69612244897959
29.003197278911568
28.70931972789116
28.43258503401361
28.732312925170067
28.285238095238096
28.288231292517004
28.046802721088437
28.135102040816324
27.856326530612247
28.081156462585035
28.202925170068028
28.13265306122449
27.498435374149665
27.260816326530612
27.27027210884354
27.04408163265306
26.818027210884352
26.933401360544217
26.835238095238097
26.73857142857143
26.71537414965987
26.84401360544218
26.707346938775512
26.463945578231293
26.162448979591836
26.195238095238096
26.194013605442176
25.87013605442177
25.14061224489796
24.80013605442177
24.977551020408164
25.211564625850343
24.806054421768707
24.69612244897959
24.835374149659863
25.032925170068033
24.76802721088435
24.798571428571428
24.67829931972789
24.65469387755102
24.298231292517006
24.21748299319728
24.136938775510203
24.119591836734696
23.772108843537417
23.63884353741497
23.40183673469388
23.390408163265306
23.711768707482992
23.877959183673468
23.719455782312927
23.28020408163265
23.099999999999998
23.00047619047619
23.16952380952381
23.125306122448983
22.594897959183676
22.142721088435373
22.306258503401363
22.60938775510204
22.619251700680273
22.4391156462585
22.451904761904764
22.127278911564623
21.8843537414966
21.83312925170068
22.152244897959182
21.946326530612247
21.66591836734694
21.84836734693878
22.061836734693877
22.08843537414966
21.642244897959188
21.249795918367347
20.683265306122447
20.691156462585035
21.04496598639456
21.468435374149664
21.277891156462587
20.561020408163266
20.42857142857143
20.45727891156462
20.32659863945578
20.004489795918367
20.372176870748298
20.18965986394558
19.71326530612245
19.601836734693876
19.793537414965986
19.84904761904762
19.81612244897959
20.073265306122448
19.851972789115646
19.397551020408166
19.070408163265306
19.349931972789115
19.4321768707483
19.282585034013604
18.66095238095238
18.646938775510204
18.978843537414967
19.284897959183674
19.164081632653062
18.966598639455782
18.708707482993198
18.499115646258502
18.351088435374148
18.40020408163265
18.610544217687078
18.353469387755105
18.14190476190476
17.925918367346938
18.187755102040818
18.195646258503402
18.287278911564627
18.10448979591837
17.9621768707483
18.087278911564624
18.13714285714286
17.772585034013606
17.48639455782313
17.211292517006804
17.3508843537415
17.352448979591838
17.559183673469384
17.314421768707483
17.00673469387755
17.174965986394557
17.24027210884354
17.125034013605443
16.637551020408168
16.782040816326532
16.73183673469388
16.934829931972786
16.721156462585036
16.871292517006804
16.934761904761903
17.001836734693878
16.839795918367344
17.198231292517008
17.101768707482993
16.87612244897959
16.407619047619047
16.5587074829932
16.493537414965985
16.77170068027211
16.45918367346939
16.460680272108846
16.137687074829934
16.105102040816327
16.018027210884355
16.112857142857145
16.03829931972789
15.945986394557824
16.127755102040815
16.253061224489798
16.205850340136056
15.958163265306123
15.798571428571428
16.105374149659866
16.110204081632656
16.260068027210885
16.11823129251701
16.026326530612245
15.661564625850342
15.429455782312926
15.51156462585034
15.536462585034014
15.676598639455783
15.521700680272108
15.539863945578231
15.45156462585034
15.42904761904762
15.576394557823129
15.67421768707483
15.533129251700679
15.255918367346938
14.772244897959183
14.80734693877551
15.067210884353742
15.24530612244898
15.035782312925171
15.115578231292517
15.245578231292518
15.002721088435376
14.888979591836735
15.106666666666667
15.350408163265307
15.476530612244899
15.262721088435375
15.148979591836735
14.95891156462585
14.85374149659864
14.746666666666666
14.880544217687074
15.062517006802722
15.147210884353742
15.054965986394556
14.611156462585035
14.534693877551021
15.305986394557824
15.540816326530614
15.230068027210885
14.873673469387754
15.274013605442178
15.273469387755101
15.16265306122449
14.62183673469388
14.684489795918369
14.845238095238097
14.896190476190478
14.821564625850339
14.855102040816327
14.74952380952381
14.219727891156463
14.36421768707483
14.421292517006803
14.647619047619047
14.54
14.86612244897959
14.929591836734694
14.850340136054422
14.53251700680272
14.44408163265306
14.610204081632654
14.572448979591837
14.450680272108844
14.445170068027213
14.631768707482994
14.799795918367346
14.802925170068027
14.852448979591838
14.713945578231293
14.685034013605444
14.350952380952382
14.087210884353743
14.113809523809525
14.68265306122449
15.131088435374151
15.179727891156464
14.872040816326532
14.629795918367346
14.297619047619047
14.240612244897958
14.304897959183673
14.736734693877551
14.828707482993199
14.51517006802721
14.045918367346939
13.99156462585034
14.188435374149662
14.387210884353742
14.177823129251701
13.845714285714287
13.956938775510205
14.167755102040816
14.239251700680272
14.148027210884354
14.243673469387755
14.264761904761905
14.356054421768707
14.392925170068025
14.340748299319728
14.320884353741498
14.168163265306124
14.320544217687074
14.597823129251703
14.434489795918367
14.01891156462585
13.74421768707483
14.154557823129252
14.441428571428572
14.583333333333332
14.540272108843537
14.501224489795918
14.448503401360544
14.387142857142857
14.360884353741497
14.35659863945578
14.655850340136055
15.046530612244899
14.919319727891157
14.509455782312925
14.337619047619047
14.319931972789117
14.37938775510204
14.10734693877551
14.347482993197278
14.241020408163267
14.259251700680274
13.976666666666667
14.329863945578232
14.314761904761905
14.477619047619049
14.484761904761903
14.566394557823129
14.24904761904762
14.228503401360545
14.040068027210886
13.978503401360545
13.632653061224492
13.875510204081635
13.935306122448981
14.393673469387755
14.28340136054422
14.5521768707483
14.265510204081632
14.267210884353744
14.121632653061225
14.315986394557825
14.287551020408165
14.590068027210883
14.660204081632655
14.6121768707483
14.13938775510204
13.973741496598638
13.902993197278912
13.782108843537415
13.6921768707483
13.792312925170068
14.220816326530613
14.197278911564627
14.17108843537415
14.130612244897959
13.994761904761905
14.056938775510204
14.136462585034016
14.03761904761905
13.730680272108843
13.76482993197279
14.375374149659866
14.835034013605444
14.858095238095238
14.178979591836734
13.726462585034014
13.785714285714285
13.89925170068027
14.182721088435375
14.222108843537416
14.262585034013608
13.784353741496599
13.959795918367348
14.115986394557822
14.742585034013604
14.753673469387756
14.666938775510205
14.152857142857142
13.94374149659864
13.868435374149659
13.852244897959185
13.884897959183675
14.015646258503404
13.99387755102041
14.377687074829932
14.537551020408163
14.546462585034014
14.212244897959184
14.476122448979591
14.418435374149661
14.37857142857143
14.122108843537415
14.068775510204082
14.19061224489796
14.835170068027214
14.80374149659864
14.683741496598639
14.401972789115646
14.336734693877553
14.227891156462585
14.196870748299322
13.985170068027212
13.795374149659864
14.024081632653061
14.339931972789115
14.612585034013607
14.431632653061225
14.331156462585035
14.477619047619049
14.561700680272109
14.518299319727893
14.133061224489795
14.319659863945578
14.264353741496599
14.48979591836735
14.190816326530612
14.48986394557823
14.602857142857143
14.546054421768709
14.123129251700682
14.32013605442177
14.414421768707484
14.58170068027211
14.770408163265305
14.808979591836735
14.449251700680271
14.293809523809523
14.462312925170068
14.533197278911564
14.677074829931973
14.909455782312925
14.650544217687075
14.654557823129252
14.560680272108844
14.908367346938777
14.840680272108845
15.300748299319727
14.764081632653062
14.592380952380951
14.367346938775512
14.885850340136056
14.67265306122449
14.78190476190476
14.479659863945578
14.863945578231293
14.793401360544216
15.113537414965988
14.819319727891159
14.954693877551021
14.687482993197278
15.001768707482995
14.931360544217686
15.057482993197281
14.780816326530612
14.893537414965987
14.655238095238097
15.01687074829932
15.099251700680272
15.359455782312924
15.154421768707483
15.316258503401363
15.259863945578232
15.57374149659864
15.566530612244899
15.518707482993197
15.212585034013605
15.34360544217687
15.449115646258504
15.600204081632652
15.787959183673468
15.629863945578233
15.394829931972788
15.202585034013605
15.486530612244897
15.327755102040816
15.162244897959184
15.322585034013606
15.78183673469388
15.954149659863948
15.440136054421767
15.477414965986396
15.644625850340137
16.230476190476192
16.11938775510204
15.902244897959186
15.807551020408164
16.053809523809527
16.22843537414966
16.197278911564627
15.846190476190475
15.80265306122449
15.83795918367347
16.041768707482994
15.632244897959184
16.12625850340136
16.16469387755102
16.089319727891155
15.46496598639456
15.987959183673471
16.280408163265307
16.8878231292517
16.82952380952381
16.956258503401365
16.49884353741497
16.53680272108844
16.32319727891156
16.632925170068027
16.565170068027214
16.791292517006802
16.57768707482993
16.7608843537415
16.759387755102043
16.944897959183674
16.850476190476193
17.144897959183673
17.098639455782312
17.133333333333336
16.889115646258503
16.943333333333335
17.20700680272109
17.499387755102042
17.428979591836736
17.27394557823129
17.76265306122449
17.785238095238093
17.713401360544218
17.66122448979592
18.0387074829932
17.822517006802723
17.45918367346939
18.054217687074832
18.49251700680272
18.89251700680272
18.391972789115645
18.752857142857142
18.551088435374155
18.716802721088435
18.61659863945578
19.232517006802723
19.305170068027213
19.364149659863948
19.144761904761907
19.526326530612245
19.79224489795918
20.34551020408163
20.32687074829932
20.261496598639454
20.076938775510204
20.538503401360543
20.81625850340136
20.939387755102043
21.20605442176871
22.07761904761905
22.3287074829932
22.193673469387754
22.674897959183674
23.246326530612247
23.041700680272108
23.467278911564627
23.99591836734694
24.572040816326535
24.949863945578233
25.37265306122449
25.548707482993194
26.090340136054422
26.487891156462588
26.1743537414966
26.151020408163262
26.392380952380954
26.203877551020405
26.508027210884354
26.86231292517007
26.825850340136054
26.47877551020408
26.45557823129252
26.169251700680274
25.846326530612245
25.65272108843537
25.968843537414966
25.99904761904762
26.302244897959184
26.77068027210884
27.306122448979593
27.08299319727891
26.657551020408164
27.192380952380955
27.36285714285714
27.42503401360544
27.396326530612246
27.552176870748298
27.865918367346943
27.953605442176872
28.14857142857143
27.91979591836735
28.11673469387755
28.287551020408163
28.45897959183673
28.523265306122454
28.283741496598637
28.595034013605446
28.78496598639456
28.94544217687075
28.485578231292518
28.43578231292517
28.759523809523806
29.03721088435374
29.000068027210883
28.89551020408163
28.696666666666665
28.525306122448978
28.87789115646259
29.167074829931973
29.026326530612245
28.71469387755102
28.4621768707483
27.971496598639455
27.52312925170068
27.139591836734695
27.19965986394558
26.946802721088435
26.83482993197279
26.203945578231295
25.904013605442174
25.644353741496598
25.886530612244897
25.666598639455785
25.05455782312925
24.397891156462585
23.945306122448983
23.883673469387755
24.301360544217687
24.07700680272109
23.801496598639456
23.44510204081633
23.31544217687075
22.865850340136056
22.484285714285715
22.554761904761904
22.968979591836735
23.23482993197279
22.684761904761903
21.94904761904762
22.046734693877553
22.354897959183674
22.15931972789116
21.737891156462585
21.687755102040818
21.71170068027211
21.603877551020407
21.940272108843537
22.056122448979593
21.71374149659864
21.394081632653062
21.484557823129254
21.676938775510205
21.47081632653061
21.308435374149663
20.995986394557825
20.957959183673466
20.70204081632653
20.453401360544202
19.842006802721063
