25.42534013605442
26.331972789115625
26.02108843537415
25.406734693877553
25.61843537414966
25.227346938775508
25.085170068027214
25.047142857142855
25.1525850340136
24.89272108843537
24.552517006802724
24.487891156462585
24.431428571428572
24.448299319727894
24.313537414965985
24.25551020408163
24.06734693877551
23.661020408163264
23.302993197278912
23.5865306122449
24.04027210884354
24.252312925170067
23.973537414965985
23.874149659863946
23.974217687074827
23.838027210884356
23.45496598639456
22.81591836734694
22.953333333333333
23.417891156462588
23.864829931972793
23.685918367346936
23.460680272108842
23.137619047619047
22.99904761904762
23.15612244897959
23.20149659863946
22.75081632653061
22.502244897959184
22.59027210884354
22.673741496598637
22.74421768707483
22.715170068027213
22.6787074829932
22.915034013605442
23.01394557823129
22.594965986394556
22.26374149659864
22.45591836734694
22.796938775510206
22.896190476190476
22.84013605442177
22.673197278911562
22.767891156462586
22.857278911564627
22.597278911564626
22.768707482993197
23.03755102040816
22.96013605442177
22.25877551020408
22.168163265306124
22.485238095238095
22.6430612244898
22.497278911564624
22.068503401360545
21.71666666666667
22.057755102040815
22.43591836734694
22.230544217687076
22.01721088435374
22.06734693877551
21.68768707482993
21.44360544217687
21.60625850340136
21.68986394557823
21.919931972789115
22.313809523809525
22.174149659863946
21.746190476190478
21.38020408163265
21.516666666666666
21.58142857142857
21.542585034013605
21.30748299319728
21.328367346938776
21.233401360544217
21.288775510204083
20.87190476190476
20.991020408163266
21.0112925170068
21.17448979591837
21.04809523809524
21.554217687074832
21.528571428571425
20.926190476190477
20.921904761904763
21.22673469387755
21.580952380952382
21.346462585034015
21.092108843537417
20.93163265306122
21.524421768707484
21.461496598639457
20.99482993197279
20.478163265306122
20.56061224489796
20.809727891156463
20.93843537414966
20.8656462585034
20.63530612244898
20.92795918367347
20.665102040816326
20.890884353741495
21.101496598639457
21.28034013605442
21.311088435374153
21.548503401360545
21.24816326530612
20.711496598639457
20.820272108843536
20.899319727891157
20.865918367346943
20.98619047619048
20.765850340136055
20.80897959183673
21.10326530612245
21.10340136054422
20.55775510204082
21.008639455782316
21.450884353741497
21.179727891156467
21.023537414965986
21.14265306122449
21.029115646258504
21.14204081632653
21.273537414965986
21.07340136054422
20.57258503401361
20.865238095238098
21.06612244897959
20.930952380952384
20.96142857142857
20.94952380952381
20.750340136054426
20.759115646258504
20.641020408163264
20.565306122448977
20.195238095238096
20.538095238095238
20.454965986394562
20.77965986394558
20.757891156462584
20.94326530612245
20.780884353741495
21.062653061224488
21.291292517006802
21.31448979591837
20.562448979591835
20.37170068027211
20.570680272108845
21.096326530612245
21.20095238095238
21.167346938775513
20.996054421768704
21.0521768707483
21.063605442176872
20.965918367346937
20.885442176870747
20.740272108843538
20.77421768707483
20.962108843537415
20.92721088435374
20.836938775510202
21.00952380952381
21.10156462585034
21.093537414965986
20.892040816326528
21.228911564625854
21.395578231292518
21.690680272108843
21.39673469387755
21.371700680272113
21.635238095238094
21.822108843537414
21.99517006802721
22.08816326530612
22.186394557823128
22.003945578231292
22.121632653061226
22.208027210884353
22.034285714285716
22.225578231292516
22.58530612244898
22.869387755102043
23.249659863945578
23.573809523809523
23.742244897959186
23.71170068027211
24.182380952380953
23.95986394557823
24.16482993197279
23.99904761904762
24.539115646258505
24.66081632653061
25.090068027210886
25.045306122448984
25.691020408163265
25.97244897959184
25.84387755102041
25.512585034013608
26.464013605442176
26.837482993197284
27.382721088435375
27.53061224489796
27.928299319727895
27.705102040816328
27.761564625850344
27.88700680272109
27.947414965986397
28.215374149659866
28.513673469387754
28.910204081632653
29.23047619047619
29.6991156462585
30.12251700680272
30.17503401360544
29.816462585034017
30.03034013605442
30.12190476190476
30.72108843537415
31.04605442176871
31.05496598639456
30.892993197278912
31.333945578231294
31.8708843537415
31.641632653061226
31.83136054421769
32.01068027210884
31.810544217687077
31.64442176870748
31.92061224489796
32.141088435374144
31.93108843537415
32.023061224489794
32.03380952380952
31.91278911564626
31.559319727891157
31.728027210884356
31.532585034013607
31.246938775510202
30.907278911564624
30.9643537414966
31.064217687074834
30.66387755102041
30.505102040816332
30.289727891156463
30.29659863945578
29.826190476190476
29.688843537414968
29.598299319727893
29.341564625850342
28.74823129251701
28.542244897959186
28.343945578231292
28.38034013605442
28.015714285714285
27.82625850340136
27.451836734693877
27.569387755102042
27.618843537414968
27.652380952380952
27.384285714285713
27.094013605442175
27.04244897959184
26.75013605442177
26.718707482993196
26.45843537414966
26.17231292517007
25.800068027210887
26.026666666666667
26.170952380952382
26.063945578231294
25.951700680272108
25.987891156462585
25.69408163265306
25.515646258503402
25.60789115646259
25.58190476190476
25.3856462585034
25.434353741496597
25.73503401360544
25.676598639455783
25.507074829931973
25.388843537414964
25.40047619047619
25.736462585034012
25.66639455782313
25.36
25.2352380952381
25.5521768707483
25.680204081632652
25.51034013605442
25.64775510204082
25.787891156462585
25.97625850340136
25.766870748299322
25.99530612244898
26.160204081632653
26.29136054421769
26.13122448979592
26.01707482993197
26.412108843537414
26.619795918367345
26.703401360544216
26.788911564625852
27.104625850340135
27.166598639455785
27.02190476190476
27.06612244897959
27.093809523809526
27.132789115646258
27.443945578231293
27.70047619047619
28.015714285714285
27.970136054421772
28.18122448979592
28.370816326530612
28.49673469387755
28.694761904761904
29.034625850340134
29.496666666666666
29.20836734693878
29.38625850340136
29.310000000000002
30.052312925170067
30.07244897959184
30.301292517006807
30.115238095238094
30.723469387755102
31.01721088435374
31.20027210884354
31.297142857142855
31.10591836734694
31.089251700680272
31.321020408163264
31.908911564625857
32.17809523809524
32.19823129251701
32.164081632653065
32.17231292517007
32.43421768707483
32.636054421768705
32.91918367346939
33.20782312925169
33.325510204081624
33.51938775510204
33.4630612244898
33.5921768707483
33.9278231292517
34.36442176870749
34.63265306122449
34.95061224489796
35.08238095238095
35.000748299319724
35.217074829931974
35.37136054421769
35.81619047619048
36.07714285714286
36.39149659863946
36.43551020408164
36.73619047619047
36.899795918367346
36.96367346938775
37.12326530612245
37.0682993197279
37.02891156462585
37.26795918367347
37.522721088435375
37.7869387755102
38.06659863945578
38.6504761904762
38.73605442176871
38.6521768707483
38.88530612244898
39.223741496598635
39.263673469387754
39.38428571428571
39.72979591836735
39.91591836734695
40.14122448979592
40.20408163265307
40.13115646258504
40.33428571428571
40.705714285714286
40.90891156462585
40.967346938775506
41.14945578231293
41.17734693877551
41.476258503401354
41.70938775510204
42.03659863945578
41.859251700680275
41.82238095238095
41.85843537414966
42.19462585034013
41.911904761904765
41.8
41.80142857142857
42.249591836734695
42.48292517006803
42.9638775510204
42.64687074829932
42.628843537414966
42.46938775510204
42.773877551020405
42.870816326530615
42.9712925170068
42.869795918367345
42.764489795918365
42.79374149659864
43.03619047619047
43.267210884353744
43.39551020408163
43.69387755102041
44.16734693877551
44.06639455782313
43.75027210884353
43.875850340136054
44.32482993197279
44.37326530612245
44.260816326530616
44.06142857142858
44.70333333333333
45.03034013605442
45.23857142857143
45.10095238095238
45.38170068027211
45.4887074829932
45.59102040816327
45.7908843537415
46.07278911564626
45.83761904761905
45.35836734693878
45.02408163265306
45.32544217687075
45.430340136054426
45.791700680272115
46.00006802721089
45.980272108843536
45.91646258503401
46.372176870748305
46.51326530612245
46.18108843537415
46.10353741496599
46.47455782312925
46.57748299319728
46.37074829931973
46.235850340136054
46.38727891156463
46.38394557823129
46.422380952380955
46.65122448979592
46.746258503401364
46.480748299319735
46.24721088435375
46.48680272108844
46.392108843537414
46.19401360544218
46.17476190476191
46.398163265306124
46.77931972789116
46.63537414965987
46.424829931972795
46.0434693877551
46.30836734693878
46.09231292517007
46.21476190476191
46.01204081632653
46.41619047619048
45.992040816326536
46.10387755102041
45.739387755102044
46.01789115646258
46.01163265306123
46.353469387755105
46.05034013605442
45.698095238095235
45.29877551020408
45.36768707482993
45.353401360544225
45.657551020408164
45.67115646258503
45.7530612244898
45.429591836734694
45.65095238095238
45.446122448979594
45.274625850340136
45.199999999999996
45.808911564625845
45.68741496598639
45.51993197278911
45.3095238095238
45.43809523809524
45.14761904761905
45.03809523809524
44.840612244897954
44.98319727891156
45.068231292517005
44.87312925170068
44.9043537414966
44.97272108843538
44.91551020408164
44.72401360544218
44.94965986394558
44.86823129251701
44.44319727891157
44.15170068027211
44.26095238095239
44.404489795918366
44.50408163265307
44.57734693877552
44.17292517006803
43.89802721088435
43.73673469387755
43.924965986394554
43.837482993197284
43.76870748299321
43.52251700680272
43.62639455782313
43.77891156462585
43.56591836734694
42.93544217687075
42.59204081632653
42.688095238095244
42.789795918367346
42.8252380952381
42.733537414965994
42.59108843537415
42.25340136054422
41.985510204081635
41.87292517006803
41.51795918367347
41.18027210884354
41.156462585034014
41.36455782312925
41.18884353741497
40.96503401360545
40.69258503401361
40.230816326530615
40.15530612244898
40.321496598639456
40.20836734693877
39.84448979591836
40.22251700680272
40.05931972789116
39.583265306122456
39.27557823129251
39.3725850340136
39.34836734693877
39.19442176870749
39.083061224489796
39.023741496598646
38.917142857142856
38.424557823129255
38.14272108843537
38.05163265306122
37.98598639455783
37.95639455782313
38.02530612244898
37.78
37.6347619047619
37.789523809523814
37.69408163265306
37.46850340136054
37.229115646258506
37.239387755102044
37.02585034013606
37.111836734693874
36.662244897959184
36.41006802721088
36.230884353741494
36.24278911564626
36.040340136054425
36.00557823129252
36.236394557823125
35.96741496598639
35.614761904761906
35.26673469387755
35.208571428571425
34.96578231292517
34.4595238095238
34.5104081632653
34.81142857142857
34.88564625850341
34.3721768707483
33.916054421768706
33.93571428571428
33.85224489795918
33.70156462585034
33.4474149659864
33.478435374149655
33.18639455782313
33.127210884353744
32.967074829931974
32.85972789115647
32.6204761904762
32.72571428571429
32.313945578231284
32.47496598639456
32.61414965986395
32.67040816326531
32.519183673469385
32.43823129251701
32.31802721088435
32.180952380952384
32.33789115646259
31.880816326530617
31.59530612244898
31.338843537414967
31.206666666666663
31.383197278911567
31.688843537414968
31.691632653061227
30.706734693877554
30.38687074829932
30.308503401360543
30.837823129251703
30.373333333333335
30.593741496598643
30.314149659863947
30.29965986394558
30.06891156462585
30.09952380952381
29.740340136054424
29.503061224489798
29.310204081632655
29.019047619047623
28.765714285714285
28.867551020408165
28.55510204081633
28.547551020408164
28.420136054421768
28.665238095238095
28.31986394557823
28.169863945578232
27.99448979591837
27.852448979591834
27.545102040816328
27.418571428571433
27.4608843537415
27.539183673469392
27.325714285714287
27.094421768707484
27.008503401360542
27.01292517006803
26.934285714285714
26.8121768707483
26.77877551020408
26.802517006802724
26.692585034013604
26.498571428571427
26.226938775510206
26.15040816326531
25.84965986394558
25.732993197278915
25.631768707482994
25.535918367346945
25.515238095238097
25.356530612244896
25.34176870748299
25.254897959183676
25.07319727891156
24.807959183673468
24.888231292517005
24.75081632653061
24.501156462585033
24.349455782312926
24.56482993197279
24.470544217687078
24.172108843537416
23.87748299319728
23.770748299319727
24.133537414965986
24.168707482993195
24.045578231292517
23.73068027210884
23.717074829931974
23.832244897959185
23.784081632653063
23.262857142857147
22.900680272108843
22.958435374149662
23.073333333333338
22.95639455782313
23.094625850340137
22.974897959183675
22.63612244897959
22.530408163265307
22.526870748299324
22.27891156462585
21.963265306122448
21.76156462585034
21.83061224489796
21.831496598639458
21.762857142857143
21.15707482993197
21.246802721088436
21.614149659863944
21.708367346938775
21.135714285714286
21.330000000000002
21.280408163265307
21.18231292517007
20.979115646258503
21.29027210884354
21.01802721088435
20.653061224489793
20.268299319727895
20.456598639455784
20.60312925170068
20.679455782312928
20.104557823129248
19.85503401360544
19.824149659863945
20.176870748299322
20.234353741496598
20.100204081632654
20.005034013605442
19.867551020408165
19.98891156462585
19.601496598639457
19.324489795918367
19.36931972789116
19.53142857142857
19.45061224489796
19.11809523809524
19.26551020408163
19.081904761904763
19.222040816326533
19.33251700680272
19.378367346938777
19.051972789115645
18.726122448979595
18.655510204081633
18.71421768707483
18.607482993197276
18.493741496598638
18.56687074829932
19.003673469387756
18.939591836734692
18.97795918367347
18.712857142857146
18.378843537414966
18.03938775510204
18.02374149659864
18.053673469387753
17.99857142857143
17.95965986394558
17.625034013605443
17.76183673469388
17.866462585034014
17.837687074829933
17.6934693877551
17.672108843537416
17.41639455782313
17.32687074829932
17.23843537414966
17.322517006802723
16.99448979591837
17.33931972789116
17.29469387755102
17.199659863945577
16.975578231292516
16.951768707482994
16.766734693877552
16.511972789115646
16.80238095238095
16.95734693877551
16.971360544217685
16.74421768707483
16.724557823129253
16.352312925170068
16.483809523809526
16.39333333333333
16.836122448979594
16.422721088435374
16.29462585034014
16.29795918367347
16.69666666666667
16.617755102040817
16.474081632653064
16.34006802721089
16.32578231292517
16.25183673469388
16.174965986394557
15.988367346938777
16.003537414965987
16.09
15.80952380952381
15.744013605442179
15.823129251700681
16.091020408163267
15.956938775510206
15.827210884353741
15.452925170068028
15.521496598639457
15.848231292517006
15.785850340136054
15.6078231292517
15.531632653061225
15.597346938775509
15.506394557823128
15.752380952380951
15.922585034013606
15.997414965986396
15.982380952380954
15.660000000000002
15.205578231292519
15.344081632653062
15.470952380952383
15.611020408163267
15.556530612244899
15.776938775510207
15.66061224489796
15.295918367346939
15.119387755102041
15.168095238095237
15.131156462585036
14.985374149659863
15.157482993197279
15.098775510204081
14.974897959183673
14.71360544217687
14.876598639455784
14.874421768707483
15.356802721088435
15.34204081632653
15.400068027210885
15.373333333333335
15.557755102040817
15.482244897959184
15.17204081632653
15.519251700680272
15.566870748299321
15.290204081632654
14.78795918367347
14.881428571428573
14.820680272108843
14.836938775510204
15.104625850340136
15.182721088435375
14.994761904761905
14.915034013605442
15.13278911564626
15.158979591836735
14.948367346938776
14.602993197278911
14.627006802721088
14.765714285714287
15.07734693877551
15.200136054421769
15.186938775510203
15.346530612244898
14.813605442176872
14.392721088435373
14.216938775510204
15.144149659863947
15.18312925170068
14.944149659863946
14.435170068027212
14.76591836734694
14.923061224489796
14.703605442176872
14.308027210884354
14.3621768707483
14.49326530612245
14.748979591836735
14.874013605442176
15.075306122448978
15.244013605442175
15.060680272108844
14.90170068027211
14.825102040816326
14.833333333333334
14.559591836734693
14.35047619047619
14.655850340136055
15.139251700680273
15.064421768707483
14.66938775510204
14.490748299319728
14.659115646258503
14.543469387755103
14.668163265306124
14.903605442176872
14.936054421768707
14.708095238095238
14.530748299319729
14.781972789115645
14.74374149659864
14.439727891156462
14.359319727891156
14.653809523809525
14.49299319727891
14.738095238095239
14.74904761904762
14.736462585034015
14.395238095238096
14.51952380952381
14.844149659863945
14.842585034013606
14.578095238095237
14.349931972789115
14.450544217687076
14.592380952380951
14.716598639455782
14.760068027210885
14.756054421768708
14.742585034013604
14.727210884353742
14.862653061224492
15.050884353741498
14.985374149659865
14.524353741496599
14.665510204081631
14.731428571428573
14.863061224489797
14.799455782312926
14.91
14.805986394557825
14.67544217687075
14.396666666666667
14.459659863945578
14.498639455782312
14.94891156462585
15.03170068027211
15.168707482993199
14.55482993197279
14.35612244897959
14.512925170068028
14.997823129251701
14.865034013605442
14.409931972789115
14.293469387755103
14.546802721088435
14.593877551020409
14.59108843537415
14.437006802721088
14.530884353741495
14.204965986394559
14.162244897959184
13.806394557823129
14.15938775510204
14.312040816326531
14.696122448979592
14.384421768707481
14.874965986394558
14.721972789115647
14.665850340136055
14.323401360544217
14.846938775510203
14.801972789115647
14.537278911564627
14.274489795918369
14.220476190476191
14.233537414965985
14.316258503401361
14.386530612244899
14.501428571428573
14.489795918367346
14.87700680272109
14.845306122448982
14.49639455782313
14.272448979591836
14.65625850340136
14.844965986394559
14.617414965986395
14.690748299319727
14.688231292517006
14.613945578231293
14.325986394557821
14.481020408163264
14.561836734693877
14.358027210884355
14.027551020408165
14.239727891156463
14.462925170068027
14.424761904761906
14.291360544217685
14.306666666666667
14.270272108843539
14.316326530612246
14.84183673469388
15.060748299319728
14.851496598639457
14.34591836734694
14.448027210884355
14.577551020408164
14.566258503401361
14.364897959183674
14.220340136054421
14.105170068027212
14.669455782312927
14.813809523809525
14.78238095238095
14.326394557823129
14.690612244897961
14.393469387755102
14.330680272108845
14.201088435374151
14.473469387755102
14.330136054421768
14.48857142857143
14.670884353741496
15.068979591836735
14.738163265306124
14.469115646258503
14.760884353741499
15.268095238095238
15.024761904761906
14.707891156462587
14.546666666666667
14.603197278911566
14.634489795918368
14.61768707482993
14.394625850340137
14.807346938775511
14.784353741496599
14.72843537414966
14.293333333333333
14.684285714285714
14.642585034013605
15.226122448979591
15.105102040816327
15.253877551020409
15.19265306122449
15.020952380952384
14.400204081632653
14.550612244897959
15.17421768707483
15.408775510204082
14.809795918367348
14.380408163265306
14.823469387755102
15.285510204081632
15.322312925170067
15.109183673469389
15.273673469387756
15.400952380952383
15.270272108843539
15.170816326530613
15.11265306122449
15.203469387755103
15.192517006802722
15.076666666666666
15.048707482993198
14.975850340136054
15.269591836734694
15.248027210884354
15.243061224489797
15.3934693877551
15.72734693877551
15.49877551020408
15.087142857142858
15.182585034013606
15.223061224489797
15.315578231292518
15.251564625850342
15.676802721088436
15.37952380952381
15.276122448979592
15.207891156462585
15.487346938775511
15.46360544217687
15.377891156462587
15.489455782312925
15.577210884353741
15.649455782312925
15.488027210884354
15.553401360544218
15.80965986394558
15.570068027210885
15.591564625850342
15.579251700680274
15.942993197278915
15.952448979591836
16.15326530612245
16.15020408163265
15.98421768707483
16.11027210884354
16.275578231292517
16.43857142857143
15.90448979591837
15.972585034013605
16.36312925170068
16.80605442176871
16.633333333333336
16.60598639455782
16.470272108843538
16.131020408163263
16.326802721088438
16.506054421768706
16.61639455782313
16.399523809523807
16.655102040816324
16.515782312925168
16.683673469387756
16.660408163265306
16.652925170068027
16.53639455782313
16.6265306122449
16.58687074829932
16.732448979591837
16.722585034013605
16.55687074829932
16.620544217687076
16.83142857142857
16.915510204081635
17.05972789115646
17.175578231292516
17.108639455782313
17.097142857142856
17.14551020408163
17.124217687074832
17.15210884353742
17.177891156462586
17.121700680272106
17.14482993197279
17.585102040816327
17.715442176870752
17.621632653061226
17.265306122448983
17.478639455782314
17.54544217687075
17.879115646258505
18.09238095238095
18.049523809523812
17.915034013605442
18.1378231292517
18.43700680272109
18.098027210884354
17.973197278911563
18.53503401360544
19.021972789115647
19.037619047619046
18.880476190476195
18.83952380952381
18.890272108843536
19.24047619047619
19.343877551020412
19.5630612244898
19.568163265306126
19.65040816326531
19.302176870748298
19.849863945578228
19.985714285714288
20.145306122448982
20.367482993197278
20.571496598639456
20.622040816326532
20.74823129251701
21.31387755102041
21.353537414965988
21.51027210884354
21.63142857142857
21.755850340136057
22.186054421768706
22.354897959183674
22.282653061224494
22.17734693877551
22.938435374149662
23.535170068027213
23.78857142857143
24.312108843537416
24.942380952380955
25.215714285714288
25.781496598639453
26.375986394557824
26.586326530612247
26.69544217687075
27.41598639455782
27.896054421768707
28.27639455782313
28.483741496598643
28.28938775510204
28.31367346938776
28.493061224489797
28.50108843537415
28.689387755102043
29.359251700680275
29.212244897959184
29.133605442176865
29.121496598639453
29.439319727891156
29.352653061224487
29.413945578231292
29.238843537414965
29.71108843537415
30.22170068027211
30.886802721088436
31.19843537414966
31.3812925170068
30.90353741496599
30.995986394557825
31.73170068027211
32.566326530612244
33.1378231292517
33.32020408163265
33.763333333333335
33.922108843537416
34.29047619047619
34.7274149659864
34.73204081632653
34.25666666666667
33.92687074829932
34.50020408163265
34.85857142857142
34.76442176870748
34.30551020408163
34.24108843537415
34.48455782312925
34.68380952380953
34.80598639455783
34.197210884353744
33.468163265306124
33.08272108843538
33.16115646258503
32.879455782312924
32.51646258503402
32.49421768707483
32.17333333333333
32.31510204081633
32.05210884353741
31.342312925170067
30.654081632653064
30.65714285714286
30.71482993197279
30.39204081632653
30.241360544217688
29.5808843537415
28.920272108843537
28.49673469387755
28.157891156462586
27.575034013605446
27.421088435374152
27.02680272108844
26.987210884353747
26.55095238095238
26.647006802721087
26.196462585034013
25.93183673469388
25.462721088435373
25.349047619047617
24.965714285714284
24.505986394557826
24.299999999999997
24.63142857142857
24.423197278911562
24.063061224489797
23.4187074829932
23.47687074829932
23.35517006802721
22.987414965986396
22.561632653061224
22.46557823129252
22.404013605442177
22.166394557823132
22.440476190476193
22.814285714285717
22.507551020408165
21.864897959183676
21.637074829931976
21.83938775510204
21.734149659863945
21.524149659863948
21.246530612244904
21.028027210884353
20.95061224489796
20.816258503401343
19.560816326530592
