26.18802721088437
25.631224489795926
25.80197278911565
25.82768707482993
25.534149659863946
25.148027210884358
25.13448979591837
25.138775510204084
25.031904761904762
25.082993197278913
25.197891156462585
24.889319727891156
24.33238095238095
24.139591836734695
24.245646258503402
24.20421768707483
24.34551020408163
24.106054421768707
24.218163265306124
24.048571428571428
23.664353741496598
23.42795918367347
23.871904761904766
24.22986394557823
23.79795918367347
23.477210884353738
23.64666666666667
23.5556462585034
22.989455782312923
22.91952380952381
23.362380952380953
23.402789115646257
23.17340136054422
23.079863945578232
23.090748299319728
22.934149659863944
22.70727891156463
22.70122448979592
22.893673469387757
22.879115646258505
22.732857142857142
23.18673469387755
23.574897959183673
23.63612244897959
23.34
22.785034013605443
22.3930612244898
22.22639455782313
22.64204081632653
23.15687074829932
23.301768707482992
22.620136054421767
22.06891156462585
22.225850340136056
22.544013605442174
22.697414965986397
22.71551020408163
22.929591836734694
22.9174149659864
22.594149659863945
22.379319727891158
22.218707482993196
22.049727891156465
21.947823129251702
22.2543537414966
22.15326530612245
22.264897959183674
22.18421768707483
21.910544217687075
21.804829931972787
22.103197278911566
22.04714285714286
21.719251700680275
21.75013605442177
21.896190476190476
22.0134693877551
22.170816326530613
21.99530612244898
21.722244897959186
21.683061224489798
21.7156462585034
21.7365306122449
21.742380952380955
21.666190476190472
21.336190476190477
21.404013605442174
21.529591836734696
21.584421768707482
21.39795918367347
21.38836734693878
21.02843537414966
20.994081632653057
20.953061224489797
21.281156462585038
21.276802721088437
21.521020408163267
21.212108843537415
20.827891156462584
20.663605442176873
20.9343537414966
21.01340136054422
21.094489795918367
21.368027210884353
21.065510204081633
20.63755102040816
20.53455782312925
20.990000000000002
20.49421768707483
20.447210884353744
20.231428571428573
20.581972789115646
20.21748299319728
20.817755102040817
21.12013605442177
21.17680272108844
20.738775510204082
20.981428571428573
20.91952380952381
20.894285714285715
20.685238095238095
20.77734693877551
20.348503401360546
20.842448979591836
20.68687074829932
21.025510204081634
20.86578231292517
21.012721088435377
20.658095238095235
21.132721088435375
21.2169387755102
21.214625850340134
20.84496598639456
20.7578231292517
20.519659863945577
20.88156462585034
20.774897959183676
20.564761904761905
20.511088435374152
20.871156462585034
21.01108843537415
21.021836734693878
21.148163265306124
21.05455782312925
20.615714285714283
20.525578231292517
20.73775510204082
20.93673469387755
20.80530612244898
20.8365306122449
20.566938775510202
20.34510204081633
20.602176870748302
20.739727891156463
20.68360544217687
20.89081632653061
21.068367346938775
21.15544217687075
20.82170068027211
20.634081632653064
20.589115646258506
21.266598639455786
21.11850340136054
20.886326530612244
20.731360544217686
21.21244897959184
21.0565306122449
21.225306122448977
20.849659863945575
20.88469387755102
20.71666666666667
21.213333333333335
21.43578231292517
21.291292517006802
20.78639455782313
20.894285714285715
21.01952380952381
21.167755102040818
21.35421768707483
21.62414965986395
21.568027210884356
21.212108843537415
21.414013605442175
21.69401360544218
21.796326530612244
21.58544217687075
21.750272108843536
21.966122448979593
22.078639455782312
21.892380952380954
21.704149659863948
21.906734693877553
22.374285714285712
22.671224489795918
22.818027210884352
23.291632653061225
23.38312925170068
23.62530612244898
24.0356462585034
24.52836734693878
24.505442176870748
24.425714285714285
24.54795918367347
24.505170068027212
24.80190476190476
25.121020408163268
25.34095238095238
25.407619047619047
25.85938775510204
26.295986394557826
26.261632653061227
26.200952380952383
26.66659863945578
27.197755102040816
27.25965986394558
27.043809523809525
27.361292517006802
27.867142857142856
28.38394557823129
28.269931972789117
28.439251700680273
28.75965986394558
29.21040816326531
29.40734693877551
29.862925170068028
30.15829931972789
30.204625850340136
30.273333333333333
30.21591836734694
29.96938775510204
30.25639455782313
30.67734693877551
30.78714285714286
31.09013605442177
31.69455782312925
31.95734693877551
31.688367346938776
31.913197278911568
32.210204081632654
32.22823129251701
32.02074829931973
31.83034013605442
32.045102040816325
32.21448979591837
32.320476190476185
32.38537414965987
32.52755102040817
32.13462585034014
31.702517006802722
31.394693877551024
31.09619047619048
30.997278911564628
31.11632653061225
31.26965986394558
30.867414965986395
30.470340136054425
30.094081632653058
30.048299319727892
29.690952380952382
29.21700680272109
29.156938775510206
29.41673469387755
29.044897959183675
28.55115646258503
28.213537414965987
28.488639455782316
28.371836734693876
28.231292517006803
27.533673469387754
27.43170068027211
27.446802721088435
27.55231292517007
27.051768707483
26.713809523809527
26.855918367346938
26.981564625850343
26.649115646258508
26.522857142857145
26.45918367346939
26.34945578231293
26.2965306122449
26.59979591836735
26.43904761904762
26.029115646258504
25.87761904761905
25.907210884353745
25.4656462585034
25.063605442176872
24.912380952380953
25.313673469387755
25.675510204081633
25.798843537414967
25.626122448979594
25.438843537414964
25.731020408163268
25.685850340136053
25.576802721088434
25.454081632653065
25.473945578231294
25.419319727891157
25.471156462585036
25.40823129251701
25.54244897959184
25.650068027210885
25.901904761904763
25.992448979591835
26.21387755102041
26.04448979591837
25.940340136054424
25.882312925170066
26.073469387755104
26.012380952380955
26.4230612244898
26.418231292517007
26.589319727891155
26.74401360544218
26.918231292517007
26.910884353741498
26.87625850340136
27.100476190476193
27.42278911564626
27.940204081632654
28.037142857142857
27.68829931972789
27.687006802721086
27.99585034013606
28.33544217687075
28.406394557823127
28.28292517006803
28.37625850340136
28.600816326530612
28.944081632653063
29.35156462585034
29.626598639455782
29.875374149659866
29.86748299319728
29.989251700680274
30.07496598639456
30.201156462585033
30.499251700680272
30.730068027210887
30.807755102040815
30.819727891156464
31.1034693877551
31.31074829931973
31.201020408163266
31.556802721088438
31.99340136054422
32.280136054421774
32.43408163265306
32.85013605442177
32.99816326530612
32.915238095238095
32.91721088435374
32.92972789115646
33.22571428571429
33.75809523809524
33.8748299319728
33.92108843537415
34.08605442176871
34.66095238095238
34.77421768707483
35.25863945578231
35.11734693877551
34.69986394557823
34.685374149659864
35.16312925170068
35.78054421768708
35.755306122448985
36.3169387755102
36.4321768707483
36.666666666666664
36.601836734693876
36.91700680272109
37.1621768707483
37.22897959183673
37.36081632653061
37.731768707483
38.15625850340137
38.187006802721086
38.28224489795919
38.4778231292517
38.83789115646258
39.17034013605443
39.38761904761905
39.15993197278912
39.19755102040817
39.731632653061226
39.88802721088436
39.990476190476194
40.03054421768708
40.03843537414966
39.975306122448984
40.479183673469386
40.84462585034014
40.88108843537415
40.70074829931973
41.1056462585034
41.41965986394558
41.911564625850346
41.931360544217696
42.083061224489796
41.856870748299315
41.65680272108843
41.84836734693877
41.88292517006803
41.86666666666667
41.99340136054421
42.0391156462585
41.867278911564625
42.15605442176871
42.73074829931973
42.89795918367347
42.87068027210884
42.811224489795926
42.76292517006803
42.983809523809526
43.15408163265306
42.89965986394557
42.84346938775511
43.20748299319728
43.47095238095238
43.39585034013606
43.27476190476192
43.6430612244898
43.65163265306123
43.81401360544218
43.68911564625851
44.09768707482993
44.11482993197279
44.18
44.04081632653062
44.402857142857144
44.52687074829932
44.74850340136054
44.85993197278911
44.971700680272114
44.83190476190477
44.93163265306122
45.03
45.01925170068027
45.234149659863945
45.41700680272109
45.58925170068028
45.48557823129252
45.76959183673469
45.912925170068036
46.10544217687075
46.145102040816326
46.33414965986394
46.45312925170068
46.58619047619048
46.5204081632653
46.476394557823134
46.11789115646259
46.199931972789116
46.25823129251701
46.67904761904762
46.63013605442177
46.70013605442177
46.51496598639456
46.2882993197279
46.3078231292517
46.541428571428575
46.65312925170068
46.61639455782313
46.673469387755105
46.45775510204082
46.40925170068027
46.40374149659864
46.440748299319736
46.32659863945578
46.63775510204082
46.8630612244898
46.795578231292524
46.38224489795918
45.970068027210885
45.93469387755103
46.053877551020406
46.300272108843544
46.34231292517007
46.22877551020409
45.908163265306115
45.73503401360544
45.82408163265306
45.981700680272105
45.68646258503402
45.81979591836735
46.00095238095238
46.26285714285714
45.568231292517005
45.373061224489796
45.5174149659864
46.00142857142857
45.99972789115647
45.822585034013606
45.46197278911565
45.25224489795919
45.199659863945584
45.42149659863946
45.639591836734695
45.53591836734694
45.38081632653062
45.20292517006803
45.472925170068024
45.231972789115645
45.24176870748299
44.823945578231296
44.78795918367347
44.611224489795916
44.68761904761905
44.61210884353741
44.72897959183673
44.975374149659864
44.90877551020408
44.83517006802721
44.543945578231295
44.63578231292517
44.66564625850341
44.63292517006803
44.30510204081633
44.41979591836734
44.20843537414966
43.745646258503406
43.562653061224495
43.762789115646264
43.91925170068028
43.67639455782313
43.279863945578235
43.256190476190476
43.45802721088435
43.4804081632653
42.604897959183674
42.48319727891157
42.371632653061226
42.74578231292517
42.36122448979591
42.46972789115647
41.96448979591837
41.92836734693878
41.57714285714286
41.816802721088436
41.43047619047619
41.630204081632655
41.19374149659863
41.22768707482993
40.65544217687075
41.17054421768707
40.846870748299324
41.1408843537415
40.75734693877551
40.51605442176871
40.010612244897956
40.09918367346938
40.36952380952381
40.19857142857143
39.80469387755102
39.31619047619047
39.23244897959184
39.20870748299319
38.903945578231294
38.80047619047619
38.67054421768708
38.93170068027211
38.69931972789116
38.69489795918368
38.20115646258503
38.222244897959186
38.21802721088435
38.059863945578236
37.5970068027211
37.27374149659864
37.578095238095244
37.55768707482993
37.592176870748304
37.24863945578232
36.98149659863945
36.803877551020406
36.67258503401361
36.427142857142854
36.01680272108844
36.028231292517006
35.913877551020406
35.985170068027216
35.720340136054425
35.74625850340136
35.61442176870749
35.64149659863945
35.32360544217687
35.40816326530612
35.008979591836734
34.76727891156463
34.402312925170065
34.4617006802721
34.56156462585034
34.26142857142857
33.72278911564626
33.84204081632653
34.21959183673469
34.23142857142857
33.86625850340136
33.723605442176876
33.15156462585034
33.053061224489795
33.03115646258503
33.027959183673474
32.9412925170068
32.63326530612245
32.345986394557826
32.085510204081636
32.27122448979593
32.30707482993197
32.47877551020409
32.27394557823129
32.23687074829932
32.06503401360545
31.968911564625856
31.64605442176871
31.528503401360545
31.825714285714287
31.783129251700682
31.641700680272113
31.26231292517007
31.37517006802721
31.099455782312923
30.86326530612245
30.4395918367347
30.38061224489796
30.521428571428576
30.458163265306126
30.003809523809526
29.878027210884355
30.02095238095238
30.018639455782314
29.81605442176871
29.63149659863946
29.50714285714286
29.565170068027214
29.139863945578234
28.94346938775511
28.98204081632653
29.217346938775513
28.685646258503404
28.734149659863945
28.724965986394558
28.297755102040817
28.018911564625853
28.062108843537416
27.691224489795918
27.63387755102041
27.994761904761905
28.00272108843538
27.238775510204082
27.076530612244895
27.001428571428573
26.99591836734694
26.38285714285714
26.216462585034016
26.181292517006806
26.49061224489796
26.382244897959186
26.4143537414966
26.22748299319728
25.792789115646258
25.680884353741497
25.883537414965986
25.810544217687074
25.518503401360544
25.27027210884354
25.275986394557826
25.193809523809527
25.22353741496599
25.07646258503401
25.00612244897959
24.89938775510204
24.64095238095238
24.336190476190477
24.15904761904762
24.139115646258503
24.068979591836737
23.816734693877553
23.49394557823129
23.52374149659864
23.85530612244898
23.652380952380952
23.842448979591836
23.757210884353743
23.758231292517006
23.12761904761905
23.441768707482993
23.0865306122449
23.02040816326531
22.791700680272108
22.892925170068033
22.674285714285716
22.84829931972789
22.948231292517008
22.701156462585036
22.679727891156464
22.61108843537415
22.442857142857143
21.85972789115646
21.52455782312925
21.585238095238097
22.028163265306123
22.00659863945578
21.266190476190474
21.029523809523813
21.331972789115646
21.860952380952384
21.387074829931972
21.24666666666667
21.03421768707483
21.161904761904758
20.797755102040817
21.050340136054423
21.144761904761904
21.163537414965987
20.69938775510204
20.550884353741495
20.311496598639458
20.27482993197279
20.01578231292517
20.05925170068027
20.02374149659864
19.988775510204082
19.952380952380956
20.081904761904763
20.208503401360545
20.09904761904762
20.008979591836734
19.7852380952381
19.59768707482993
19.290272108843535
19.293945578231295
19.41149659863946
19.09374149659864
19.070340136054423
19.022925170068028
19.399183673469388
19.045646258503403
19.13448979591837
18.722040816326533
18.628843537414966
18.752040816326527
19.114013605442175
18.948367346938777
18.739115646258504
18.800272108843537
18.855850340136055
18.675034013605444
18.753197278911564
18.49238095238095
18.101156462585035
17.902108843537412
18.01931972789116
18.10448979591837
17.98387755102041
18.013197278911562
17.91047619047619
18.07619047619048
17.77455782312925
17.49517006802721
17.255986394557823
17.523333333333333
17.59190476190476
17.548707482993198
17.461224489795917
17.62170068027211
17.593605442176873
17.45047619047619
17.28578231292517
17.22374149659864
17.01108843537415
16.972380952380952
16.901904761904763
17.077278911564626
17.163333333333334
17.063197278911566
16.735306122448982
16.80673469387755
16.799455782312926
16.49061224489796
16.534625850340138
16.60666666666667
16.642721088435373
16.446666666666665
16.491088435374152
16.16768707482993
16.427959183673472
16.678979591836736
16.842517006802723
16.332244897959185
16.22074829931973
16.10557823129252
16.366734693877554
16.281632653061223
15.980408163265306
15.594761904761905
15.64965986394558
15.869591836734694
15.844897959183674
15.953877551020408
16.134353741496597
16.293197278911563
15.751020408163265
15.746734693877551
15.948843537414966
16.10829931972789
15.878911564625849
15.903809523809526
15.835102040816329
15.67265306122449
15.605510204081632
15.567891156462585
15.533537414965986
15.739251700680272
15.919931972789115
15.809795918367348
15.544965986394558
15.529387755102041
15.293673469387757
15.161020408163267
15.318027210884354
15.883537414965987
15.745646258503402
15.566326530612246
15.163129251700681
15.17891156462585
15.297074829931972
15.679319727891157
15.257142857142858
14.991020408163266
14.963809523809523
15.227074829931972
15.162721088435374
15.110340136054422
15.176190476190476
15.386258503401361
15.447074829931974
15.187414965986395
14.942108843537415
14.895238095238096
15.119931972789116
15.147414965986396
15.308435374149662
15.16136054421769
15.026462585034015
14.720068027210884
14.872721088435375
15.23578231292517
15.266326530612245
14.959795918367346
15.001496598639456
15.270340136054422
15.412040816326531
15.000272108843538
14.650068027210885
14.657142857142858
15.285102040816328
15.363197278911564
15.162857142857142
14.688299319727893
15.032312925170068
14.638163265306122
14.768367346938776
14.642448979591837
15.164489795918367
15.221904761904762
15.285034013605443
14.860748299319729
14.641292517006804
14.801904761904762
14.667278911564626
14.553469387755104
14.76843537414966
15.362925170068028
15.312585034013605
15.09673469387755
14.680544217687073
14.718231292517007
14.891156462585036
14.87761904761905
14.695102040816327
14.746666666666668
14.967346938775512
14.570272108843536
14.673265306122449
15.092108843537417
15.28374149659864
14.835578231292518
14.555986394557825
14.408095238095239
14.401564625850341
14.390544217687077
14.775782312925172
15.08625850340136
15.369387755102041
15.021292517006803
14.817346938775511
14.460884353741497
14.417482993197279
14.447687074829933
14.529115646258504
14.4578231292517
14.477210884353742
14.511768707482993
14.367346938775512
14.355578231292517
14.510068027210885
14.760544217687077
14.667346938775513
14.836394557823128
14.920612244897958
14.353333333333335
14.236462585034012
14.813333333333333
15.099931972789115
14.891972789115647
14.726734693877551
14.904557823129252
14.646190476190476
14.669863945578232
14.610544217687075
14.63292517006803
14.668571428571429
14.672448979591836
14.818503401360546
14.61312925170068
14.905102040816328
15.027755102040818
15.104965986394559
14.628707482993196
14.764489795918369
14.598095238095237
14.549251700680273
14.440476190476192
14.779523809523809
14.59108843537415
14.600816326530612
14.685102040816329
15.09374149659864
14.720952380952381
14.618231292517008
14.36891156462585
14.52714285714286
14.537959183673472
14.68952380952381
14.65517006802721
14.61809523809524
14.477414965986394
14.46952380952381
14.323673469387757
14.458367346938775
14.359319727891156
14.800340136054423
14.656462585034014
14.740000000000002
14.370544217687074
14.631836734693877
14.411292517006801
14.442585034013607
14.401836734693877
14.672585034013606
14.376122448979592
14.060136054421768
14.06877551020408
14.360544217687075
14.51108843537415
14.394625850340137
14.560204081632653
14.832244897959185
14.733605442176872
14.351156462585035
14.396802721088434
14.56904761904762
14.320408163265308
14.329727891156463
14.655034013605443
14.987414965986396
15.041632653061223
14.650408163265308
14.505374149659865
14.401632653061226
14.462857142857143
14.321768707482994
14.529455782312926
14.706530612244899
14.424013605442177
14.197414965986393
13.989999999999998
14.366598639455782
14.303061224489795
14.758163265306123
14.7556462585034
15.009931972789117
14.714149659863946
14.757687074829935
14.54448979591837
14.44312925170068
14.210612244897959
14.17312925170068
14.439931972789116
14.808095238095238
14.91095238095238
14.960952380952381
14.658707482993197
14.372585034013605
14.426530612244898
14.855442176870747
14.847823129251703
14.403197278911566
14.230748299319728
14.4865306122449
14.777755102040816
14.749795918367347
14.474965986394556
14.375374149659862
14.661972789115648
15.005578231292517
14.993741496598638
14.652857142857142
14.203469387755103
14.401496598639456
14.652857142857144
14.704965986394559
14.620748299319729
15.047482993197281
14.830544217687075
14.769251700680272
14.767142857142858
15.134421768707483
14.745102040816327
14.804965986394556
14.649523809523808
14.93061224489796
14.788775510204081
15.094897959183672
14.894421768707483
15.056462585034012
14.852244897959185
15.320884353741498
15.116938775510203
15.057414965986395
15.14700680272109
15.25857142857143
14.982380952380952
14.660408163265306
14.848639455782314
15.025850340136055
14.94591836734694
15.030884353741499
15.045646258503403
15.19156462585034
15.016326530612247
14.840816326530613
15.089115646258504
15.142993197278912
15.075374149659863
14.950816326530612
15.456530612244899
15.472040816326531
15.193333333333333
15.512925170068028
15.58591836734694
15.37170068027211
15.108163265306125
15.264149659863946
15.291020408163265
15.580884353741496
15.429319727891155
15.444897959183674
15.289591836734694
15.396054421768707
15.194693877551021
15.58027210884354
15.516326530612243
15.258367346938774
15.300476190476191
15.618299319727893
15.703673469387756
15.780952380952382
15.422380952380953
15.20061224489796
15.418163265306122
15.835374149659863
15.851156462585035
16.050068027210884
16.162993197278915
15.984557823129252
15.777414965986395
16.081972789115646
15.776054421768709
15.73455782312925
15.798435374149662
16.280816326530612
16.12748299319728
16.00904761904762
16.094149659863945
16.541224489795916
16.359863945578233
16.48884353741497
16.407551020408164
16.813877551020408
16.598367346938776
16.650816326530613
16.551020408163264
16.956530612244897
16.685238095238095
16.481156462585034
16.670204081632654
17.10170068027211
16.721972789115647
16.575850340136054
16.568639455782318
16.919319727891157
16.54795918367347
16.334897959183674
16.384285714285717
16.936326530612245
17.043469387755103
17.2365306122449
17.43353741496599
17.345238095238095
17.28197278911565
17.454965986394555
17.523061224489794
17.369931972789118
17.114421768707484
17.13047619047619
17.27353741496599
17.487755102040815
17.58904761904762
17.86503401360544
17.995238095238097
17.721496598639455
17.675510204081633
17.85251700680272
18.149931972789116
18.308367346938777
18.211768707482996
18.30319727891156
18.313741496598638
18.705714285714286
18.60170068027211
18.691224489795918
18.402040816326533
18.771428571428572
19.022993197278915
19.35795918367347
19.483877551020413
19.561496598639458
19.568503401360545
19.859319727891158
19.627278911564627
19.64360544217687
19.681632653061225
20.354557823129255
20.213061224489795
20.32204081632653
20.23074829931973
20.756530612244898
21.105510204081632
21.414965986394556
21.397278911564626
21.421020408163265
21.309863945578236
21.94530612244898
22.43265306122449
22.78625850340136
22.92673469387755
23.244421768707483
23.4834693877551
23.881292517006806
24.286122448979594
24.758571428571425
25.158979591836733
25.68619047619048
25.695578231292515
26.503809523809522
27.17612244897959
27.811020408163266
27.506598639455785
28.0565306122449
28.370748299319725
28.881768707482998
28.972721088435378
29.102993197278913
28.83850340136054
28.972721088435375
29.403401360544215
29.332176870748302
28.90918367346939
29.0921768707483
29.350544217687073
29.713469387755104
29.421020408163265
29.757210884353746
29.608775510204083
30.115442176870747
30.11312925170068
31.119727891156465
31.375510204081635
31.782585034013607
31.67639455782313
32.49448979591837
32.64020408163266
33.09136054421769
33.31414965986394
33.92285714285714
33.81755102040816
34.22312925170068
34.57680272108844
34.71156462585034
34.366122448979596
34.48510204081633
34.74333333333334
35.047006802721086
34.81591836734694
34.5
34.32278911564626
34.31557823129252
33.76462585034014
33.73428571428572
33.731564625850346
33.901768707482994
33.359795918367354
32.99081632653061
32.91680272108843
33.20442176870749
33.091088435374154
32.7039455782313
32.60170068027212
32.181496598639455
31.40353741496599
30.595442176870748
30.114013605442178
29.960816326530615
29.835646258503402
29.53625850340136
29.024149659863948
28.58938775510204
28.70687074829932
28.38394557823129
27.653877551020408
27.04659863945578
27.028503401360545
26.91748299319728
26.72353741496599
26.8765306122449
26.144081632653062
25.71278911564626
25.48734693877551
25.816802721088436
25.20244897959184
24.785034013605443
24.433333333333334
24.486190476190473
24.16700680272109
23.697891156462585
23.206938775510203
23.41768707482993
23.64802721088435
23.384625850340136
23.001292517006803
22.42979591836735
22.284761904761908
21.955238095238094
22.143197278911565
22.303469387755104
22.41312925170068
21.827074829931973
21.622721088435373
21.925510204081633
22.168979591836734
21.886734693877553
21.358367346938778
20.802108843537415
20.195646258503402
19.85448979591835
20.169115646258483
