146.0212585034014
146.19115646258504
146.31088435374147
146.47299319727892
146.6978911564626
146.69911564625852
146.62972789115645
146.61
146.6596598639456
146.8056462585034
146.81959183673467
146.58544217687074
146.1838775510204
145.88632653061222
145.64353741496598
145.4890476190476
145.45197278911564
145.56238095238095
145.73027210884354
145.91510204081632
145.89
145.67931972789117
145.2989795918367
145.09843537414966
145.1099319727891
145.24802721088435
145.23190476190476
145.1082993197279
144.9960544217687
144.9704761904762
145.09816326530614
145.15571428571428
145.1069387755102
144.9803401360544
144.87408163265306
144.72285714285715
144.57115646258504
144.54224489795916
144.44489795918366
144.46829931972792
144.62959183673468
144.83836734693878
144.82857142857142
144.81639455782312
144.7925850340136
144.78312925170067
144.65
144.58945578231294
144.5125170068027
144.55551020408166
144.50095238095238
144.4236054421769
144.3770068027211
144.39972789115646
144.38129251700678
144.4370068027211
144.6378911564626
144.84319727891156
144.81639455782312
144.79884353741494
144.8777551020408
144.94054421768706
144.93482993197279
144.89598639455784
144.96775510204083
144.95612244897958
144.91176870748302
144.96993197278914
145.05278911564625
144.99734693877548
144.72183673469388
144.56040816326532
144.4825850340136
144.66938775510206
144.97591836734694
145.1357823129252
145.13557823129253
145.1495238095238
145.27367346938775
145.34897959183672
145.29931972789115
145.11755102040817
144.9482993197279
145.03197278911563
145.03972789115645
144.96571428571428
144.8329931972789
144.9152380952381
144.93945578231293
145.01108843537418
145.1017006802721
145.27448979591838
145.35768707482993
145.5233333333333
145.58224489795916
145.53272108843538
145.35680272108843
145.32115646258507
145.34387755102043
145.39938775510205
145.45605442176873
145.53421768707483
145.6352380952381
145.7340136054422
145.85931972789118
146.02891156462587
146.23870748299322
146.4587074829932
146.75081632653058
147.03251700680272
147.26557823129252
147.5547619047619
147.83816326530612
148.1561224489796
148.37687074829932
148.60646258503402
148.73190476190476
149.04680272108843
149.44068027210884
149.91748299319727
150.33748299319728
150.78945578231293
151.11088435374148
151.44020408163266
151.6569387755102
151.9294557823129
152.11938775510205
152.38183673469388
152.59863945578232
152.848843537415
153.10721088435375
153.38714285714283
153.64775510204083
153.90537414965985
154.1369387755102
154.3697278911565
154.74210884353744
155.1834693877551
155.49068027210888
155.84428571428572
156.44965986394558
157.1281632653061
157.59278911564627
157.9982993197279
158.4186394557823
158.80489795918368
159.17238095238093
159.7395918367347
160.39238095238096
161.0138775510204
161.59285714285716
162.23374149659867
162.75312925170067
163.1713605442177
163.55897959183673
163.92081632653063
164.33551020408163
164.8892517006803
165.51204081632653
165.99857142857144
166.37367346938777
166.8861904761905
167.5730612244898
168.3574149659864
169.07591836734696
169.7925850340136
170.49346938775508
171.3700680272109
172.27482993197282
173.1638095238095
173.97544217687079
174.83244897959185
175.61625850340135
176.4883673469388
177.40081632653062
178.26993197278912
179.03693877551024
179.9231292517007
180.9307482993197
181.92979591836735
182.846462585034
183.8977551020408
184.90115646258505
185.97761904761904
186.9280952380952
188.00238095238095
188.96462585034013
190.0157142857143
190.9521768707483
192.0156462585034
193.11299319727894
194.22319727891158
195.12421768707483
196.12503401360544
197.09319727891156
198.1543537414966
199.1573469387755
200.23768707482992
201.15224489795918
201.98850340136053
202.82380952380953
203.69952380952384
204.57809523809522
205.5412925170068
206.31857142857143
207.03115646258505
207.72530612244898
208.61265306122448
209.3643537414966
210.09482993197278
210.79319727891158
211.56911564625852
212.31462585034015
212.96979591836737
213.54734693877552
214.1591156462585
214.78027210884355
215.34183673469389
215.82816326530613
216.37748299319725
216.87707482993198
217.32380952380956
217.69972789115647
218.08231292517007
218.40102040816328
218.74891156462587
219.13272108843537
219.5131292517007
219.848231292517
220.0644217687075
220.25326530612244
220.40659863945578
220.59721088435373
220.78809523809525
220.99510204081636
221.10829931972788
221.1221768707483
221.13761904761907
221.1555782312925
221.1348299319728
221.01312925170066
220.8543537414966
220.72945578231295
220.6182993197279
220.50625850340137
220.32999999999998
220.11578231292518
219.79455782312925
219.50816326530614
219.20925170068028
218.8768707482993
218.4725850340136
218.07204081632653
217.68204081632655
217.29156462585036
216.87088435374153
216.3679591836735
215.85142857142856
215.30163265306123
214.77115646258503
214.24462585034013
213.74496598639456
213.1395918367347
212.4939455782313
211.86721088435374
211.33605442176872
210.7236734693878
210.13210884353745
209.51510204081632
208.86714285714285
208.17897959183676
207.57789115646258
206.96238095238095
206.3257142857143
205.64448979591833
205.0209523809524
204.38013605442177
203.73795918367347
203.1018367346939
202.5378231292517
202.06340136054422
201.51081632653063
200.92897959183676
200.36959183673468
199.91850340136054
199.4012244897959
198.88598639455785
198.375306122449
197.9909523809524
197.61401360544218
197.2657142857143
196.91312925170064
196.6238095238095
196.3131972789116
196.02530612244897
195.74170068027212
195.48761904761906
195.19013605442177
194.9712244897959
194.8222448979592
194.7010204081633
194.5044897959184
194.28863945578232
194.15238095238095
194.05911564625853
193.91965986394558
193.81040816326532
193.8022448979592
193.75891156462583
193.72625850340137
193.6861224489796
193.79986394557824
193.86387755102044
193.9717006802721
194.13455782312926
194.2757142857143
194.38149659863944
194.4170068027211
194.5451700680272
194.6970068027211
194.83523809523814
194.86809523809524
194.95013605442176
195.10619047619048
195.26272108843537
195.39591836734695
195.55795918367346
195.6917006802721
195.75231292517006
195.8328571428571
195.94027210884354
196.06537414965987
196.13333333333335
196.23761904761903
196.31850340136054
196.42795918367347
196.5325850340136
196.6887074829932
196.81496598639458
196.92625850340136
196.9048299319728
196.873537414966
196.97891156462586
197.21251700680273
197.3113605442177
197.27013605442176
197.25551020408165
197.39829931972793
197.52836734693878
197.52727891156465
197.54102040816326
197.5287074829932
197.4812925170068
197.44278911564626
197.4991836734694
197.5648299319728
197.5419047619048
197.54897959183674
197.6025170068027
197.6665306122449
197.743537414966
197.8555782312925
197.85244897959183
197.7187755102041
197.62870748299324
197.6656462585034
197.62285714285713
197.59761904761905
197.63074829931975
197.70523809523812
197.68333333333334
197.66040816326534
197.65292517006804
197.59489795918367
197.50013605442177
197.4148979591837
197.3474149659864
197.24170068027212
197.23238095238096
197.26714285714286
197.31721088435373
197.28108843537416
197.29258503401363
197.2617006802721
197.1509523809524
196.98571428571427
196.99204081632655
196.98870748299322
196.89380952380955
196.74993197278914
196.78911564625852
196.75122448979596
196.65360544217688
196.5551020408163
196.45530612244897
196.34149659863948
196.1948299319728
196.1275510204082
196.0648299319728
196.07768707482995
196.01414965986396
195.89755102040817
195.81285714285718
195.70823129251704
195.5966666666667
195.4047619047619
195.27673469387756
195.19489795918366
195.0987074829932
194.93748299319728
194.79823129251702
194.7687074829932
194.6961224489796
194.59238095238095
194.48272108843537
194.4083673469388
194.2587755102041
194.00455782312923
193.83292517006805
193.78741496598641
193.71585034013606
193.54380952380956
193.4209523809524
193.31578231292517
193.1840136054422
192.97455782312926
192.73142857142858
192.49068027210885
192.39360544217686
192.32238095238094
192.15482993197278
191.988231292517
191.80823129251704
191.58843537414967
191.38714285714286
191.26755102040818
191.09068027210884
190.84673469387755
190.68108843537416
190.61244897959185
190.4551020408163
190.22775510204082
189.94836734693877
189.70843537414967
189.44530612244898
189.25959183673473
189.07034013605443
188.86224489795916
188.6734693877551
188.5130612244898
188.31571428571428
188.09238095238098
187.82231292517005
187.548843537415
187.1925170068027
186.92632653061224
186.7692517006803
186.6586394557823
186.46673469387756
186.26707482993197
185.95408163265307
185.57081632653063
185.2126530612245
184.94231292517009
184.67394557823127
184.41891156462586
184.1266666666667
183.75428571428574
183.38850340136057
183.01530612244898
182.65687074829935
182.3874829931973
182.1778231292517
181.90891156462584
181.54666666666668
181.21442176870752
180.93816326530612
180.63646258503402
180.29020408163268
179.96149659863946
179.66367346938776
179.39884353741496
179.06721088435376
178.73217687074828
178.3196598639456
177.98156462585035
177.64979591836735
177.34034013605444
176.99925170068025
176.64238095238096
176.33544217687074
176.02687074829933
175.69387755102042
175.27340136054423
174.85625850340136
174.5148299319728
174.1843537414966
173.80061224489793
173.45408163265307
173.1508843537415
172.7916326530612
172.35244897959183
171.98925170068026
171.72673469387757
171.4278231292517
171.0360544217687
170.65605442176872
170.33666666666664
169.98857142857145
169.52027210884353
169.10918367346937
168.7908163265306
168.4818367346939
168.18040816326533
167.89238095238096
167.5070068027211
167.05346938775511
166.64816326530612
166.34115646258505
165.99632653061227
165.6834693877551
165.30013605442176
164.8829931972789
164.485306122449
164.1787755102041
163.8199319727891
163.39727891156463
162.99108843537414
162.63721088435375
162.26374149659864
161.8103401360544
161.31319727891156
160.90469387755104
160.55448979591836
160.25190476190477
159.8444217687075
159.42000000000002
158.91884353741497
158.49238095238096
158.04455782312925
157.59884353741498
157.11421768707487
156.6422448979592
156.19142857142856
155.8304761904762
155.45496598639454
155.00040816326532
154.46020408163264
153.95156462585035
153.50340136054422
153.05149659863946
152.65993197278914
152.19231292517006
151.69619047619048
151.16095238095238
150.72646258503403
150.3270068027211
149.8531292517007
149.31380952380954
148.86816326530615
148.43857142857144
147.98353741496598
147.53904761904758
147.1669387755102
146.7121088435374
146.2365986394558
145.76802721088436
145.32591836734693
144.86088435374148
144.40326530612248
143.82897959183674
143.36142857142858
142.9178231292517
142.51326530612246
142.006462585034
141.5699319727891
141.1269387755102
140.7151020408163
140.30258503401362
139.83244897959185
139.2936054421769
138.8157823129252
138.4474829931973
138.0200680272109
137.56387755102043
137.11931972789117
136.6147619047619
136.06272108843535
135.63421768707482
135.23802721088435
134.88312925170067
134.45448979591836
134.1731292517007
133.78401360544217
133.34523809523807
132.83074829931974
132.46115646258505
132.11965986394557
131.7652380952381
131.3805442176871
130.95421768707484
130.5255782312925
130.17578231292518
129.78979591836733
129.38734693877552
128.94775510204082
128.47931972789118
128.16544217687076
127.91272108843538
127.61598639455784
127.13578231292517
126.72340136054422
126.29789115646261
125.92925170068028
125.5870068027211
125.2456462585034
124.86823129251701
124.4342857142857
123.98979591836735
123.62965986394559
123.34931972789117
122.97095238095238
122.59496598639457
122.21666666666667
121.87156462585034
121.40285714285714
121.02945578231292
120.6578911564626
120.29122448979591
119.89489795918367
119.54795918367347
119.32156462585034
118.93612244897959
118.4848299319728
118.02360544217687
117.68292517006805
117.34605442176871
116.97945578231293
116.60823129251702
116.28272108843538
116.0760544217687
115.74272108843537
115.34945578231293
114.91054421768708
114.4561224489796
113.89374149659864
113.41632653061225
113.07401360544219
112.72
112.24537414965988
111.7508843537415
111.38809523809525
111.13612244897959
110.87823129251701
110.56455782312925
110.1625850340136
109.73482993197278
109.4004761904762
109.14176870748301
108.87142857142858
108.4873469387755
108.00278911564627
107.4782993197279
107.19020408163266
106.99027210884353
106.74408163265306
106.39959183673469
106.08482993197279
105.66333333333334
105.32285714285715
105.0704081632653
104.82993197278911
104.41816326530613
103.98809523809526
103.47965986394559
103.04238095238094
102.67823129251701
102.42197278911566
102.13319727891157
101.70102040816326
101.39863945578232
101.17190476190477
100.84734693877553
100.40034013605442
100.11013605442177
99.90421768707483
99.49204081632654
99.1065986394558
98.82
98.51598639455783
98.15333333333334
97.93768707482992
97.69278911564625
97.21659863945578
96.77170068027212
96.45843537414967
96.27102040816327
96.10789115646259
95.86142857142858
95.51836734693877
95.17292517006803
94.97421768707484
94.60217687074831
94.33312925170068
94.07850340136054
93.78462585034013
93.18836734693878
92.79816326530613
92.49972789115645
92.21659863945578
91.98360544217687
91.84585034013605
91.65142857142857
91.35965986394557
91.0830612244898
90.8248299319728
90.65462585034014
90.60258503401361
90.32122448979592
90.02673469387754
89.69850340136055
89.51707482993197
89.26999999999998
89.09170068027211
88.76897959183674
88.35585034013607
87.97006802721089
87.8321768707483
87.66857142857143
87.42428571428572
87.07619047619048
86.81503401360544
86.74850340136055
86.66598639455782
86.44911564625849
86.15734693877552
86.00068027210884
85.70897959183674
85.50102040816327
85.36020408163266
85.24768707482994
84.95013605442178
84.72258503401362
84.6400680272109
84.60503401360545
84.4395238095238
84.2421768707483
84.16551020408164
84.0765306122449
83.80482993197279
83.54149659863945
83.30278911564626
83.22156462585033
83.14061224489797
83.01877551020408
82.7778231292517
82.71707482993197
82.68149659863946
82.5634693877551
82.38136054421767
82.28312925170067
82.16265306122449
82.05156462585035
82.00585034013605
81.93278911564627
81.82027210884354
81.5912925170068
81.38659863945578
81.16020408163266
81.0025850340136
80.9034693877551
80.87755102040818
80.82319727891158
80.80217687074831
80.78054421768707
80.78632653061226
80.67333333333333
80.5761224489796
80.48578231292518
80.42013605442177
80.25829931972788
80.24666666666667
80.27503401360543
80.28102040816326
80.13979591836735
80.05074829931974
79.93360544217688
79.90891156462584
79.98489795918367
80.0726530612245
80.06761904761905
79.89843537414967
79.81197278911566
79.79176870748299
79.84108843537415
79.73918367346938
79.77687074829932
79.82571428571428
79.9773469387755
80.09659863945578
80.10714285714286
80.03517006802721
79.99353741496599
80.12006802721089
80.06632653061224
79.93843537414966
79.88639455782312
79.89993197278912
79.98755102040816
80.1109523809524
80.22836734693878
80.22857142857143
80.30571428571429
80.4369387755102
80.53360544217688
80.68210884353742
80.846462585034
80.91802721088436
80.97775510204082
81.07700680272109
81.18938775510205
81.31102040816327
81.65503401360544
81.94802721088436
82.22149659863946
82.39734693877551
82.63020408163266
82.78469387755104
82.90108843537416
83.13530612244898
83.38095238095238
83.72428571428571
83.97333333333333
84.28680272108843
84.62979591836734
85.03489795918368
85.32768707482994
85.55666666666666
85.86387755102041
86.30285714285716
86.81904761904762
87.27666666666667
87.59367346938775
88.01564625850341
88.48469387755102
88.87721088435376
89.22530612244898
89.73013605442178
90.20068027210885
90.56911564625851
90.95775510204082
91.37931972789116
91.87897959183672
92.28285714285715
92.52748299319728
92.8156462585034
93.26183673469387
93.86891156462586
94.39122448979592
94.8061224489796
95.13857142857142
95.59578231292517
96.07006802721088
96.46204081632654
96.84748299319727
97.29476190476191
97.7055782312925
98.07972789115647
98.52625850340137
99.01564625850341
99.56204081632652
99.83918367346939
100.10884353741497
100.31176870748298
100.721768707483
101.14972789115647
101.64727891156463
102.01244897959184
102.32564625850341
102.77639455782312
103.15401360544217
103.44632653061225
103.76993197278911
104.22190476190477
104.47129251700682
104.65353741496598
104.93918367346939
105.4038775510204
105.81489795918367
106.04129251700681
106.23931972789114
106.54707482993199
106.91020408163266
107.04448979591837
107.21040816326531
107.56081632653061
108.01414965986395
108.32993197278911
108.58551020408164
108.74013605442177
108.89421768707483
109.13272108843537
109.45054421768708
109.85224489795918
110.15068027210883
110.2795238095238
110.32911564625851
110.6334693877551
111.01687074829933
111.32836734693878
111.51965986394559
111.65768707482992
111.82244897959185
112.01850340136055
112.25374149659865
112.45993197278912
112.62258503401361
112.71278911564626
112.87455782312925
113.12823129251701
113.23156462585034
113.15469387755103
113.14945578231294
113.26462585034014
113.22891156462585
113.06054421768707
113.10646258503401
113.17911564625851
113.11299319727891
112.9295238095238
112.7747619047619
112.56510204081633
112.31224489795919
112.06795918367347
111.88149659863944
111.72496598639455
111.52829931972789
111.41503401360544
111.23693877551021
110.86789115646258
110.39727891156463
109.99755102040818
109.51108843537415
109.23632653061225
109.02340136054421
108.64965986394557
108.0395918367347
107.72673469387755
107.40700680272109
107.00306122448978
106.52884353741497
106.04333333333334
105.53414965986394
105.1208843537415
104.76816326530613
104.29095238095239
103.83183673469387
103.50904761904764
103.19823129251701
102.8395918367347
102.48074829931974
102.09625850340134
101.56360544217688
100.9691836734694
100.48380952380954
100.09489795918368
99.77850340136055
99.5043537414966
99.27809523809525
98.88517006802721
98.3173469387755
97.87571428571428
97.60183673469388
97.36027210884355
97.02292517006804
96.71462585034014
96.39904761904762
96.07176870748299
95.71183673469388
95.34122448979592
95.06244897959184
94.81931972789117
94.50884353741498
94.10551020408164
93.86897959183673
93.5730612244898
93.15925170068027
92.65673469387755
92.44823129251701
92.18414965986395
92.03061224489795
91.75646258503401
91.55802721088435
91.20707482993198
90.99530612244897
90.66374149659865
90.42258503401361
90.12421768707483
89.83197278911565
89.40047619047621
88.9826530612245
88.64904761904762
88.43210884353742
88.2438775510204
88.03666666666668
87.77285714285715
87.45625850340136
87.32911564625851
87.26367346938775
87.06251700680272
86.69673469387756
86.45965986394557
86.33469387755103
86.08707482993198
85.86163265306124
85.8326530612245
85.88972789115645
85.72755102040816
85.54115646258504
85.53387755102041
85.47469387755103
85.19115646258504
84.93680272108844
84.77496598639456
84.77340136054423
84.63523809523811
84.58333333333334
84.48034013605442
84.5
84.41911564625849
84.39231292517007
84.2965306122449
84.27768707482994
84.2761224489796
84.30272108843539
84.27462585034013
84.26047619047618
84.21891156462584
84.15891156462585
84.05401360544218
83.97367346938776
83.99006802721088
83.94421768707483
83.86265306122449
83.83639455782313
83.9839455782313
83.94925170068028
83.86625850340137
83.85877551020408
83.96544217687075
83.99965986394558
84.04768707482994
84.15401360544217
84.21925170068029
84.29142857142858
84.40278911564626
84.4708843537415
84.34795918367348
84.29598639455781
84.37115646258502
84.46530612244898
84.60496598639456
84.77537414965985
84.98489795918368
85.08748299319728
85.21829931972789
85.19972789115647
85.35115646258502
85.65068027210884
85.93870748299321
86.07673469387755
86.10183673469388
86.19469387755103
86.32142857142858
86.57863945578231
86.85734693877552
86.99619047619049
87.02408163265306
87.06319727891156
87.31836734693877
87.5265306122449
87.68380952380953
87.86455782312925
88.02557823129253
88.1634693877551
88.24156462585034
88.29496598639457
88.41197278911565
88.5948299319728
88.7360544217687
88.89244897959183
89.06761904761906
89.23632653061225
89.32632653061225
89.49380952380952
89.64700680272108
89.75210884353741
89.82986394557824
89.971768707483
90.1261224489796
90.32244897959183
90.54251700680271
90.89680272108843
91.13163265306123
91.48122448979592
91.7504761904762
92.00911564625851
92.0769387755102
92.2117006802721
92.44904761904762
92.71462585034014
92.86571428571429
92.92115646258503
93.11489795918366
93.23986394557824
93.44768707482993
93.57857142857144
93.67891156462585
93.78285714285714
93.95659863945579
93.9539455782313
93.91380952380952
94.11360544217689
94.39510204081633
94.58938775510204
94.7548299319728
94.93918367346939
95.07918367346937
95.2599319727891
95.47006802721089
95.73537414965986
95.81360544217686
95.83312925170067
96.04884353741497
96.36081632653062
96.67537414965986
96.81013605442178
96.98619047619049
97.1322448979592
97.29673469387754
97.46510204081633
97.61197278911565
97.90938775510205
98.16612244897959
98.49061224489796
98.76503401360544
99.04312925170068
99.25993197278912
99.52136054421769
99.88020408163266
100.32469387755101
100.70870748299319
101.0443537414966
101.42755102040817
101.92843537414967
102.32285714285715
102.77448979591836
103.31
103.7721768707483
104.11639455782313
104.51272108843538
105.22129251700679
106.0304081632653
106.7243537414966
107.1343537414966
107.66632653061225
108.44816326530612
109.40108843537416
110.46680272108844
111.5830612244898
112.61319727891157
113.70285714285714
114.95714285714287
116.4661224489796
117.94
119.51904761904761
121.06319727891156
122.74238095238094
124.52727891156462
126.39795918367348
128.0874149659864
129.54292517006803
130.93795918367348
132.08979591836734
132.98448979591836
133.7266666666667
134.30551020408163
134.59306122448982
134.72190476190477
134.9804761904762
135.37551020408165
135.77190476190478
136.09795918367348
136.39721088435377
136.45877551020408
136.47795918367348
136.61027210884353
136.83285714285716
136.88306122448978
136.99945578231296
137.28931972789115
137.54278911564626
137.61809523809524
137.717074829932
137.7034693877551
137.59231292517006
137.3904761904762
137.26544217687075
137.12972789115648
136.82380952380953
136.54496598639454
136.4626530612245
136.7978231292517
137.0117006802721
137.04102040816323
137.0231972789116
137.15149659863948
137.30272108843536
137.37673469387755
137.436462585034
137.2651700680272
136.7986394557823
136.0069387755102
135.193537414966
134.40727891156462
133.5725850340136
132.86938775510203
132.2634013605442
131.64374149659866
130.78673469387758
129.69598639455782
128.13551020408164
126.0765986394558
123.7104081632653
121.2412925170068
118.8291836734694
116.7504081632653
114.67727891156463
112.80877551020407
110.78156462585035
108.83544217687074
106.86469387755102
105.22081632653062
103.68884353741497
102.13836734693876
100.54251700680271
98.6552380952381
96.91863945578231
95.49068027210885
94.10578231292517
92.54170068027211
91.10455782312926
89.97802721088435
88.68891156462587
87.23993197278912
86.02585034013605
84.94142857142857
83.97530612244898
82.71142857142858
81.39414965986394
79.95244897959185
78.84360544217687
77.6925850340136
76.6639455782313
75.6195918367347
74.67605442176871
73.66367346938776
73.06455782312926
72.89646258503402
72.72843537414965
72.10931972789115
71.17884353741496
70.07829931972789
68.86714285714287
67.62809523809523
66.20972789115648
64.46857142857144
62.65088435374149
60.978775510204045
59.31006802721083
