141.44085034013608
141.39850340136047
141.41414965986397
141.38251700680274
141.22714285714287
141.04068027210883
140.77850340136055
140.6339455782313
140.63530612244898
140.7127210884354
140.75265306122452
140.8512925170068
140.7659863945578
140.45891156462585
140.18993197278914
140.33925170068028
140.54299319727892
140.67068027210885
140.72197278911563
140.6905442176871
140.41462585034014
140.25938775510204
140.21204081632652
140.20367346938775
140.21551020408162
140.43986394557822
140.62503401360547
140.6478911564626
140.66707482993198
140.70244897959185
140.6930612244898
140.595306122449
140.68095238095236
140.71428571428572
140.64006802721087
140.5425850340136
140.4900680272109
140.3365306122449
140.07782312925173
140.17700680272108
140.43333333333334
140.86326530612246
141.14190476190475
141.4421768707483
141.57496598639455
141.69537414965987
141.69734693877552
141.7104081632653
141.73632653061225
141.7282993197279
141.68095238095236
141.6957823129252
141.84292517006804
141.8743537414966
141.80374149659863
141.62938775510204
141.64925170068028
141.62625850340135
141.56727891156464
141.39068027210885
141.36034013605442
141.3834693877551
141.50210884353743
141.68802721088434
141.90557823129254
142.05421768707487
142.02693877551025
141.91945578231292
141.69829931972794
141.37564625850342
141.12374149659865
140.96802721088437
140.85591836734693
140.69285714285715
140.6509523809524
140.62734693877553
140.59489795918367
140.6205442176871
140.79632653061225
140.9171428571429
140.9187074829932
140.8065306122449
140.63081632653063
140.34292517006804
140.11795918367346
139.95503401360546
139.93993197278914
140.0136054421769
140.09938775510204
140.05714285714288
140.12442176870752
140.18931972789113
140.2621768707483
140.28714285714287
140.4600680272109
140.388231292517
140.19537414965987
140.0274149659864
140.06102040816327
140.16102040816327
140.22
140.10761904761904
140.0070068027211
140.10231292517005
140.26149659863947
140.29204081632653
140.28108843537416
140.50251700680275
140.8878911564626
141.31632653061223
141.7039455782313
142.2829931972789
142.73707482993197
143.12414965986395
143.37027210884355
143.7134013605442
143.96823129251703
144.19115646258504
144.31285714285715
144.31231292517006
144.3786394557823
144.52462585034016
144.78625850340134
144.93482993197279
145.18904761904764
145.63122448979593
146.18891156462587
146.58163265306123
146.90829931972792
147.14197278911567
147.25952380952384
147.2878231292517
147.34625850340137
147.4691836734694
147.49557823129248
147.64102040816326
147.89292517006803
148.18632653061223
148.36244897959185
148.593537414966
148.96285714285713
149.45755102040818
150.00469387755103
150.5244217687075
150.9743537414966
151.3508843537415
151.67115646258503
152.12340136054422
152.55312925170068
152.9474149659864
153.23292517006803
153.52428571428572
153.56680272108844
153.6001360544218
153.7971428571429
154.13272108843537
154.42857142857144
154.73326530612243
155.18585034013608
155.77843537414967
156.30931972789116
156.7934013605442
157.37027210884355
158.20646258503402
159.0296598639456
159.76904761904763
160.4465986394558
161.18544217687077
161.7887074829932
162.32829931972788
162.8391836734694
163.42408163265304
164.07721088435375
164.88414965986397
165.71551020408162
166.58455782312924
167.33965986394557
168.20945578231292
169.12938775510204
170.22585034013605
171.1608843537415
172.42149659863944
173.72714285714284
175.17673469387756
176.57231292517008
178.238843537415
179.78095238095239
181.19278911564626
182.41183673469388
183.84891156462584
185.20401360544219
186.60544217687078
187.92727891156463
189.34476190476192
190.54782312925173
191.8018367346939
193.1109523809524
194.38380952380953
195.57530612244898
196.94292517006807
198.19843537414968
199.3609523809524
200.39258503401362
201.561768707483
202.56054421768707
203.5669387755102
204.59414965986394
205.68870748299318
206.6217006802721
207.5374829931973
208.37897959183675
209.24326530612245
210.08510204081634
210.99809523809526
211.7257142857143
212.46190476190478
213.21027210884355
213.9691836734694
214.61585034013606
215.26877551020408
215.89238095238096
216.55721088435376
217.12884353741495
217.69102040816327
218.1491156462585
218.6209523809524
219.02013605442178
219.45537414965986
219.76632653061222
220.108231292517
220.44476190476192
220.78367346938774
221.03401360544217
221.27183673469386
221.42857142857142
221.53183673469385
221.6078231292517
221.73496598639457
221.83877551020407
221.89122448979592
221.85639455782314
221.78721088435373
221.68108843537414
221.56510204081633
221.41027210884357
221.1587074829932
220.9
220.66040816326532
220.40000000000003
220.06591836734694
219.71408163265306
219.33673469387753
218.96292517006805
218.4804761904762
218.01646258503405
217.54040816326534
217.1101360544218
216.53204081632654
215.91646258503403
215.33496598639456
214.8157823129252
214.2043537414966
213.54666666666665
212.86789115646258
212.24850340136055
211.57122448979592
210.87136054421768
210.15163265306126
209.50625850340137
208.8103401360544
208.05693877551022
207.2887755102041
206.58142857142857
205.8161224489796
205.09925170068027
204.32448979591837
203.58931972789117
202.90435374149664
202.30095238095242
201.52469387755102
200.83149659863943
200.1742857142857
199.58421768707484
198.93857142857144
198.39816326530612
197.77632653061227
197.21795918367349
196.7365986394558
196.2751700680272
195.7465306122449
195.24857142857144
194.8522448979592
194.53163265306125
194.17782312925172
193.81768707482993
193.50095238095238
193.16979591836736
192.84272108843538
192.60496598639457
192.3695918367347
192.0595918367347
191.76653061224494
191.58061224489796
191.53129251700682
191.51285714285714
191.38721088435375
191.19
191.1857823129252
191.2556462585034
191.3375510204082
191.33408163265307
191.34068027210884
191.34401360544217
191.4187074829932
191.61421768707484
191.68891156462584
191.80265306122448
191.88265306122452
192.0243537414966
192.1804081632653
192.32503401360546
192.4722448979592
192.51632653061228
192.65605442176872
192.88551020408164
193.16734693877552
193.32074829931975
193.33877551020407
193.4009523809524
193.5295918367347
193.72809523809525
193.9387755102041
194.1013605442177
194.2347619047619
194.39027210884356
194.49238095238093
194.5670068027211
194.69673469387754
194.9116326530612
195.02761904761905
195.08326530612243
195.1604761904762
195.32938775510206
195.45380952380953
195.59884353741495
195.6046258503401
195.60619047619048
195.6725850340136
195.83115646258503
195.9495918367347
195.96224489795918
196.0039455782313
196.02496598639456
196.03129251700682
196.0983673469388
196.21721088435376
196.28517006802724
196.25108843537416
196.25455782312926
196.29761904761907
196.4113605442177
196.5014285714286
196.45278911564628
196.39891156462585
196.44285714285715
196.47210884353743
196.44312925170067
196.42210884353742
196.4012925170068
196.4213605442177
196.516462585034
196.6069387755102
196.60619047619048
196.54877551020408
196.45081632653063
196.303537414966
196.23102040816326
196.2763265306122
196.36081632653062
196.39421768707484
196.36102040816328
196.28795918367348
196.27020408163267
196.2091156462585
196.15367346938777
196.09122448979593
196.13673469387754
196.11469387755102
196.03693877551018
195.91938775510204
195.8790476190476
195.97061224489795
195.9714285714286
195.8639455782313
195.73421768707485
195.6321768707483
195.4965306122449
195.39544217687074
195.34734693877553
195.34401360544223
195.31068027210887
195.2344897959184
195.113537414966
195.0312244897959
194.98115646258503
194.87034013605444
194.72408163265305
194.63061224489797
194.60789115646259
194.52993197278911
194.3765306122449
194.26360544217687
194.12809523809523
193.941156462585
193.84034013605444
193.82360544217687
193.78251700680272
193.59448979591838
193.42897959183674
193.30707482993196
193.29163265306124
193.19761904761904
193.02244897959184
192.81938775510207
192.6948979591837
192.5351700680272
192.29517006802723
192.05102040816328
191.91122448979593
191.81891156462584
191.67428571428573
191.435306122449
191.30646258503404
191.2105442176871
191.05013605442178
190.81068027210884
190.66074829931972
190.53571428571428
190.3413605442177
190.15455782312927
189.92244897959185
189.66714285714286
189.40761904761905
189.15979591836737
188.89843537414967
188.69047619047623
188.52578231292517
188.30503401360545
188.0912925170068
187.81795918367345
187.4756462585034
187.21231292517007
187.02782312925171
186.71979591836737
186.37918367346938
186.18401360544217
186.08020408163264
185.88020408163266
185.60741496598638
185.29986394557824
184.99979591836734
184.68721088435376
184.40326530612245
184.16843537414968
183.91176870748302
183.5483673469388
183.1434693877551
182.80979591836734
182.52843537414967
182.2078911564626
181.8926530612245
181.63897959183674
181.4108163265306
181.15122448979594
180.85503401360543
180.5827210884354
180.26027210884357
179.9113605442177
179.62503401360544
179.40707482993196
179.10789115646259
178.7161904761905
178.37972789115648
178.08068027210885
177.74312925170068
177.37632653061226
177.03598639455782
176.79265306122448
176.5425850340136
176.2442857142857
175.8447619047619
175.52251700680273
175.23816326530613
174.94836734693877
174.56503401360544
174.1451700680272
173.77972789115648
173.38442176870748
173.0643537414966
172.7714285714286
172.5057142857143
172.07673469387754
171.69612244897962
171.38734693877552
171.11857142857144
170.75476190476192
170.3395918367347
169.96360544217686
169.65380952380954
169.30197278911564
168.9678911564626
168.61986394557823
168.27285714285713
167.8295918367347
167.4091156462585
166.91639455782314
166.52938775510205
166.1921768707483
165.9497278911565
165.62782312925174
165.33197278911567
165.04598639455781
164.70421768707484
164.2213605442177
163.70272108843537
163.22931972789115
162.86367346938778
162.4395238095238
162.03836734693877
161.6365986394558
161.31102040816327
160.90020408163264
160.49448979591835
160.12755102040816
159.6891156462585
159.24979591836734
158.80693877551022
158.32448979591837
157.76850340136053
157.29999999999998
156.9629931972789
156.58054421768708
156.19231292517009
155.61244897959182
155.0925850340136
154.53979591836736
154.17265306122448
153.7403401360544
153.3648299319728
152.8219047619048
152.34993197278914
151.93870748299318
151.59190476190477
151.13244897959183
150.63680272108843
150.14258503401362
149.68448979591835
149.16149659863947
148.65551020408165
148.20183673469387
147.84319727891153
147.39231292517007
146.91448979591837
146.37659863945578
145.8887074829932
145.38414965986397
144.86176870748298
144.44163265306122
144.04448979591837
143.581768707483
143.0456462585034
142.61326530612246
142.16503401360546
141.66823129251702
141.1965306122449
140.79741496598638
140.28421768707483
139.69435374149663
139.19816326530614
138.7787074829932
138.31945578231293
137.83190476190475
137.40421768707483
136.97129251700682
136.55333333333334
136.08530612244897
135.5391836734694
135.10931972789115
134.80156462585035
134.53700680272112
134.17074829931974
133.68367346938777
133.2757142857143
132.95802721088435
132.60816326530613
132.12020408163266
131.75863945578232
131.39251700680273
130.90537414965985
130.35598639455782
129.95897959183674
129.6047619047619
129.1812925170068
128.6561904761905
128.1661904761905
127.76782312925171
127.27809523809525
126.81040816326532
126.32346938775513
125.91666666666667
125.51353741496598
125.12095238095239
124.64639455782311
124.18408163265306
123.86632653061226
123.41795918367347
123.00884353741496
122.59816326530611
122.25380952380951
121.76897959183674
121.36721088435374
121.02904761904763
120.6826530612245
120.1778911564626
119.60455782312927
119.1439455782313
118.80809523809525
118.52938775510205
118.0891156462585
117.58612244897961
117.15938775510205
116.82843537414966
116.45061224489795
116.02918367346939
115.63802721088436
115.15176870748299
114.69836734693878
114.35068027210885
114.07748299319728
113.64931972789117
113.18462585034014
112.72476190476192
112.34945578231293
111.88088435374151
111.48931972789114
111.13551020408164
110.82972789115645
110.4944217687075
110.18333333333334
109.88510204081632
109.51040816326531
109.0652380952381
108.67115646258503
108.3091836734694
107.95340136054422
107.60068027210885
107.33326530612246
107.01122448979592
106.62979591836734
106.14775510204082
105.74931972789116
105.36306122448981
104.90190476190476
104.51156462585035
104.20238095238095
103.9421768707483
103.56204081632652
103.28312925170069
102.97925170068027
102.66836734693878
102.30333333333334
101.91387755102042
101.568231292517
101.21333333333334
100.74102040816328
100.23802721088435
99.86598639455784
99.52333333333334
99.23734693877552
98.90074829931973
98.63258503401362
98.28598639455782
97.98544217687075
97.61639455782314
97.35360544217687
97.00006802721087
96.59870748299319
96.22673469387755
96.02020408163266
95.68149659863946
95.2908843537415
94.87707482993197
94.61823129251701
94.36673469387755
94.08156462585035
93.70142857142858
93.36897959183673
93.06401360544218
92.76755102040816
92.45816326530613
92.16816326530612
91.91278911564626
91.67557823129252
91.431768707483
91.15829931972789
90.8869387755102
90.58925170068028
90.31442176870749
90.02428571428571
89.78136054421769
89.56993197278912
89.35476190476192
89.091768707483
88.82108843537415
88.48421768707485
88.1331292517007
87.88625850340136
87.77646258503401
87.6857142857143
87.55925170068028
87.44727891156464
87.24435374149661
86.99564625850341
86.76986394557824
86.56795918367347
86.2569387755102
86.01972789115648
85.83734693877551
85.67802721088435
85.49517006802722
85.3330612244898
85.1721768707483
85.18707482993197
85.0361224489796
84.69414965986394
84.3439455782313
84.17231292517006
84.0470068027211
83.89693877551022
83.78380952380954
83.57448979591837
83.45108843537415
83.29054421768708
83.18489795918367
83.17843537414967
83.13326530612245
82.89571428571429
82.6334693877551
82.57585034013606
82.53646258503402
82.3765306122449
82.25646258503401
82.16952380952381
81.90074829931973
81.68816326530612
81.60258503401361
81.58489795918366
81.41108843537415
81.26911564625851
81.02884353741499
80.84557823129254
80.72755102040816
80.70707482993197
80.64170068027212
80.55904761904762
80.37428571428572
80.18857142857142
80.02789115646259
79.82972789115647
79.61244897959185
79.47748299319727
79.39829931972788
79.29435374149661
79.20312925170069
79.14843537414967
79.10353741496598
78.96714285714287
78.84204081632653
78.71877551020408
78.71571428571428
78.79455782312925
78.79911564625851
78.68571428571428
78.63210884353741
78.53897959183675
78.37714285714287
78.24700680272109
78.23993197278912
78.28061224489795
78.43809523809523
78.51741496598639
78.35374149659864
78.23632653061225
78.35707482993197
78.37673469387755
78.19340136054421
78.12952380952382
78.1691156462585
78.1526530612245
78.11340136054422
78.12687074829932
78.06666666666666
78.0904081632653
78.19442176870749
78.23360544217687
78.21836734693878
78.25843537414966
78.25292517006804
78.20965986394557
78.26795918367348
78.40006802721089
78.43680272108844
78.56299319727891
78.80489795918368
78.85095238095238
78.75761904761904
78.69571428571429
78.87285714285714
78.99027210884354
79.1222448979592
79.04360544217687
79.14659863945579
79.33408163265307
79.64272108843538
79.86891156462585
79.96891156462586
79.8995918367347
80.00244897959183
80.32469387755103
80.70673469387756
80.86721088435374
81.11224489795919
81.36802721088435
81.75414965986394
82.04285714285714
82.24775510204083
82.371768707483
82.59897959183674
83.02108843537415
83.4361224489796
83.68108843537415
83.89612244897958
84.16074829931972
84.6578231292517
85.04721088435375
85.45251700680271
85.76170068027211
86.15333333333332
86.55965986394558
86.86510204081634
87.12578231292517
87.51721088435374
88.11435374149659
88.58884353741497
88.9838775510204
89.4356462585034
89.75578231292518
89.96027210884354
90.28897959183675
90.75687074829932
90.98170068027211
91.18244897959184
91.49904761904762
92.15374149659864
92.54925170068029
92.84326530612245
93.01959183673469
93.38673469387756
93.78823129251701
94.24578231292517
94.52612244897959
94.72571428571428
94.99666666666667
95.4452380952381
95.74619047619048
96.05224489795918
96.37040816326532
96.81197278911566
97.23551020408163
97.66306122448981
97.95489795918368
98.2591836734694
98.47142857142858
98.7739455782313
99.1125850340136
99.48292517006803
99.76374149659866
100.04115646258504
100.32952380952382
100.55979591836736
100.83244897959185
101.09863945578232
101.34217687074832
101.61795918367346
101.87394557823129
102.09095238095237
102.40197278911566
102.72734693877551
102.96789115646258
103.2061224489796
103.42510204081633
103.6730612244898
103.88183673469389
104.24829931972789
104.4378231292517
104.64142857142858
104.7961224489796
105.12272108843538
105.41823129251702
105.74680272108844
105.94448979591837
106.0583673469388
106.15571428571428
106.33993197278912
106.57115646258504
106.73353741496598
106.88646258503401
107.0095918367347
107.20789115646258
107.32714285714286
107.43925170068027
107.43639455782314
107.43530612244899
107.38183673469388
107.38068027210885
107.33319727891157
107.18326530612246
107.03897959183674
107.05544217687076
107.02299319727891
106.82292517006803
106.49666666666666
106.24380952380953
106.02632653061225
105.75945578231293
105.47204081632653
105.30707482993198
105.3478911564626
105.05190476190475
104.53224489795919
104.08027210884356
103.77156462585035
103.37598639455783
103.0087074829932
102.80319727891157
102.35210884353742
101.87258503401361
101.42231292517008
101.055306122449
100.44027210884354
99.95469387755102
99.60435374149661
99.51170068027211
99.18346938775511
98.61047619047619
98.00156462585034
97.57176870748299
97.06530612244897
96.58993197278912
96.1852380952381
95.75775510204082
95.33639455782313
95.05625850340137
94.59938775510204
94.12367346938777
93.74333333333334
93.40183673469387
93.05918367346939
92.77333333333334
92.54360544217687
92.17156462585035
91.84496598639456
91.46244897959184
91.15068027210884
90.76727891156463
90.40591836734694
89.99605442176872
89.72088435374151
89.50809523809524
89.17380952380952
88.85108843537415
88.65285714285714
88.50727891156463
88.13952380952381
87.75272108843538
87.47102040816327
87.24278911564627
86.96707482993199
86.70775510204082
86.4134693877551
86.0365306122449
85.6674149659864
85.55863945578231
85.4195918367347
85.06972789115648
84.66306122448978
84.56857142857143
84.35993197278913
84.05891156462584
83.59687074829931
83.3074149659864
83.02578231292517
82.88551020408164
82.67755102040817
82.4421768707483
82.28673469387755
82.08210884353741
81.9087755102041
81.80299319727891
81.67170068027211
81.44925170068026
81.18727891156463
80.95721088435374
80.768231292517
80.65687074829933
80.49993197278911
80.25557823129252
80.12115646258505
80.0978911564626
80.01197278911563
79.8961224489796
79.70795918367347
79.4395918367347
79.30761904761904
79.40632653061225
79.50095238095238
79.32646258503402
79.14782312925169
79.0556462585034
79.02775510204083
79.0956462585034
79.19285714285715
79.19278911564626
79.17006802721089
79.22761904761906
79.08748299319728
78.87061224489796
78.83897959183673
79.00251700680272
78.96285714285715
78.93156462585036
78.87408163265306
78.88156462585033
78.82972789115647
78.72346938775512
78.65204081632653
78.64802721088435
78.79238095238097
78.85605442176873
79.01782312925171
79.0652380952381
79.191768707483
79.24231292517007
79.3204761904762
79.32163265306123
79.41904761904763
79.49272108843537
79.48870748299319
79.4404761904762
79.34721088435374
79.47700680272109
79.71224489795918
79.88761904761904
79.89027210884355
79.91251700680273
80.02374149659863
80.17054421768708
80.32523809523809
80.46979591836734
80.70136054421768
80.80061224489796
80.87013605442178
81.03258503401361
81.31034013605444
81.38095238095238
81.46462585034014
81.60727891156462
81.81843537414966
82.03727891156463
82.27884353741497
82.43517006802722
82.48551020408163
82.51469387755103
82.55530612244898
82.57176870748299
82.6156462585034
82.71918367346939
82.82244897959183
82.89367346938775
82.86571428571429
82.84299319727891
82.98462585034014
83.23108843537415
83.5047619047619
83.87469387755101
84.29503401360545
84.61816326530612
84.78952380952381
84.96197278911565
85.19489795918368
85.49482993197279
85.69666666666666
85.79442176870748
85.99013605442177
86.1844217687075
86.30129251700681
86.37727891156464
86.49401360544218
86.5391156462585
86.72510204081634
86.85292517006803
86.9756462585034
86.91530612244898
86.99986394557823
87.093537414966
87.30979591836734
87.54197278911565
87.7321768707483
87.86136054421769
87.86843537414967
88.02265306122449
88.25326530612244
88.38612244897959
88.46292517006803
88.55877551020407
88.69931972789115
88.7730612244898
89.00462585034015
89.14102040816326
89.33204081632653
89.50360544217688
89.63965986394558
89.67986394557823
89.83877551020409
90.13387755102042
90.25714285714285
90.341768707483
90.3770068027211
90.41013605442177
90.528231292517
90.71959183673468
90.99802721088435
91.13448979591837
91.37931972789116
91.61537414965986
91.94285714285714
92.28210884353743
92.5621088435374
92.83238095238096
93.16986394557824
93.59156462585034
93.93591836734693
94.20585034013605
94.5377551020408
94.85979591836734
95.09462585034014
95.41625850340137
95.8647619047619
96.34421768707483
96.79551020408164
97.09911564625853
97.48272108843538
97.99727891156462
98.66034013605442
99.25482993197281
99.81421768707483
100.42673469387755
101.06360544217688
101.94673469387754
102.93979591836737
103.87823129251701
104.89326530612246
106.01448979591837
107.27816326530612
108.48748299319728
110.0091836734694
111.3752380952381
112.81156462585034
114.25489795918368
115.89068027210885
117.28952380952381
118.55408163265307
119.4795918367347
120.16285714285715
120.69530612244898
121.14333333333333
121.38013605442178
121.35448979591838
121.32340136054422
121.41687074829932
121.67312925170069
121.88190476190476
122.01639455782313
121.92884353741496
121.6852380952381
121.59693877551021
121.68829931972789
121.89836734693878
122.08632653061225
122.42530612244897
122.8152380952381
123.4929931972789
124.14210884353743
124.58972789115647
124.67605442176871
124.72700680272109
124.78401360544218
124.79795918367347
124.96374149659863
124.97727891156464
124.99625850340136
125.01108843537416
125.35333333333335
125.93340136054422
126.65598639455783
127.18795918367347
127.456462585034
127.75170068027211
127.75265306122449
127.37387755102041
126.52782312925169
125.56292517006801
124.57564625850341
123.6365986394558
122.62619047619047
121.39891156462585
120.09925170068027
118.80013605442177
117.57775510204081
116.1756462585034
114.47925170068028
112.57755102040815
110.32244897959184
107.61986394557823
105.03244897959185
102.77578231292517
100.8530612244898
98.82442176870748
96.93306122448979
95.12829931972789
93.46122448979594
91.7378911564626
89.99360544217687
88.49435374149658
87.03721088435375
85.51612244897959
84.00408163265307
82.52401360544218
80.88877551020408
79.3234693877551
77.98646258503402
76.87911564625851
75.73122448979592
74.71714285714286
73.44482993197279
72.23632653061225
70.99897959183673
70.00068027210884
68.9591836734694
67.69360544217687
66.3061904761905
65.08639455782313
64.11605442176871
63.14292517006803
62.1030612244898
61.09510204081633
60.23292517006803
59.73721088435374
59.39598639455782
59.11163265306123
58.58047619047619
57.89108843537415
56.92761904761905
55.962380952380954
54.780748299319725
53.60578231292517
52.16142857142857
50.712176870748294
49.14585034013602
47.627823129251674
