139.42510204081637
139.62340136054416
139.698231292517
139.78299319727893
139.93659863945578
139.9887755102041
140.03027210884352
139.99755102040814
139.91455782312926
139.89503401360545
139.87020408163266
139.61272108843536
139.27503401360542
139.09047619047618
138.94360544217687
138.80081632653062
138.80102040816325
138.92421768707482
139.0116326530612
139.06972789115645
139.03394557823128
138.85462585034014
138.61591836734695
138.47448979591837
138.42523809523811
138.42251700680274
138.3391836734694
138.26061224489797
138.25952380952384
138.27979591836737
138.24761904761905
138.23020408163268
138.21680272108844
138.1584353741497
137.98170068027213
137.85204081632654
137.82829931972788
137.80034013605444
137.6674149659864
137.61346938775512
137.75537414965987
137.9359863945578
138.04047619047617
138.07197278911565
137.9457142857143
137.79625850340136
137.74666666666664
137.80455782312924
137.84687074829932
137.74816326530612
137.65006802721086
137.60238095238097
137.62108843537416
137.5447619047619
137.5374149659864
137.68136054421768
137.8163265306123
137.94129251700681
137.88653061224488
137.998231292517
138.12775510204082
138.25707482993198
138.10197278911562
138.0233333333333
137.94904761904763
137.9466666666667
138.0681632653061
138.18517006802722
138.20401360544219
138.0761224489796
137.8587074829932
137.61414965986393
137.60047619047617
137.87013605442178
138.155306122449
138.26299319727894
138.26829931972787
138.3295238095238
138.3734693877551
138.39843537414967
138.40074829931973
138.32496598639457
138.19183673469388
138.08727891156462
138.03653061224492
137.9856462585034
138.01333333333332
138.00027210884355
138.06387755102043
138.20591836734692
138.4665986394558
138.58768707482994
138.61986394557823
138.62986394557822
138.63755102040815
138.56088435374147
138.45265306122448
138.42231292517008
138.4478231292517
138.5208843537415
138.60210884353742
138.81163265306122
138.9663945578231
139.02496598639456
138.99680272108844
139.1531292517007
139.3291156462585
139.64278911564625
140.02319727891157
140.33414965986395
140.5952380952381
140.88367346938776
141.15421768707486
141.29931972789115
141.46965986394557
141.59068027210884
141.83591836734695
142.25537414965987
142.70503401360546
143.09496598639453
143.50108843537413
143.9748979591837
144.4282993197279
144.81224489795915
145.016462585034
145.22931972789115
145.42632653061224
145.61666666666667
145.69360544217687
145.85619047619048
146.1465306122449
146.55768707482994
146.82972789115644
147.06639455782312
147.3613605442177
147.6792517006803
147.96578231292517
148.2965986394558
148.72142857142856
149.23231292517008
149.68564625850343
150.22020408163263
150.75863945578232
151.2851700680272
151.56755102040816
151.88761904761907
152.27129251700683
152.88333333333333
153.54408163265305
154.25251700680275
154.79755102040818
155.29462585034014
155.72619047619048
156.1778231292517
156.62068027210884
157.066462585034
157.5661224489796
158.00455782312923
158.5751700680272
159.0348979591837
159.51823129251702
160.04224489795922
160.79462585034014
161.57823129251705
162.3395238095238
163.11278911564625
163.82489795918366
164.66503401360546
165.46816326530615
166.32108843537418
167.13877551020408
168.0843537414966
168.93564625850343
169.8552380952381
170.63755102040818
171.49598639455783
172.37
173.38122448979595
174.35163265306124
175.48346938775512
176.63088435374152
177.84374149659862
178.99102040816328
180.12714285714287
181.243537414966
182.5134013605442
183.8252380952381
185.0412925170068
186.1852380952381
187.36625850340135
188.53857142857143
189.68857142857144
190.73197278911564
191.79278911564626
192.9002040816327
194.1130612244898
195.18829931972792
196.21238095238095
197.19156462585033
198.31163265306122
199.33367346938775
200.42068027210883
201.35761904761907
202.31639455782312
203.1825850340136
204.03829931972788
204.88829931972788
205.68061224489796
206.42115646258506
207.17761904761903
208.04353741496598
208.83129251700683
209.53088435374153
210.22632653061225
210.91972789115647
211.57435374149662
212.16884353741494
212.81081632653058
213.33993197278912
213.89809523809527
214.47176870748302
215.11272108843536
215.53387755102042
215.91455782312926
216.26925170068031
216.68986394557825
217.07074829931975
217.3630612244898
217.63476190476192
217.96380952380954
218.30074829931974
218.53952380952379
218.70816326530613
218.84285714285716
218.99523809523808
219.1974149659864
219.30312925170068
219.31619047619046
219.24653061224492
219.2617006802721
219.19836734693877
219.18598639455783
219.15761904761905
219.07122448979595
218.76802721088433
218.52925170068025
218.33952380952383
218.04700680272109
217.73299319727892
217.47775510204082
217.19163265306122
216.75795918367348
216.30108843537414
215.7992517006803
215.41421768707482
215.00605442176874
214.5287755102041
213.9599319727891
213.4108163265306
212.91510204081632
212.4274829931973
211.8343537414966
211.21136054421768
210.55598639455786
209.9143537414966
209.24
208.6604761904762
208.0243537414966
207.35006802721088
206.6939455782313
206.04891156462585
205.27952380952382
204.64176870748298
204.0065306122449
203.38911564625852
202.67503401360548
202.06482993197278
201.3956462585034
200.77877551020407
200.2022448979592
199.6160544217687
199.004693877551
198.41197278911562
197.98115646258503
197.50360544217685
196.89401360544218
196.24272108843536
195.81340136054422
195.44108843537413
195.11149659863946
194.731768707483
194.34319727891156
193.9178231292517
193.5714965986395
193.26278911564629
193.00442176870752
192.7748299319728
192.5774829931973
192.39034013605442
192.18918367346936
191.9713605442177
191.78741496598641
191.65639455782315
191.49367346938777
191.36625850340135
191.23000000000002
191.15945578231296
191.1465306122449
191.25707482993198
191.35163265306124
191.3274829931973
191.1870068027211
191.15095238095236
191.33102040816328
191.56278911564627
191.6499319727891
191.6548979591837
191.84129251700682
192.10428571428574
192.34353741496602
192.40748299319728
192.38680272108843
192.42503401360543
192.58931972789117
192.8210204081633
192.9767346938776
193.1327210884354
193.2344897959184
193.33238095238096
193.4229931972789
193.46911564625853
193.647074829932
193.90292517006804
194.13442176870745
194.20714285714286
194.27061224489796
194.3321088435374
194.4465306122449
194.51061224489797
194.59163265306125
194.67802721088432
194.80231292517007
194.89884353741496
195.01034013605442
194.98809523809524
195.0068027210884
195.14068027210885
195.23904761904762
195.23836734693876
195.3069387755102
195.4160544217687
195.41632653061225
195.37863945578232
195.3782993197279
195.43666666666667
195.45619047619047
195.41653061224488
195.41809523809525
195.51625850340136
195.63054421768706
195.68843537414966
195.65850340136058
195.56714285714287
195.54857142857142
195.5331972789116
195.53156462585034
195.50020408163266
195.51802721088438
195.48299319727892
195.4862585034014
195.551768707483
195.57850340136054
195.51850340136053
195.4725850340136
195.46224489795918
195.46639455782315
195.3392517006803
195.2674829931973
195.28870748299323
195.3986394557823
195.34190476190477
195.17408163265304
195.07380952380953
195.11319727891157
195.14027210884353
195.0622448979592
194.97047619047618
194.91448979591837
194.8665306122449
194.74204081632652
194.70884353741496
194.69632653061228
194.66210884353742
194.50578231292516
194.35197278911565
194.25850340136054
194.21455782312924
194.0868707482993
193.91931972789115
193.88925170068026
193.8878911564626
193.75687074829935
193.60700680272112
193.54503401360546
193.4570068027211
193.32857142857142
193.25489795918367
193.1839455782313
193.0678911564626
192.83238095238096
192.63721088435375
192.51734693877552
192.49136054421768
192.37020408163266
192.23721088435374
192.16748299319727
192.1189795918367
191.96265306122447
191.69979591836736
191.47469387755103
191.30489795918368
191.17911564625854
191.148231292517
191.1029931972789
190.9495918367347
190.6452380952381
190.43251700680273
190.27802721088437
190.18503401360545
190.04374149659864
189.92891156462585
189.76183673469387
189.56687074829932
189.37108843537413
189.1707482993197
189.066462585034
188.96891156462587
188.7562585034014
188.4847619047619
188.2692517006803
188.1112925170068
187.8481632653061
187.64489795918368
187.41353741496602
187.1013605442177
186.74054421768707
186.60680272108846
186.52115646258505
186.3561224489796
186.05605442176872
185.84095238095242
185.64367346938775
185.36027210884356
185.0483673469388
184.70755102040818
184.44537414965987
184.2061224489796
184.09687074829932
183.96979591836734
183.68578231292514
183.27666666666667
182.9061904761905
182.69115646258504
182.41585034013605
182.15013605442178
181.80068027210888
181.49986394557823
181.10911564625852
180.84149659863948
180.49632653061224
180.14503401360543
179.82836734693876
179.52850340136055
179.25346938775513
178.9504761904762
178.65367346938774
178.29265306122448
177.92074829931977
177.65272108843538
177.35986394557824
177.07006802721088
176.70149659863944
176.36102040816326
175.93210884353743
175.5096598639456
175.16020408163268
174.9818367346939
174.74768707482994
174.40061224489796
173.86789115646258
173.43333333333334
173.168843537415
172.9778911564626
172.5609523809524
172.10741496598638
171.74700680272107
171.35142857142858
170.8483673469388
170.5338775510204
170.22292517006804
169.82823129251705
169.47503401360547
169.2086394557823
168.9061904761905
168.5351700680272
168.15891156462584
167.7590476190476
167.3770068027211
167.07421768707485
166.69333333333333
166.33374149659863
165.8661904761905
165.49931972789116
165.14408163265307
164.84489795918367
164.5100680272109
164.21986394557823
163.82020408163265
163.3199319727891
162.92639455782313
162.66496598639455
162.31510204081633
161.77850340136052
161.35877551020405
161.03061224489795
160.71816326530612
160.3138095238095
159.99673469387756
159.61959183673468
159.1400680272109
158.63544217687075
158.13408163265302
157.69918367346938
157.3604081632653
157.07734693877552
156.60231292517005
156.107074829932
155.57027210884354
155.0746258503401
154.55537414965985
154.22374149659862
153.8321088435374
153.46904761904761
153.02292517006802
152.535306122449
151.96421768707484
151.53748299319727
151.15721088435373
150.7165306122449
150.2042857142857
149.71748299319728
149.21605442176872
148.717074829932
148.23857142857145
147.6777551020408
147.153537414966
146.7243537414966
146.3185714285714
145.7983673469388
145.38319727891158
144.93863945578232
144.48714285714286
143.97401360544217
143.50149659863945
143.00918367346938
142.55843537414967
142.0768707482993
141.62734693877553
141.24340136054423
140.85884353741497
140.31319727891156
139.78129251700682
139.26884353741497
138.85523809523806
138.3595918367347
137.87850340136055
137.43850340136055
136.8639455782313
136.3426530612245
135.90972789115648
135.62802721088434
134.9853741496599
134.50510204081635
134.10163265306124
133.83
133.20721088435374
132.6691156462585
132.12802721088434
131.74639455782312
131.28897959183675
130.94904761904763
130.5891836734694
130.2260544217687
129.80068027210885
129.4000680272109
129.00210884353743
128.64693877551022
128.2400680272109
127.81727891156461
127.41816326530612
127.10639455782312
126.67979591836736
126.20632653061226
125.73421768707483
125.24639455782312
124.74272108843539
124.30183673469388
123.91448979591839
123.51843537414966
123.19326530612244
122.7960544217687
122.4261224489796
121.97721088435375
121.60068027210885
121.2195238095238
120.87911564625851
120.4482993197279
120.0222448979592
119.63993197278911
119.18401360544217
118.80081632653062
118.41707482993198
117.95680272108845
117.47585034013606
117.17727891156464
116.9304081632653
116.58346938775509
116.22231292517006
115.90687074829933
115.49442176870748
114.97884353741497
114.60333333333335
114.34972789115646
113.9956462585034
113.51687074829933
113.01401360544217
112.54353741496598
112.14605442176871
111.81238095238096
111.42210884353743
111.12857142857143
110.85850340136055
110.45925170068028
109.983537414966
109.54755102040816
109.14795918367346
108.70299319727891
108.29006802721089
107.94979591836736
107.56925170068027
107.18925170068027
106.79129251700682
106.38040816326532
105.94727891156464
105.6748299319728
105.47306122448981
105.07102040816326
104.60544217687075
104.25251700680272
103.92952380952381
103.53517006802721
103.12775510204082
102.7591836734694
102.41612244897959
102.145306122449
101.80197278911567
101.31510204081633
100.90707482993197
100.6956462585034
100.52544217687074
100.18469387755101
99.76340136054422
99.36197278911564
98.98367346938777
98.63979591836735
98.26816326530613
97.83659863945579
97.37455782312925
97.06292517006803
96.73054421768708
96.39530612244897
96.03993197278912
95.70476190476191
95.43707482993196
95.21061224489797
94.92414965986394
94.50095238095237
94.11863945578233
93.79843537414966
93.45632653061224
93.24625850340136
92.92571428571429
92.49340136054423
92.00238095238096
91.73673469387757
91.4452380952381
91.04061224489797
90.82707482993197
90.7282993197279
90.45170068027211
89.96659863945578
89.57551020408164
89.32469387755103
89.1639455782313
88.95061224489797
88.55993197278912
88.12183673469387
87.80034013605443
87.57285714285715
87.23972789115646
86.99659863945578
86.7091836734694
86.52687074829932
86.27333333333334
86.09979591836735
85.78551020408163
85.51659863945578
85.40108843537416
85.33639455782313
85.12020408163266
84.75442176870749
84.40061224489796
84.11326530612246
83.80734693877551
83.53258503401361
83.2570068027211
83.08312925170068
82.861768707483
82.6452380952381
82.31401360544218
82.05455782312926
81.8587074829932
81.77843537414967
81.53843537414966
81.20768707482995
80.90591836734694
80.81380952380954
80.66585034013605
80.47802721088435
80.17843537414966
80.07299319727892
79.91238095238096
79.79462585034014
79.67823129251701
79.59986394557824
79.34380952380954
79.02387755102042
78.87639455782312
78.82190476190476
78.73095238095239
78.61428571428573
78.40707482993197
78.13918367346939
78.04081632653062
78.04081632653062
77.93687074829933
77.6930612244898
77.49979591836734
77.35775510204081
77.29850340136055
77.31727891156464
77.20210884353742
77.01925170068027
76.94938775510204
76.96027210884355
76.79387755102042
76.56074829931973
76.33775510204083
76.09074829931973
75.88714285714286
75.82122448979591
75.7738775510204
75.72551020408163
75.73285714285714
75.76319727891156
75.80693877551019
75.71197278911566
75.55258503401362
75.38496598639456
75.42510204081633
75.32149659863946
75.16360544217687
75.08918367346939
75.15789115646258
75.15761904761904
75.08802721088436
74.98979591836735
74.88986394557824
74.8612925170068
74.82068027210883
74.75285714285715
74.70231292517008
74.6940136054422
74.64496598639457
74.62925170068027
74.68034013605441
74.83292517006802
74.95659863945579
74.87673469387755
74.75183673469388
74.82421768707484
74.83870748299321
74.83401360544218
74.89102040816329
74.94210884353743
74.85836734693878
74.81238095238095
74.83428571428571
74.85421768707484
74.95469387755102
74.9965306122449
75.01857142857142
75.13503401360545
75.27102040816325
75.44312925170068
75.67612244897958
75.73455782312925
75.63455782312926
75.75496598639458
75.93707482993199
75.96891156462586
76.08251700680272
76.41129251700681
76.76646258503402
76.9608843537415
77.15897959183673
77.33891156462586
77.58115646258506
77.69394557823131
77.83938775510205
78.10353741496598
78.47326530612246
78.7595918367347
79.03931972789117
79.28421768707484
79.56088435374151
79.88884353741497
80.29421768707485
80.68537414965988
81.07510204081633
81.34544217687075
81.58877551020407
81.99115646258502
82.61727891156463
83.09721088435373
83.37061224489796
83.63176870748299
84.10517006802722
84.57857142857142
85.01170068027211
85.31564625850339
85.71510204081633
86.17816326530613
86.72319727891156
87.02088435374151
87.30972789115646
87.76292517006803
88.29687074829933
88.69836734693877
89.23843537414966
89.74619047619048
90.07979591836735
90.3752380952381
90.9
91.36265306122448
91.76775510204081
92.19095238095238
92.54836734693878
92.90360544217688
93.46625850340136
93.93367346938776
94.23911564625851
94.43863945578231
94.75931972789115
95.10775510204083
95.63387755102042
96.05857142857144
96.42102040816326
96.74884353741497
97.00244897959183
97.2938775510204
97.8391156462585
98.3361904761905
98.683537414966
98.88251700680273
99.17013605442177
99.3669387755102
99.73850340136056
100.0678231292517
100.3395918367347
100.53687074829931
100.82741496598639
101.18897959183674
101.48346938775511
101.7413605442177
102.03312925170069
102.41925170068028
102.73585034013607
102.9431292517007
103.12755102040816
103.33986394557823
103.58557823129252
103.86659863945579
104.19537414965986
104.47251700680273
104.68380952380954
104.92693877551021
105.22734693877551
105.6608843537415
105.9095918367347
106.0278911564626
106.07768707482994
106.31149659863945
106.53122448979593
106.8052380952381
106.99911564625852
107.17721088435374
107.36931972789117
107.63380952380953
107.73925170068028
107.77292517006804
107.81496598639455
107.87877551020408
107.91489795918369
107.88938775510204
107.81551020408163
107.64843537414967
107.67571428571429
107.70047619047618
107.51891156462585
107.25904761904762
107.2239455782313
107.17074829931973
106.97421768707483
106.75170068027211
106.50190476190477
106.11659863945579
105.9378911564626
105.66013605442177
105.27204081632654
104.83809523809525
104.57938775510205
104.1704761904762
103.71829931972789
103.37401360544219
103.05442176870748
102.67993197278913
102.30510204081634
101.93945578231293
101.47040816326532
100.9530612244898
100.53408163265306
100.19360544217687
99.7752380952381
99.38965986394558
99.00102040816327
98.54061224489797
98.07115646258504
97.67523809523809
97.34959183673469
97.01972789115646
96.62721088435376
96.1057142857143
95.57795918367347
95.1065306122449
94.80755102040817
94.4487074829932
94.16346938775511
93.7165306122449
93.4242857142857
93.00578231292518
92.71802721088434
92.28537414965987
91.94374149659865
91.60163265306122
91.26551020408164
90.95149659863947
90.63693877551022
90.35537414965987
90.00877551020409
89.79809523809524
89.43938775510205
89.05734693877551
88.73265306122448
88.5547619047619
88.25068027210884
87.82687074829933
87.39768707482993
87.11360544217688
86.84312925170067
86.49401360544218
86.22068027210885
86.06823129251701
85.81829931972788
85.37789115646258
85.10768707482994
85.0204081632653
84.78816326530612
84.47496598639455
84.06911564625851
83.82095238095238
83.51374149659864
83.36537414965986
83.04292517006803
82.6896598639456
82.388231292517
82.22469387755103
81.99210884353741
81.77278911564625
81.60632653061225
81.45578231292517
81.18360544217688
81.04721088435375
80.98775510204081
80.85040816326531
80.69306122448981
80.498231292517
80.3486394557823
80.25319727891157
80.24734693877551
80.06829931972788
79.89197278911564
79.77537414965985
79.71714285714287
79.59850340136055
79.52789115646259
79.49965986394558
79.38598639455783
79.29340136054421
79.11047619047619
79.08537414965986
78.93761904761905
78.89034013605443
78.95857142857143
79.17244897959183
79.1917006802721
79.07224489795918
78.99802721088436
78.95755102040818
78.79476190476191
78.68108843537416
78.698231292517
78.72115646258504
78.70700680272108
78.70965986394557
78.79646258503402
78.78897959183674
78.86278911564625
78.7487074829932
78.70625850340136
78.8287074829932
79.09149659863945
79.05285714285715
78.95897959183674
78.8691156462585
78.9951700680272
79.15340136054422
79.33904761904762
79.23965986394558
79.25034013605443
79.43938775510205
79.61857142857144
79.67734693877551
79.74530612244898
79.92319727891157
80.0113605442177
80.03333333333333
80.12904761904761
80.31530612244899
80.51380952380953
80.708231292517
80.95768707482993
81.01802721088436
81.04687074829931
81.25850340136054
81.54034013605443
81.66585034013606
81.75557823129253
82.00897959183672
82.2451700680272
82.41340136054421
82.5504081632653
82.7144217687075
82.84210884353743
82.8726530612245
82.93129251700681
83.13625850340136
83.3961224489796
83.57938775510203
83.67510204081634
83.77653061224491
83.91367346938776
84.02244897959184
84.04911564625851
84.0957142857143
84.35816326530613
84.66931972789115
84.8421768707483
84.84632653061225
85.0439455782313
85.28714285714285
85.5865306122449
85.71687074829933
86.11108843537414
86.39088435374148
86.56054421768707
86.60102040816327
86.88666666666666
87.05000000000001
87.22238095238095
87.42768707482993
87.68578231292517
87.7899319727891
87.91503401360545
88.061768707483
88.24285714285713
88.3791156462585
88.45068027210884
88.50136054421769
88.65367346938774
88.78653061224489
88.86142857142858
88.92925170068027
89.17088435374149
89.41251700680272
89.55639455782313
89.73285714285716
89.97068027210884
90.081768707483
90.2222448979592
90.45836734693879
90.65578231292517
90.76088435374149
90.99993197278911
91.29925170068027
91.49510204081633
91.5995918367347
91.76598639455781
91.93639455782312
92.066462585034
92.18360544217688
92.47687074829932
92.80802721088436
93.04482993197277
93.27680272108843
93.56741496598639
93.84775510204082
94.12197278911565
94.46462585034014
94.87428571428572
95.31877551020409
95.6212244897959
95.89598639455784
96.23414965986396
96.64911564625851
97.09972789115646
97.63639455782312
98.15292517006804
98.54122448979592
99.00401360544217
99.47034013605442
99.99510204081633
100.66571428571429
101.47204081632654
102.11904761904762
102.84231292517008
103.58258503401362
104.36380952380955
105.28074829931973
106.33639455782314
107.56074829931973
108.79748299319729
110.20721088435376
111.53040816326532
113.01013605442178
114.45401360544217
116.02088435374151
117.64707482993198
119.56693877551021
121.36326530612246
123.02687074829933
124.44027210884354
125.88462585034013
127.05734693877551
127.92408163265306
128.4965306122449
129.06163265306122
129.4347619047619
129.74625850340135
129.90190476190477
130.16224489795917
130.48802721088438
130.92061224489797
131.1913605442177
131.24482993197282
131.20061224489797
131.24197278911566
131.53925170068027
131.8070068027211
131.93462585034015
131.988231292517
132.1974149659864
132.38721088435375
132.48061224489794
132.41598639455785
132.24462585034013
132.06727891156464
132.01612244897962
131.82421768707485
131.53768707482993
131.24319727891157
131.27231292517007
131.45714285714286
131.6578231292517
131.8291836734694
131.90027210884355
132.00027210884355
132.10809523809525
132.1608843537415
132.0804081632653
132.02319727891157
131.6642857142857
130.92843537414967
130.03394557823128
129.32836734693876
128.49639455782312
127.78884353741498
127.2312244897959
126.72823129251701
125.89816326530614
124.6839455782313
123.16299319727892
121.20285714285714
118.81986394557823
116.29979591836735
114.14612244897961
112.30272108843538
110.4069387755102
108.45176870748298
106.53802721088437
104.67836734693878
102.83170068027212
101.09619047619049
99.63401360544218
98.15095238095239
96.48904761904762
94.85204081632654
93.19673469387754
91.58006802721087
89.98809523809524
88.74857142857144
87.451768707483
86.10836734693879
84.85707482993197
83.53292517006804
82.32455782312925
81.18068027210884
80.20591836734694
79.06013605442178
77.7312925170068
76.33136054421769
75.08755102040817
74.06333333333333
73.06748299319727
71.91931972789115
70.78006802721089
70.03707482993198
69.64911564625851
69.45721088435374
69.09312925170069
68.5074149659864
67.70244897959184
66.69904761904762
65.66775510204081
64.37047619047618
62.94333333333333
61.28061224489796
59.660408163265316
58.05258503401358
56.56482993197276
