144.01414965986396
143.97435374149651
144.24442176870747
144.42523809523811
144.4208843537415
144.31680272108844
144.1843537414966
144.22707482993198
144.32591836734696
144.50517006802718
144.37918367346938
144.23816326530613
144.0134013605442
143.85244897959183
143.60156462585036
143.5361224489796
143.59027210884352
143.6629931972789
143.7547619047619
143.8330612244898
143.6826530612245
143.45537414965986
143.28374149659862
143.1113605442177
142.94537414965987
142.97224489795917
142.9795918367347
142.95054421768708
142.9334693877551
142.99210884353744
143.045306122449
143.10163265306124
143.08707482993196
142.99374149659863
142.9174829931973
142.83598639455784
142.70809523809524
142.42612244897958
142.2225850340136
142.24285714285713
142.49333333333334
142.70986394557826
142.9252380952381
143.0665306122449
143.0787074829932
142.90414965986395
142.67965986394557
142.5773469387755
142.59476190476187
142.56863945578232
142.44020408163266
142.35285714285715
142.40197278911566
142.4512244897959
142.46040816326536
142.45353741496598
142.55142857142857
142.77374149659866
142.92408163265307
142.88680272108843
142.7678911564626
142.77938775510205
142.89877551020408
142.89768707482992
142.87197278911566
142.8425850340136
142.93170068027212
142.99142857142857
143.0456462585034
142.88863945578234
142.66061224489795
142.5361224489796
142.52925170068028
142.6830612244898
142.8604081632653
142.99469387755101
143.09585034013605
143.16469387755103
143.23462585034014
143.1999319727891
143.21278911564627
143.05265306122448
142.98414965986396
142.8839455782313
142.79448979591837
142.58108843537414
142.5268707482993
142.56122448979593
142.75979591836733
142.80428571428573
142.9382993197279
142.94619047619048
143.04598639455781
143.09455782312926
143.23027210884354
143.15414965986395
143.13312925170072
143.15632653061226
143.16210884353745
143.09115646258505
143.15979591836737
143.21299319727893
143.29319727891155
143.45530612244897
143.61176870748298
143.72251700680272
143.85374149659864
144.12285714285713
144.3095238095238
144.58401360544218
144.86707482993197
145.26319727891155
145.58129251700683
145.86428571428573
146.0231972789116
146.19088435374152
146.39755102040817
146.71884353741495
147.0300680272109
147.4999319727891
147.97782312925173
148.51244897959185
148.8978911564626
149.29
149.50224489795917
149.6761224489796
149.96251700680273
150.20081632653063
150.36693877551022
150.41346938775507
150.6605442176871
150.96761904761905
151.30741496598642
151.48673469387757
151.67510204081634
151.96530612244896
152.4243537414966
152.95353741496598
153.41945578231292
153.81931972789118
154.2387755102041
154.72795918367348
155.24142857142857
155.69870748299317
156.10455782312926
156.58367346938778
157.2278231292517
157.8169387755102
158.3029931972789
158.82081632653063
159.47775510204082
160.02074829931973
160.5983673469388
161.03557823129253
161.49850340136055
161.87843537414966
162.33326530612243
162.815306122449
163.38972789115647
163.9848299319728
164.43639455782312
164.9778231292517
165.72244897959183
166.55040816326533
167.3316326530612
168.22503401360544
169.0792517006803
169.93034013605444
170.64965986394557
171.53129251700682
172.51013605442176
173.50938775510207
174.37639455782315
175.2591836734694
176.20761904761906
177.14850340136053
178.05816326530612
179.09891156462584
180.20993197278915
181.22700680272112
182.29081632653063
183.6204761904762
184.97707482993198
186.11850340136056
187.2234693877551
188.48761904761903
189.6987074829932
190.84353741496602
191.88183673469388
193.0755102040816
194.26571428571427
195.42870748299316
196.47197278911568
197.6243537414966
198.70142857142858
199.77136054421769
200.80673469387756
201.97258503401358
203.0005442176871
204.02986394557823
204.89585034013604
205.91414965986397
206.79591836734696
207.74768707482994
208.54789115646258
209.45632653061222
210.33632653061224
211.2300680272109
211.98659863945576
212.77374149659866
213.6
214.3795238095238
215.05673469387756
215.72619047619045
216.43333333333334
217.08408163265307
217.661768707483
218.20931972789117
218.68809523809523
219.17367346938778
219.69197278911562
220.20707482993197
220.60666666666668
221.04231292517008
221.39217687074833
221.7221768707483
222.04034013605445
222.40027210884352
222.63360544217687
222.8686394557823
223.11435374149661
223.35809523809522
223.57421768707485
223.72891156462586
223.79931972789115
223.84993197278914
223.897074829932
223.93326530612245
223.91122448979593
223.9239455782313
223.89476190476194
223.808231292517
223.68367346938777
223.55938775510205
223.33421768707484
223.05850340136053
222.85972789115647
222.67496598639457
222.3674149659864
222.00408163265305
221.6543537414966
221.31258503401358
220.8913605442177
220.43367346938777
220.02789115646257
219.64836734693878
219.22442176870751
218.66714285714286
218.07210884353742
217.4865306122449
216.98789115646258
216.441768707483
215.88414965986394
215.2778231292517
214.69142857142856
214.04333333333335
213.37068027210884
212.77707482993196
212.25972789115647
211.6731292517007
210.90496598639456
210.1591156462585
209.50231292517006
208.87761904761905
208.3061224489796
207.72809523809525
207.0748979591837
206.27680272108842
205.6112925170068
205.04795918367347
204.54238095238097
203.94673469387757
203.33455782312924
202.77761904761905
202.31884353741498
201.81721088435376
201.31040816326532
200.8814285714286
200.52326530612245
200.07897959183677
199.5834013605442
199.22401360544217
198.93551020408165
198.6172108843537
198.22285714285712
197.9090476190476
197.67122448979592
197.44870748299317
197.1986394557823
196.97544217687076
196.79775510204084
196.56945578231293
196.35585034013604
196.29102040816326
196.28448979591838
196.1536734693878
195.93551020408165
195.82816326530616
195.8562585034014
195.9099319727891
195.92993197278912
195.96204081632652
196.0017006802721
196.04319727891155
196.12768707482994
196.2721768707483
196.37544217687076
196.4168707482993
196.473537414966
196.7125850340136
196.89176870748298
196.92755102040817
196.90544217687074
197.08285714285716
197.25748299319727
197.43380952380954
197.516462585034
197.63278911564626
197.70129251700683
197.8263945578231
197.9318367346939
198.0447619047619
198.15312925170068
198.30040816326533
198.5165986394558
198.6244217687075
198.64673469387756
198.64000000000001
198.73979591836738
198.88551020408164
198.95476190476194
198.98319727891158
199.04510204081632
199.22054421768706
199.34054421768707
199.3613605442177
199.3456462585034
199.36836734693878
199.4633333333333
199.528231292517
199.5660544217687
199.58693877551022
199.59496598639458
199.5479591836735
199.54761904761904
199.6395918367347
199.69387755102042
199.7091836734694
199.69802721088436
199.78034013605443
199.80857142857144
199.81482993197278
199.71448979591838
199.678843537415
199.69843537414965
199.73312925170066
199.74299319727893
199.76299319727894
199.8159183673469
199.86244897959182
199.8706802721088
199.89979591836737
199.936462585034
199.9151700680272
199.75074829931975
199.58585034013606
199.59755102040816
199.6627210884354
199.69795918367348
199.69258503401358
199.71945578231293
199.62414965986397
199.5378231292517
199.45945578231294
199.43897959183673
199.403537414966
199.40455782312927
199.35496598639452
199.26476190476188
199.17122448979592
199.0887074829932
198.98714285714289
198.95122448979595
198.9082993197279
198.7821768707483
198.5986394557823
198.52972789115645
198.53578231292516
198.44551020408164
198.36639455782313
198.3068707482993
198.26639455782313
198.09503401360547
197.93503401360545
197.8261224489796
197.71489795918367
197.56299319727893
197.44911564625852
197.3827210884354
197.32408163265305
197.23190476190473
197.10795918367347
196.93190476190478
196.7691836734694
196.70000000000002
196.66183673469388
196.55020408163267
196.3170068027211
196.1022448979592
195.98435374149662
195.91938775510204
195.79673469387757
195.69210884353743
195.57013605442177
195.4234013605442
195.21972789115645
195.04795918367347
194.83816326530615
194.61734693877554
194.43809523809526
194.31374149659862
194.14108843537414
193.9609523809524
193.76734693877552
193.59823129251703
193.40353741496597
193.22020408163266
193.05639455782313
192.85850340136057
192.64714285714288
192.45190476190476
192.29931972789115
192.08836734693875
191.79952380952383
191.50013605442177
191.27292517006805
191.13693877551017
191.01020408163265
190.79564625850338
190.5477551020408
190.33863945578233
190.12163265306123
189.8361904761905
189.54183673469387
189.30448979591836
189.04210884353742
188.82578231292518
188.64278911564628
188.4644217687075
188.15292517006804
187.78027210884355
187.4114285714286
187.16823129251702
187.03251700680272
186.81687074829932
186.45850340136056
186.05142857142857
185.68557823129254
185.36462585034013
185.04047619047623
184.73346938775512
184.44816326530614
184.15074829931973
183.8226530612245
183.50244897959183
183.21897959183673
182.8904081632653
182.53408163265308
182.26510204081632
181.97462585034015
181.67421768707482
181.30850340136055
180.98122448979592
180.59020408163266
180.18074829931973
179.78938775510204
179.55285714285716
179.27537414965985
179.018231292517
178.60204081632656
178.21156462585031
177.83115646258503
177.62380952380954
177.3356462585034
176.98666666666668
176.61244897959182
176.1561904761905
175.63367346938776
175.20503401360543
174.8934013605442
174.65102040816328
174.36585034013606
173.9557142857143
173.5774149659864
173.2465306122449
172.86979591836734
172.44129251700684
172.09163265306123
171.81020408163266
171.44646258503403
171.07149659863947
170.66768707482993
170.3191836734694
169.8703401360544
169.4291156462585
169.0925850340136
168.86149659863946
168.48027210884354
168.0612244897959
167.61312925170068
167.2522448979592
166.86938775510205
166.52244897959184
166.12598639455783
165.7570068027211
165.37510204081633
164.94224489795917
164.52414965986395
164.12503401360544
163.73299319727892
163.31129251700682
162.8629931972789
162.4253741496599
161.9961224489796
161.60272108843537
161.13421768707485
160.74469387755101
160.29115646258504
159.79210884353742
159.23721088435374
158.8708843537415
158.48244897959182
158.012925170068
157.46340136054422
156.94421768707485
156.52156462585035
156.09938775510204
155.67850340136056
155.1061224489796
154.63843537414968
154.19755102040818
153.89700680272108
153.43571428571428
152.83578231292518
152.18659863945578
151.62761904761905
151.1673469387755
150.71469387755104
150.30197278911567
149.82462585034014
149.38782312925167
148.83551020408163
148.28931972789115
147.7587755102041
147.2986394557823
146.76857142857142
146.36510204081634
146.04156462585036
145.61972789115646
145.04653061224488
144.54755102040815
144.1612925170068
143.69959183673467
143.13612244897956
142.55510204081634
142.11482993197282
141.63319727891155
141.16523809523812
140.72210884353743
140.25687074829932
139.69993197278913
139.18557823129254
138.66170068027213
138.1926530612245
137.73190476190476
137.34952380952382
136.76190476190476
136.23231292517008
135.8251700680272
135.41680272108846
134.93598639455783
134.40401360544217
134.07108843537415
133.76292517006803
133.42510204081634
133.00551020408165
132.6278231292517
132.22149659863948
131.80598639455783
131.51489795918366
131.19251700680272
130.71727891156462
130.15544217687074
129.6512244897959
129.2348299319728
128.80979591836734
128.27448979591838
127.77163265306122
127.49714285714285
127.20782312925171
126.79911564625851
126.27591836734695
125.83244897959183
125.47108843537416
125.1844217687075
124.75938775510204
124.33122448979594
123.93462585034015
123.54680272108844
123.12639455782313
122.71510204081632
122.2856462585034
121.79095238095238
121.3691156462585
120.99523809523811
120.66918367346939
120.34476190476191
120.02870748299321
119.55761904761906
119.04367346938776
118.6099319727891
118.1940136054422
117.83149659863946
117.56319727891157
117.21768707482993
116.74401360544218
116.33238095238096
115.95156462585034
115.5544217687075
115.10367346938776
114.73911564625851
114.39149659863946
114.06687074829932
113.6034693877551
113.16591836734693
112.7578911564626
112.33510204081634
111.87360544217687
111.51945578231293
111.13142857142859
110.68421768707483
110.29380952380953
109.92666666666668
109.5343537414966
109.1174149659864
108.88149659863944
108.65503401360544
108.40979591836735
108.02945578231294
107.54074829931973
107.1321768707483
106.77857142857142
106.42231292517008
106.0365306122449
105.71285714285715
105.32204081632653
104.91816326530613
104.61380952380952
104.32244897959184
103.94122448979591
103.62333333333333
103.27727891156462
102.94544217687076
102.63122448979593
102.27462585034013
101.76163265306123
101.26986394557824
100.90068027210886
100.56591836734694
100.18795918367348
99.80551020408163
99.47959183673468
99.15224489795918
98.80714285714285
98.48374149659864
98.29673469387755
97.97972789115647
97.59115646258505
97.24557823129253
96.93591836734694
96.65448979591837
96.30585034013606
95.95380952380953
95.49802721088435
95.19857142857144
94.89891156462586
94.65469387755104
94.32911564625851
94.02346938775511
93.69523809523811
93.41231292517008
93.12557823129252
92.82578231292518
92.59217687074829
92.25646258503403
91.84462585034015
91.39421768707484
91.10870748299321
90.8808163265306
90.58816326530612
90.33027210884353
90.06945578231293
89.86891156462585
89.651768707483
89.453537414966
89.13789115646259
88.88802721088436
88.75163265306122
88.6130612244898
88.40564625850342
88.15163265306123
87.85775510204081
87.37768707482994
87.0069387755102
86.72183673469388
86.64557823129252
86.49360544217687
86.33278911564626
85.97442176870749
85.67850340136054
85.4691156462585
85.37707482993197
85.1904761904762
84.9595238095238
84.68054421768707
84.42646258503402
84.29700680272109
84.15204081632653
83.92319727891157
83.6187074829932
83.44136054421769
83.26040816326531
83.09802721088435
82.96605442176872
82.85340136054421
82.73006802721089
82.52278911564625
82.41700680272109
82.30020408163266
82.05707482993198
81.81925170068027
81.73503401360544
81.67632653061224
81.45312925170069
81.25986394557825
81.08414965986394
80.97448979591836
80.76272108843538
80.5843537414966
80.53414965986394
80.53891156462585
80.29612244897959
80.12374149659865
80.23068027210884
80.26265306122448
80.02557823129251
79.71605442176872
79.58700680272109
79.42870748299319
79.2261224489796
79.00482993197278
78.96190476190476
79.02326530612245
79.09401360544217
78.95190476190476
78.82401360544219
78.76714285714286
78.70190476190477
78.61680272108845
78.5451700680272
78.53734693877551
78.44863945578231
78.39537414965986
78.37326530612245
78.29095238095238
78.23891156462585
78.22843537414965
78.24979591836734
78.16680272108843
78.09959183673469
78.03761904761905
77.91775510204081
77.81163265306124
77.81666666666666
77.90176870748299
78.05170068027212
78.03598639455782
78.03238095238096
78.02891156462584
78.10197278911565
78.05979591836734
78.08768707482994
78.13585034013606
78.21115646258505
78.21102040816328
78.12551020408164
78.08897959183673
78.04081632653062
78.1034693877551
78.17149659863946
78.33639455782313
78.40714285714287
78.47061224489796
78.56408163265306
78.79945578231292
78.95319727891157
78.92068027210885
78.89897959183673
79.09074829931973
79.28571428571429
79.43591836734694
79.50027210884355
79.67374149659864
79.96170068027212
80.1395918367347
80.31619047619049
80.59836734693877
80.89020408163265
80.9152380952381
81.05244897959184
81.36714285714285
81.68986394557822
82.02680272108844
82.48680272108842
82.81142857142858
83.06428571428572
83.28673469387755
83.5661224489796
83.89605442176872
84.31319727891157
84.72891156462586
85.06639455782313
85.45707482993197
85.93340136054422
86.44585034013606
86.79408163265306
87.08918367346938
87.57278911564626
88.13768707482993
88.66904761904762
89.09673469387755
89.39523809523811
89.7291156462585
90.28489795918367
90.73448979591836
91.09755102040816
91.44414965986395
91.86530612244898
92.2404081632653
92.76428571428572
93.34360544217687
93.83374149659863
94.24006802721088
94.58972789115647
95.02972789115647
95.44020408163266
95.85387755102042
96.1726530612245
96.53489795918367
96.98122448979592
97.43877551020408
97.80156462585035
98.13394557823129
98.54666666666667
98.91142857142857
99.17040816326532
99.55360544217687
100.05897959183675
100.49918367346939
100.76510204081633
101.12904761904761
101.59326530612245
101.96578231292517
102.25068027210884
102.3930612244898
102.75156462585034
103.11068027210885
103.47687074829932
103.71054421768707
104.0465306122449
104.45925170068028
104.7495918367347
105.09074829931973
105.30108843537414
105.5665306122449
105.71857142857144
106.01469387755103
106.31755102040816
106.63068027210885
106.89401360544218
107.13482993197279
107.45585034013605
107.7930612244898
108.13319727891157
108.25857142857143
108.48795918367347
108.7357142857143
109.09102040816327
109.30761904761906
109.66646258503401
109.90380952380953
110.04102040816326
110.07918367346939
110.31013605442176
110.66020408163266
110.97496598639457
111.14979591836735
111.23095238095237
111.31578231292518
111.42585034013607
111.53020408163265
111.63707482993198
111.6774149659864
111.65020408163267
111.54510204081632
111.44965986394558
111.47006802721089
111.53360544217686
111.54401360544219
111.41687074829932
111.22013605442176
111.01748299319728
110.84897959183674
110.67809523809524
110.33020408163266
110.05244897959183
109.85945578231292
109.7995238095238
109.52027210884353
109.081768707483
108.56795918367348
108.25115646258503
107.97312925170067
107.61442176870749
107.23068027210884
106.87952380952382
106.51006802721088
106.10836734693878
105.68809523809523
105.16857142857143
104.68557823129252
104.30802721088435
103.99707482993198
103.5265306122449
102.97904761904762
102.48986394557824
102.0965306122449
101.66986394557823
101.2838775510204
100.95149659863947
100.69190476190477
100.22122448979592
99.63986394557823
99.01700680272108
98.6586394557823
98.23863945578232
97.97088435374151
97.62938775510204
97.33931972789117
96.8608843537415
96.51625850340136
95.99462585034014
95.54768707482994
95.19877551020409
95.03687074829934
94.68346938775511
94.32428571428571
93.87578231292517
93.56074829931974
93.31190476190476
93.00054421768708
92.56938775510204
92.13836734693876
91.84006802721088
91.57034013605443
91.38850340136055
91.21965986394558
90.81625850340136
90.42789115646258
90.00183673469388
89.7430612244898
89.46353741496598
89.39401360544218
89.18482993197279
88.84857142857143
88.45394557823128
88.23115646258503
87.97802721088436
87.67414965986396
87.28367346938775
86.91387755102042
86.58074829931974
86.3347619047619
86.011768707483
85.72020408163266
85.44333333333333
85.22
85.07034013605443
84.98734693877552
84.70448979591836
84.48020408163265
84.32632653061223
84.26687074829931
84.10312925170068
83.98054421768708
83.80197278911564
83.71435374149661
83.49312925170068
83.29278911564626
83.2339455782313
83.24224489795918
82.99979591836735
82.58292517006804
82.51904761904761
82.60537414965987
82.68346938775511
82.52027210884354
82.37469387755102
82.16802721088436
82.0465986394558
82.04571428571428
82.0843537414966
82.01816326530613
81.97482993197279
82.09231292517006
82.06598639455783
82.0047619047619
81.85469387755103
81.91863945578231
81.87068027210884
81.82204081632653
81.75353741496599
81.7469387755102
81.80013605442178
81.74938775510205
81.81047619047621
81.8299319727891
81.90639455782313
81.90619047619049
81.89979591836735
81.84925170068027
81.91659863945578
81.98585034013605
82.05857142857143
82.00401360544218
82.02299319727892
82.11503401360545
82.24965986394558
82.29408163265306
82.36183673469388
82.48061224489797
82.60027210884354
82.79312925170069
82.96659863945578
83.11489795918368
83.15816326530611
83.22210884353741
83.36727891156464
83.69244897959183
83.80122448979591
83.8791836734694
83.94741496598641
84.08836734693878
84.21353741496597
84.45768707482993
84.65027210884355
84.69748299319727
84.85428571428571
85.08374149659863
85.31068027210884
85.4512925170068
85.61918367346938
85.78530612244899
85.89789115646258
85.96680272108844
85.99945578231292
86.19687074829932
86.43863945578232
86.59863945578232
86.67095238095239
86.84605442176871
86.94251700680273
86.98496598639457
87.09414965986396
87.31761904761905
87.42210884353742
87.52931972789115
87.70020408163265
87.93748299319729
88.08421768707483
88.28020408163266
88.54224489795918
88.83517006802721
89.11
89.36183673469388
89.65863945578232
89.91204081632652
90.03544217687076
90.13503401360545
90.34122448979593
90.64904761904762
90.79619047619049
90.87897959183674
91.06122448979592
91.35319727891157
91.57462585034014
91.70210884353743
91.7004761904762
91.71551020408162
91.69306122448981
91.9295918367347
92.07448979591837
92.19244897959184
92.3122448979592
92.53673469387756
92.71027210884355
92.93360544217688
93.11278911564625
93.2004761904762
93.39598639455782
93.61027210884355
93.82517006802722
93.92197278911566
94.06673469387755
94.2325850340136
94.51170068027213
94.78870748299319
94.90496598639456
95.04061224489796
95.13972789115647
95.3065306122449
95.58482993197279
95.94285714285715
96.22442176870749
96.36972789115646
96.54986394557822
96.82959183673469
97.15272108843538
97.50292517006801
97.92068027210884
98.33850340136055
98.70442176870748
98.95517006802721
99.22809523809525
99.58401360544218
100.07034013605443
100.54816326530613
101.06639455782314
101.44850340136054
101.75285714285715
102.14061224489797
102.83448979591837
103.498231292517
104.06748299319727
104.69646258503403
105.30231292517009
106.05258503401362
106.85054421768707
107.85986394557824
108.73061224489796
109.77278911564628
110.90843537414966
112.19986394557824
113.54782312925171
114.97170068027211
116.38102040816327
117.84034013605442
119.36945578231293
120.92768707482993
122.44360544217687
123.96469387755103
125.53299319727891
126.94911564625852
128.0851020408163
128.76265306122448
129.2182993197279
129.51619047619047
129.76204081632653
129.86809523809524
129.92523809523811
130.09734693877553
130.36394557823127
130.64938775510203
130.79115646258504
130.78748299319727
130.66095238095238
130.70374149659864
130.80204081632655
130.99074829931976
131.17659863945576
131.3256462585034
131.34632653061226
131.5608163265306
131.76156462585033
131.76755102040818
131.69408163265308
131.82789115646258
132.1008163265306
132.21809523809523
132.22591836734694
132.21707482993196
132.3318367346939
132.61489795918368
133.0847619047619
133.54523809523812
133.59591836734694
133.64421768707484
133.8991156462585
133.98625850340136
133.6021088435374
133.03210884353743
132.36537414965989
131.46591836734694
130.37673469387755
129.35156462585036
128.13190476190476
127.14591836734692
126.4330612244898
125.96367346938777
125.15122448979591
123.82496598639456
122.28585034013605
120.59843537414966
118.76632653061225
116.79469387755103
114.86442176870747
113.24843537414966
111.70340136054422
110.21517006802722
108.4174149659864
106.7726530612245
105.18292517006803
103.68340136054422
102.17095238095239
100.80027210884353
99.45054421768708
98.13850340136055
96.7374149659864
95.21925170068027
93.69517006802721
92.38448979591837
91.17312925170069
89.95142857142856
88.65462585034014
87.34632653061225
85.99408163265306
84.78455782312926
83.66666666666667
82.44544217687076
80.97292517006802
79.51755102040815
78.33197278911564
77.2578231292517
76.17605442176871
75.08333333333333
74.05761904761906
73.123537414966
72.51768707482994
72.21523809523809
71.88272108843537
71.40421768707483
70.61176870748301
69.5512925170068
68.34319727891156
67.13707482993198
65.5778231292517
63.818707482993204
62.03081632653061
60.38897959183668
58.9396598639455
