132.51476190476188
132.64095238095229
132.8052380952381
132.97761904761907
133.00285714285712
132.97510204081632
132.75190476190477
132.5648979591837
132.49401360544218
132.6538775510204
132.73455782312925
132.61326530612243
132.2821768707483
132.03278911564627
131.80265306122448
131.6377551020408
131.61585034013606
131.7430612244898
131.77517006802722
131.75503401360547
131.7218367346939
131.42210884353744
131.18326530612245
131.08755102040817
131.09816326530614
131.02027210884356
131.04469387755103
130.98557823129255
130.96544217687077
131.02401360544218
131.12884353741498
131.0987074829932
131.11326530612246
131.06
130.92238095238093
130.6938775510204
130.43884353741498
130.1973469387755
130.19408163265305
130.35231292517005
130.583537414966
130.74061224489796
130.9090476190476
130.9872789115646
130.98925170068028
130.90727891156462
130.6908163265306
130.58462585034013
130.70469387755102
130.87095238095236
130.82476190476189
130.6578231292517
130.62374149659865
130.59476190476192
130.56761904761905
130.6917006802721
130.8461904761905
130.95619047619047
131.01367346938775
131.09979591836736
131.05170068027212
131.04673469387754
131.06816326530614
131.06408163265306
131.08278911564628
131.17408163265304
131.15925170068027
131.15503401360544
131.22965986394559
131.1317006802721
130.8929931972789
130.7436054421769
130.81680272108844
130.94312925170067
131.0273469387755
131.14904761904762
131.29632653061225
131.35231292517005
131.35646258503402
131.31727891156464
131.34054421768707
131.16537414965987
131.0955782312925
130.9055782312925
130.87013605442178
130.773537414966
130.72761904761904
130.8677551020408
131.01503401360543
131.07095238095238
131.01299319727894
131.12891156462587
131.24408163265306
131.46122448979594
131.62149659863945
131.42693877551022
131.18190476190478
131.11802721088435
131.16537414965987
131.1230612244898
131.2739455782313
131.43054421768704
131.46115646258505
131.48074829931974
131.59891156462587
131.72816326530614
131.9609523809524
132.37306122448982
132.78945578231293
133.1809523809524
133.54027210884357
133.88727891156464
134.17442176870748
134.42442176870748
134.60190476190476
134.79877551020405
135.06285714285715
135.4369387755102
135.8030612244898
136.17374149659867
136.47163265306122
136.81482993197278
137.10823129251702
137.49408163265306
137.8405442176871
138.17455782312925
138.57557823129252
138.83122448979591
138.89469387755102
138.97374149659865
139.27102040816328
139.59918367346938
139.86972789115646
140.09795918367348
140.28068027210884
140.57238095238097
140.91619047619048
141.35496598639457
141.7547619047619
142.1818367346939
142.5676870748299
143.16394557823128
143.62455782312927
144.09659863945578
144.46605442176872
144.86727891156463
145.4195918367347
146.04700680272109
146.5314285714286
146.88469387755103
147.40013605442178
147.97850340136054
148.45979591836732
148.84115646258502
149.15122448979594
149.5004761904762
149.82673469387754
150.28217687074834
150.90340136054422
151.5604761904762
152.02285714285716
152.55938775510205
153.3565986394558
154.20734693877552
155.01292517006803
155.75455782312923
156.55455782312924
157.33823129251704
158.0621768707483
158.84510204081633
159.6812925170068
160.61918367346937
161.39054421768708
162.27027210884356
163.25204081632654
164.27319727891157
165.1497278911565
166.0769387755102
167.1231292517007
168.26775510204084
169.43884353741498
170.69142857142856
171.91231292517006
173.3519047619048
174.82469387755103
176.357074829932
177.8125850340136
179.36605442176872
180.9582993197279
182.67918367346942
184.2686394557823
185.6191836734694
186.83204081632653
188.18040816326533
189.3757823129252
190.62210884353743
191.82986394557827
193.0134693877551
194.156462585034
195.31850340136054
196.45360544217687
197.52972789115645
198.69938775510207
199.72380952380954
200.6765306122449
201.6270068027211
202.6101360544218
203.48816326530613
204.33727891156465
205.15306122448976
205.94489795918366
206.70843537414967
207.5502721088436
208.41068027210886
209.11646258503401
209.76448979591834
210.42700680272108
211.14455782312925
211.73122448979595
212.2895918367347
212.7840136054422
213.3965986394558
213.93217687074832
214.40523809523813
214.76523809523812
215.1874829931973
215.5722448979592
215.92054421768708
216.2113605442177
216.5583673469388
216.8800680272109
217.14
217.23945578231294
217.38891156462586
217.63911564625852
217.8687755102041
217.90061224489799
217.87666666666667
217.90170068027214
217.9312925170068
217.90761904761905
217.82673469387754
217.69530612244898
217.550612244898
217.35809523809525
217.12034013605444
216.91659863945577
216.73319727891158
216.43761904761905
216.0760544217687
215.7195918367347
215.35945578231292
214.8887755102041
214.3787755102041
213.85557823129253
213.37850340136055
212.9923129251701
212.54244897959188
211.95625850340136
211.36551020408166
210.855306122449
210.23122448979592
209.58802721088435
208.9169387755102
208.31401360544217
207.6398639455782
207.03605442176874
206.32115646258507
205.66979591836736
204.9965306122449
204.2916326530612
203.5104761904762
202.83244897959185
202.18231292517007
201.5055782312925
200.79870748299322
200.09578231292517
199.34857142857146
198.66646258503403
198.08340136054423
197.5425170068027
196.9261904761905
196.28238095238095
195.68666666666667
195.1503401360544
194.60421768707482
194.19489795918366
193.79231292517008
193.40850340136058
192.95959183673472
192.55435374149658
192.13394557823128
191.8227891156463
191.5022448979592
191.1978231292517
190.9312925170068
190.663537414966
190.37482993197278
190.1804761904762
190.0704761904762
189.96068027210885
189.78625850340137
189.61857142857144
189.4544217687075
189.3991836734694
189.3029931972789
189.2587074829932
189.2316326530612
189.26707482993197
189.33775510204083
189.35700680272112
189.33068027210885
189.3814285714286
189.5969387755102
189.7517006802721
189.8604761904762
190.01027210884354
190.21551020408162
190.36442176870747
190.50857142857143
190.61380952380955
190.77510204081634
190.95850340136056
191.14421768707484
191.2595238095238
191.47904761904763
191.61959183673468
191.7695238095238
191.76870748299322
191.92068027210888
191.99210884353744
192.22897959183675
192.41040816326532
192.5956462585034
192.66020408163268
192.79292517006803
192.9201360544218
193.03333333333336
193.1292517006803
193.25795918367348
193.35503401360546
193.43278911564624
193.51448979591837
193.61428571428573
193.69850340136054
193.78414965986394
193.83761904761906
193.8640816326531
193.9287074829932
194.0687074829932
194.19863945578234
194.19891156462583
194.14850340136053
194.12857142857143
194.19768707482993
194.17578231292518
194.17891156462585
194.2659863945578
194.45829931972787
194.5483673469388
194.52013605442176
194.4861224489796
194.47190476190474
194.44442176870749
194.4031292517007
194.42
194.4695918367347
194.4926530612245
194.4578231292517
194.4078231292517
194.4483673469388
194.47108843537413
194.37006802721086
194.27163265306123
194.30074829931976
194.30312925170068
194.24068027210885
194.24340136054423
194.2961224489796
194.30312925170068
194.292925170068
194.2641496598639
194.2139455782313
194.07727891156463
194.01870748299322
193.96000000000004
193.99244897959184
193.9183673469388
193.83027210884353
193.72129251700682
193.6695238095238
193.60891156462586
193.56401360544223
193.52680272108847
193.44904761904763
193.29163265306127
193.13251700680274
193.07496598639457
193.04265306122448
192.97673469387755
192.89789115646258
192.788231292517
192.6551700680272
192.58707482993196
192.565306122449
192.40891156462584
192.19632653061223
192.08034013605442
191.9999319727891
191.9142857142857
191.818231292517
191.71013605442178
191.53217687074834
191.4208163265306
191.30925170068028
191.15231292517007
190.9642176870748
190.83795918367346
190.69687074829935
190.59517006802722
190.4544897959184
190.3439455782313
190.2168707482993
190.1382993197279
189.9847619047619
189.75149659863945
189.4732653061225
189.24197278911566
189.13435374149662
189.0095238095238
188.80367346938775
188.61244897959185
188.4836054421769
188.34122448979593
188.13496598639458
187.96802721088437
187.7808163265306
187.57163265306124
187.3938775510204
187.15238095238095
186.9452380952381
186.71904761904761
186.5616326530612
186.2656462585034
185.8999319727891
185.5934013605442
185.49714285714288
185.42714285714285
185.2482993197279
185.0495238095238
184.79544217687075
184.40190476190477
184.12020408163266
183.92122448979592
183.69408163265308
183.32
183.0692517006803
182.88238095238097
182.71863945578232
182.4561904761905
182.12537414965988
181.76700680272108
181.4648299319728
181.2234693877551
180.8587074829932
180.50666666666666
180.16741496598638
179.90836734693877
179.5034693877551
179.14034013605442
178.82027210884357
178.5622448979592
178.27884353741496
177.99734693877554
177.66931972789115
177.2843537414966
176.9872789115646
176.72115646258504
176.37625850340137
176.0056462585034
175.6769387755102
175.34605442176868
174.9504761904762
174.5921088435374
174.19510204081632
173.8712925170068
173.61197278911564
173.314693877551
172.95204081632653
172.6065306122449
172.24680272108844
171.88816326530616
171.5408843537415
171.2478911564626
170.78870748299317
170.25306122448978
169.7734013605442
169.45639455782313
169.2127210884354
168.87707482993198
168.5504081632653
168.17836734693878
167.81333333333333
167.4694557823129
167.1465986394558
166.78687074829932
166.4278231292517
166.10802721088436
165.74108843537414
165.33326530612248
164.94258503401363
164.52489795918365
164.11870748299322
163.78197278911563
163.43027210884355
163.08625850340135
162.70374149659864
162.2773469387755
161.87129251700682
161.54993197278912
161.251768707483
160.77986394557826
160.21952380952382
159.7791156462585
159.52353741496597
159.16068027210883
158.6986394557823
158.27183673469386
157.90013605442178
157.37551020408165
156.9691156462585
156.59462585034015
156.18170068027212
155.67
155.19911564625852
154.75782312925168
154.34680272108844
153.9195918367347
153.43625850340138
152.87156462585034
152.39823129251698
151.9604761904762
151.61931972789117
151.16081632653064
150.6908843537415
150.10367346938773
149.63380952380953
149.12367346938777
148.64605442176872
148.05435374149658
147.56054421768707
147.12904761904764
146.77551020408166
146.24972789115648
145.6451700680272
145.1077551020408
144.7365986394558
144.25537414965987
143.70884353741496
143.20469387755102
142.84829931972791
142.41000000000003
141.84115646258505
141.24993197278914
140.77312925170068
140.28319727891156
139.81510204081633
139.38530612244898
139.02959183673465
138.4521768707483
137.83183673469387
137.26993197278912
136.84979591836736
136.33
135.80673469387756
135.2895918367347
134.83632653061227
134.41823129251702
133.98149659863947
133.4460544217687
132.97673469387757
132.56938775510207
132.04965986394558
131.49959183673468
131.14061224489797
130.8368707482993
130.18734693877553
129.5830612244898
129.21353741496597
128.86170068027212
128.33244897959185
127.81632653061224
127.43775510204082
126.96510204081632
126.49197278911565
125.98768707482994
125.60945578231292
125.13231292517007
124.63659863945577
124.17503401360544
123.77843537414967
123.29530612244898
122.81333333333335
122.4061224489796
122.02591836734695
121.53380952380952
121.0413605442177
120.63496598639456
120.29163265306123
119.86360544217688
119.3642857142857
118.88578231292517
118.41394557823129
117.95414965986394
117.59027210884355
117.19877551020409
116.83088435374148
116.36904761904762
115.91666666666667
115.42863945578232
115.06789115646261
114.75204081632654
114.2847619047619
113.73632653061223
113.29183673469387
112.92170068027211
112.51748299319729
112.06551020408165
111.64523809523811
111.33857142857144
111.02986394557824
110.65210884353742
110.12272108843538
109.69482993197279
109.24510204081633
108.80897959183673
108.38278911564626
108.02829931972789
107.70591836734695
107.3291836734694
106.981768707483
106.66455782312926
106.27156462585035
105.79823129251702
105.37102040816328
104.99040816326531
104.53455782312925
104.13469387755103
103.75925170068028
103.29319727891156
102.81108843537415
102.28455782312925
101.97102040816327
101.69482993197279
101.35088435374149
100.96612244897959
100.60959183673471
100.18523809523809
99.74462585034014
99.4508843537415
99.10020408163265
98.66428571428571
98.26462585034014
97.9021768707483
97.53136054421769
97.2821768707483
96.89700680272111
96.48666666666668
96.15054421768708
95.97918367346941
95.63428571428571
95.18380952380953
94.81972789115646
94.47673469387756
94.05557823129251
93.57945578231292
93.15503401360544
92.75605442176871
92.38646258503402
92.09006802721089
91.77591836734695
91.45673469387755
91.17061224489795
90.89183673469388
90.47
90.07591836734694
89.71625850340136
89.43183673469387
89.09707482993196
88.70326530612245
88.33714285714285
88.07034013605443
87.7100680272109
87.21544217687075
86.85707482993197
86.72353741496599
86.56993197278912
86.28877551020409
85.99435374149661
85.69129251700681
85.4052380952381
85.04863945578231
84.66809523809523
84.36047619047619
84.09326530612246
83.78619047619048
83.41850340136055
83.04095238095238
82.79061224489796
82.53217687074829
82.40877551020408
82.08013605442176
81.83489795918368
81.52523809523808
81.3930612244898
81.12768707482994
80.92333333333335
80.68292517006803
80.54183673469387
80.2465306122449
80.00238095238095
79.71802721088434
79.40625850340136
79.08000000000001
78.88272108843537
78.77598639455782
78.51625850340136
78.25489795918368
78.05074829931972
77.8121768707483
77.49462585034013
77.33455782312926
77.32897959183674
77.10285714285715
76.84170068027211
76.65557823129251
76.48258503401361
76.17843537414966
75.93585034013606
75.78448979591838
75.70802721088435
75.58918367346939
75.34680272108844
75.1543537414966
75.10931972789116
74.98707482993197
74.69251700680272
74.47884353741497
74.41149659863946
74.3452380952381
74.2461224489796
74.17421768707483
74.02299319727891
73.76020408163265
73.498231292517
73.30285714285715
73.13136054421769
73.00496598639455
72.9469387755102
72.92408163265306
72.77367346938775
72.64891156462585
72.51836734693879
72.50734693877553
72.48380952380953
72.41054421768708
72.23204081632653
71.98938775510206
71.82877551020408
71.66707482993196
71.57380952380953
71.39054421768708
71.26877551020408
71.29020408163267
71.31095238095239
71.24659863945578
71.09707482993198
71.07292517006805
71.02578231292517
71.01054421768707
70.86346938775512
70.76360544217687
70.70054421768708
70.61843537414967
70.51312925170069
70.51149659863945
70.52054421768707
70.41938775510205
70.38741496598641
70.45081632653061
70.51081632653062
70.45149659863945
70.35755102040815
70.36374149659864
70.33863945578231
70.30462585034013
70.26557823129252
70.35081632653063
70.39551020408163
70.32598639455783
70.28605442176871
70.28367346938776
70.39585034013606
70.38578231292517
70.34129251700679
70.23632653061225
70.15333333333334
70.18170068027212
70.25925170068028
70.41993197278913
70.48551020408163
70.48965986394558
70.50421768707483
70.59258503401361
70.72795918367348
70.91714285714286
71.10625850340136
71.15721088435374
71.17353741496598
71.18877551020408
71.17163265306124
71.32340136054422
71.72081632653061
72.01965986394558
72.13823129251702
72.11197278911564
72.16802721088435
72.32442176870748
72.65544217687074
72.88673469387756
73.14707482993198
73.39721088435374
73.74081632653062
73.94877551020409
74.1338775510204
74.25755102040817
74.47292517006802
74.83013605442177
75.26734693877552
75.75265306122449
76.05197278911564
76.28156462585034
76.59605442176871
77.11768707482995
77.55408163265307
77.94673469387756
78.2604761904762
78.61149659863946
78.8743537414966
79.22891156462586
79.59904761904762
80.0821768707483
80.59578231292518
81.0865306122449
81.43333333333334
81.67204081632654
82.01013605442176
82.44551020408164
82.80006802721087
83.15149659863945
83.53938775510204
84.01238095238095
84.49408163265305
84.9429931972789
85.23727891156463
85.5773469387755
85.96795918367349
86.38850340136055
86.68891156462585
87.06455782312926
87.44442176870749
87.90598639455783
88.1856462585034
88.48129251700679
88.78931972789115
89.23251700680272
89.62986394557824
89.98122448979592
90.29367346938776
90.58122448979593
90.84768707482993
91.29258503401361
91.69850340136054
91.98380952380953
92.12020408163266
92.44816326530614
92.80285714285715
93.18897959183673
93.56972789115646
93.96040816326531
94.25578231292516
94.41231292517007
94.57360544217688
94.81585034013605
95.09204081632653
95.40517006802722
95.78081632653061
96.13768707482993
96.39496598639457
96.58455782312926
96.81687074829932
97.18938775510205
97.46006802721088
97.7187074829932
97.98557823129252
98.23292517006801
98.36136054421767
98.58918367346939
98.99693877551022
99.42122448979593
99.62380952380954
99.6952380952381
99.75020408163266
99.99816326530613
100.2765306122449
100.44061224489795
100.53775510204082
100.6982993197279
100.95707482993198
101.15891156462585
101.2378231292517
101.28326530612246
101.30585034013606
101.33789115646259
101.26673469387754
101.23557823129252
101.11557823129252
101.1665306122449
101.12551020408164
100.91387755102042
100.61707482993197
100.48605442176871
100.3691156462585
100.23034013605442
99.93646258503401
99.71775510204081
99.43272108843539
99.29673469387755
98.91272108843538
98.57238095238095
98.10857142857142
97.66768707482993
97.28551020408163
97.08047619047619
96.84231292517006
96.35197278911565
95.85115646258502
95.57891156462586
95.19625850340137
94.68836734693878
94.08809523809525
93.79367346938777
93.39619047619048
93.04523809523809
92.47850340136054
92.08945578231294
91.57904761904763
91.08680272108842
90.76034013605442
90.66095238095238
90.33312925170068
89.76585034013605
89.19659863945579
88.7557142857143
88.31251700680272
87.96931972789116
87.71612244897959
87.42476190476191
87.00013605442177
86.62401360544217
86.25938775510204
85.8669387755102
85.45183673469388
85.15755102040816
84.87231292517006
84.61204081632653
84.46238095238095
84.22251700680272
83.80319727891157
83.38666666666667
83.12068027210886
82.79272108843537
82.45027210884354
82.10789115646259
81.90312925170069
81.63340136054421
81.25360544217688
80.82938775510203
80.60823129251702
80.40163265306123
80.08204081632653
79.87653061224489
79.80761904761906
79.58680272108843
79.25714285714285
78.931768707483
78.69993197278913
78.33346938775512
77.9857142857143
77.72659863945579
77.51959183673469
77.25299319727893
76.98285714285714
76.72585034013606
76.5256462585034
76.41591836734695
76.16714285714286
75.93319727891156
75.72197278911565
75.60598639455782
75.43442176870748
75.38414965986395
75.24251700680273
74.98102040816327
74.77380952380953
74.7500680272109
74.70462585034014
74.53006802721089
74.27047619047619
74.31707482993198
74.23537414965986
74.01340136054421
73.80176870748299
73.72632653061225
73.64911564625851
73.59170068027213
73.55278911564626
73.45972789115646
73.41904761904762
73.41945578231292
73.28258503401361
73.26680272108842
73.1786394557823
73.21700680272109
73.25027210884355
73.32265306122449
73.21136054421768
73.188231292517
73.1004761904762
73.07224489795918
73.17190476190477
73.20557823129252
73.15081632653062
73.08340136054422
73.1139455782313
73.03149659863945
73.11367346938775
73.15673469387755
73.18585034013606
73.14809523809524
73.25632653061226
73.36190476190477
73.4891836734694
73.51360544217688
73.4469387755102
73.41163265306122
73.51102040816326
73.80244897959184
73.92299319727891
73.88333333333333
73.75448979591837
74.01809523809524
74.21877551020408
74.33149659863946
74.3391156462585
74.45673469387755
74.53714285714287
74.7386394557823
75.00346938775509
75.12142857142858
75.17517006802721
75.29115646258504
75.42346938775509
75.59115646258505
75.81142857142856
76.04897959183674
76.17605442176871
76.40006802721089
76.56244897959185
76.72122448979593
76.89734693877551
77.03054421768708
77.123537414966
77.25115646258503
77.42258503401362
77.50979591836735
77.63360544217687
77.80442176870748
77.8908843537415
78.08625850340135
78.17176870748301
78.26489795918367
78.3747619047619
78.6256462585034
78.79156462585033
78.881768707483
79.07782312925171
79.28462585034015
79.44142857142857
79.44482993197279
79.72108843537416
80.1100680272109
80.45333333333332
80.78809523809525
81.11108843537414
81.21918367346939
81.14013605442176
81.24360544217689
81.56102040816327
81.92646258503403
82.13530612244898
82.09870748299319
82.15700680272109
82.36238095238095
82.6787074829932
82.82129251700681
82.8565986394558
82.94775510204082
83.10761904761905
83.20149659863945
83.14183673469387
83.31047619047618
83.52367346938777
83.8104761904762
84.00517006802721
84.27850340136054
84.40346938775511
84.52551020408163
84.59625850340136
84.79013605442177
84.97557823129252
85.30251700680273
85.48707482993197
85.75911564625851
85.96836734693878
86.28462585034015
86.36993197278912
86.45938775510203
86.6195238095238
86.82006802721088
86.95544217687075
87.12455782312925
87.4769387755102
87.8234693877551
88.09680272108844
88.30857142857144
88.58795918367348
88.93319727891156
89.408231292517
89.91142857142857
90.4182993197279
90.84673469387755
91.14428571428573
91.48952380952382
91.90102040816326
92.34380952380954
92.79333333333332
93.40585034013606
93.85789115646259
94.27333333333334
94.79442176870748
95.48755102040815
96.13374149659865
96.93353741496598
97.568231292517
98.15340136054421
98.91448979591837
100.0139455782313
101.00802721088436
101.92911564625851
103.04489795918369
104.3425850340136
105.70272108843537
107.27122448979593
108.89238095238096
110.5195238095238
112.09714285714286
113.81775510204082
115.53054421768707
117.39503401360545
119.22823129251701
120.85666666666667
122.26122448979592
123.49653061224491
124.4270068027211
125.0530612244898
125.37367346938777
125.54122448979592
125.57204081632653
125.6630612244898
125.97877551020409
126.4339455782313
126.82768707482992
127.03095238095237
127.13156462585033
127.24639455782312
127.4278911564626
127.59068027210884
127.74102040816327
127.92612244897958
128.24666666666667
128.56891156462586
128.9517006802721
129.28619047619048
129.6082993197279
129.89129251700678
130.25333333333333
130.6468707482993
130.7459863945578
130.5873469387755
130.36938775510205
130.38006802721088
130.6
130.96020408163267
131.25190476190477
131.49
131.71632653061224
132.05244897959182
132.25904761904764
132.30367346938775
132.1285714285714
131.92789115646258
131.46585034013606
130.87102040816328
130.32387755102042
129.75673469387758
129.125306122449
128.55190476190478
128.14272108843537
127.47374149659865
126.22340136054422
124.46387755102043
122.38591836734695
119.91503401360545
117.30578231292516
114.78068027210884
112.64326530612244
110.58455782312924
108.508231292517
106.243537414966
104.13326530612245
102.22319727891156
100.43482993197279
98.80646258503401
97.1456462585034
95.42598639455782
93.68897959183674
92.01462585034014
90.29251700680273
88.67857142857143
87.15346938775511
85.78115646258505
84.46394557823129
83.05068027210885
81.51333333333332
79.981768707483
78.7447619047619
77.46687074829933
76.12367346938777
74.55632653061224
73.13802721088436
71.88884353741497
70.72061224489795
69.67530612244897
68.5712925170068
67.59448979591836
66.83414965986394
66.49027210884354
66.15428571428572
65.7708843537415
65.23714285714286
64.49632653061225
63.51136054421769
62.41299319727892
61.084761904761905
59.566258503401365
58.064897959183675
56.569863945578234
54.95183673469384
53.22989795918364
