146.03153061224495
146.25006802721086
146.3844217687075
146.56802721088434
146.81238095238095
146.87564625850342
146.7004081632653
146.5861224489796
146.6620408163265
146.93789115646257
146.91979591836733
146.62911564625853
146.25163265306125
145.954693877551
145.74904761904762
145.6374149659864
145.65979591836737
145.86401360544218
146.0617006802721
146.14251700680273
145.95578231292518
145.64523809523808
145.4791836734694
145.49258503401362
145.5727210884354
145.45414965986393
145.30285714285714
145.115306122449
145.06387755102043
145.1056462585034
145.28149659863945
145.47040816326532
145.42693877551022
145.05938775510205
144.7325170068027
144.70414965986396
144.737074829932
144.65897959183675
144.57659863945577
144.60557823129253
144.75768707482993
144.9837414965986
145.02673469387753
144.9327210884354
144.92108843537414
144.89884353741496
144.71027210884355
144.58156462585035
144.6352380952381
144.5797278911565
144.41183673469388
144.34197278911566
144.44537414965987
144.4912925170068
144.45360544217687
144.52489795918368
144.76333333333332
144.9877551020408
144.9603401360544
144.92857142857144
144.95727891156466
145.01632653061222
145.0589795918367
145.04421768707482
145.04142857142858
145.0669387755102
145.12659863945578
145.10666666666668
145.06911564625852
145.02360544217686
144.83285714285714
144.61673469387753
144.55142857142857
144.71503401360545
145.04108843537415
145.28013605442177
145.32333333333335
145.27149659863946
145.39496598639454
145.48843537414965
145.40850340136055
145.1990476190476
145.11326530612246
145.11564625850338
145.1140816326531
145.00673469387755
144.93163265306123
144.96156462585034
145.08843537414967
145.2117006802721
145.3504081632653
145.40884353741495
145.49714285714288
145.5591836734694
145.59721088435376
145.4925850340136
145.4181632653061
145.39380952380952
145.42918367346942
145.55469387755105
145.60632653061225
145.72326530612244
145.80897959183673
146.0478231292517
146.04850340136053
146.12142857142857
146.29884353741497
146.73244897959182
147.05986394557823
147.2336054421769
147.24802721088435
147.55244897959184
148.03115646258505
148.38775510204084
148.44149659863945
148.5312925170068
148.67816326530613
149.03707482993198
149.41102040816327
149.78816326530614
150.22183673469388
150.8595918367347
151.3522448979592
151.5956462585034
151.84333333333336
152.18816326530612
152.40190476190477
152.57591836734693
152.81768707482996
153.06979591836733
153.2271428571429
153.41571428571427
153.6573469387755
153.8400680272109
154.18510204081633
154.56387755102043
154.95605442176873
155.3169387755102
155.69605442176874
156.07802721088433
156.558231292517
157.20380952380953
157.7082993197279
158.11843537414967
158.4492517006803
158.9513605442177
159.39836734693878
159.95346938775512
160.58952380952383
161.35027210884354
161.9751020408163
162.46020408163264
162.96061224489796
163.49605442176872
163.9291836734694
164.28802721088437
164.75306122448978
165.31598639455783
165.8643537414966
166.3496598639456
166.85741496598638
167.45326530612243
168.15585034013606
168.76884353741497
169.40115646258502
170.23585034013604
171.1195238095238
172.0704081632653
172.8234693877551
173.58312925170068
174.37761904761905
175.3705442176871
176.25537414965984
177.17122448979592
178.00333333333333
178.8440816326531
179.68564625850343
180.66285714285715
181.4886394557823
182.34775510204082
183.28938775510207
184.458231292517
185.52911564625848
186.684693877551
187.6474829931973
188.50931972789115
189.37863945578232
190.4338775510204
191.4056462585034
192.38081632653063
193.51142857142858
194.60442176870748
195.54380952380953
196.4661904761905
197.34802721088437
198.2969387755102
199.2971428571429
200.34789115646262
201.231768707483
202.05258503401362
202.88659863945577
203.80448979591836
204.6759863945578
205.53102040816327
206.31156462585034
207.0747619047619
207.77428571428572
208.50360544217688
209.21251700680273
209.95551020408163
210.69857142857143
211.3695918367347
211.94639455782317
212.55074829931976
213.22333333333336
213.8534693877551
214.3839455782313
214.84673469387758
215.3304081632653
215.8170068027211
216.29585034013604
216.75707482993198
217.2051020408163
217.54421768707482
217.81244897959184
218.1990476190476
218.61360544217686
218.94027210884354
219.15850340136055
219.4908843537415
219.74884353741498
219.92836734693878
219.99034013605444
220.16578231292516
220.29414965986393
220.44891156462586
220.50503401360547
220.55163265306123
220.50891156462586
220.44285714285718
220.33857142857147
220.27360544217686
220.154693877551
219.957074829932
219.73965986394558
219.53231292517006
219.34727891156462
219.1247619047619
218.92537414965986
218.59993197278914
218.19
217.77843537414967
217.4143537414966
216.98639455782316
216.5829931972789
216.1595918367347
215.72571428571428
215.19986394557822
214.72027210884355
214.20353741496598
213.67489795918368
213.09639455782312
212.50857142857143
211.88204081632654
211.31571428571428
210.78653061224492
210.20244897959185
209.59421768707483
209.013537414966
208.41149659863947
207.7165306122449
207.05040816326533
206.42489795918368
205.80585034013606
205.20455782312922
204.58639455782316
204.01149659863944
203.36346938775512
202.76904761904763
202.24278911564625
201.78108843537416
201.20673469387754
200.6274149659864
200.11081632653062
199.67374149659864
199.13224489795917
198.65496598639456
198.25224489795917
197.9078231292517
197.40421768707483
196.95557823129252
196.5757142857143
196.28721088435373
196.07727891156463
195.8448299319728
195.59598639455783
195.30707482993196
195.06625850340137
194.87204081632655
194.74537414965988
194.56884353741495
194.3697278911565
194.228231292517
194.09768707482993
194.0308163265306
193.98925170068028
193.90006802721086
193.68054421768707
193.5982993197279
193.7243537414966
193.83074829931977
193.83979591836737
193.86510204081634
193.9543537414966
193.96006802721087
194.08088435374148
194.21666666666664
194.34401360544217
194.44428571428574
194.68333333333334
194.82095238095235
194.8740136054422
194.93326530612245
195.08551020408166
195.2449659863946
195.39843537414964
195.50190476190477
195.54299319727892
195.59068027210884
195.76074829931974
195.9378231292517
196.01020408163265
196.0239455782313
196.15238095238095
196.29047619047617
196.36707482993197
196.36748299319729
196.465306122449
196.5884353741497
196.795306122449
196.91034013605443
196.94061224489795
196.94442176870749
196.99258503401364
197.04251700680274
197.07761904761907
197.15278911564627
197.22510204081632
197.27176870748298
197.27571428571432
197.29149659863944
197.31598639455783
197.33639455782313
197.2744217687075
197.33102040816328
197.41469387755103
197.50782312925173
197.45537414965986
197.51088435374152
197.54421768707485
197.571768707483
197.52333333333334
197.49088435374148
197.41244897959186
197.37585034013608
197.39054421768708
197.34646258503403
197.28469387755104
197.3595238095238
197.53020408163266
197.5695238095238
197.41802721088436
197.33836734693878
197.33421768707484
197.3370068027211
197.24646258503404
197.1843537414966
197.19761904761907
197.23625850340136
197.2144217687075
197.15537414965985
197.08367346938775
197.06231292517006
196.96020408163267
196.9457823129252
196.9234013605442
196.91244897959186
196.80659863945579
196.71129251700683
196.62959183673468
196.55285714285714
196.54170068027213
196.51591836734696
196.39061224489797
196.19149659863945
196.08544217687077
196.0713605442177
196.02380952380955
195.92585034013604
195.8847619047619
195.81163265306122
195.63414965986397
195.47979591836736
195.4578231292517
195.40408163265306
195.24564625850343
195.064693877551
194.93863945578232
194.79591836734693
194.66401360544216
194.58782312925172
194.61972789115646
194.55115646258503
194.39646258503402
194.21061224489796
194.17170068027212
194.11891156462588
193.97414965986394
193.7363945578231
193.561768707483
193.48802721088438
193.46292517006805
193.3947619047619
193.2174149659864
193.01523809523812
192.80632653061224
192.6010204081633
192.3967346938776
192.22768707482993
192.08129251700683
191.9678911564626
191.85850340136057
191.7338775510204
191.54530612244898
191.34074829931978
191.17782312925172
191.04265306122448
190.81571428571428
190.62755102040816
190.51959183673472
190.35244897959183
190.06891156462586
189.8300680272109
189.60006802721088
189.35421768707485
189.11333333333332
188.91163265306125
188.76755102040818
188.6104081632653
188.40673469387752
188.15836734693875
187.91496598639455
187.6672789115646
187.35741496598638
187.11979591836734
186.86897959183676
186.6583673469388
186.48619047619047
186.34795918367348
186.0529931972789
185.70414965986396
185.39122448979592
185.11952380952386
184.80755102040817
184.5512925170068
184.2134693877551
183.86462585034013
183.55755102040814
183.24217687074832
182.80312925170068
182.4092517006803
182.15176870748303
181.9370068027211
181.64333333333335
181.35238095238094
181.09306122448982
180.8156462585034
180.491768707483
180.16945578231292
179.84673469387758
179.55204081632655
179.23000000000002
178.90591836734694
178.47387755102042
178.0921768707483
177.72210884353743
177.501768707483
177.23965986394558
176.8759863945578
176.40142857142854
175.9730612244898
175.69891156462583
175.55571428571426
175.26510204081632
174.81761904761905
174.32680272108843
173.98986394557824
173.57210884353742
173.24836734693878
172.87333333333333
172.5051700680272
172.09639455782315
171.80455782312927
171.53231292517006
171.23428571428573
170.8704761904762
170.41326530612244
170.03170068027208
169.6934693877551
169.38891156462586
168.94721088435375
168.54326530612244
168.20013605442176
167.9195238095238
167.57095238095238
167.18537414965988
166.8197959183674
166.43986394557825
166.12925170068027
165.83768707482994
165.4926530612245
165.03455782312926
164.64244897959185
164.276462585034
163.9044217687075
163.51952380952383
163.15979591836734
162.78598639455782
162.40727891156465
162.02326530612245
161.67680272108845
161.21482993197282
160.7578911564626
160.2857823129252
159.9253741496599
159.55680272108845
159.25374149659865
158.7662585034014
158.24761904761903
157.75809523809522
157.3934013605442
156.97047619047618
156.565306122449
156.184693877551
155.71278911564625
155.136462585034
154.64809523809524
154.34455782312926
153.9539455782313
153.38965986394558
152.96530612244902
152.52625850340138
152.02816326530612
151.49020408163267
151.0408843537415
150.5821088435374
150.08517006802722
149.57163265306124
149.05734693877554
148.67693877551022
148.30707482993196
147.84972789115648
147.35149659863944
146.85408163265305
146.45925170068026
146.06455782312923
145.65
145.17374149659867
144.72047619047618
144.21442176870747
143.7097278911565
143.2640136054422
142.8175510204082
142.3109523809524
141.80333333333334
141.38884353741497
140.96074829931973
140.53768707482993
140.03625850340137
139.56061224489795
139.12095238095236
138.75414965986394
138.26326530612246
137.7561224489796
137.3456462585034
136.96632653061226
136.4173469387755
135.8578231292517
135.42809523809524
134.99068027210885
134.59190476190477
134.27204081632655
133.94965986394556
133.5142857142857
133.07775510204084
132.7853741496599
132.39401360544218
132.02129251700683
131.64129251700678
131.2674149659864
130.84510204081636
130.4474829931973
130.08639455782313
129.6587074829932
129.26625850340136
128.88013605442177
128.45850340136053
128.09714285714284
127.75598639455782
127.40006802721088
126.99278911564626
126.59768707482993
126.1791836734694
125.7034693877551
125.37428571428572
125.12578231292517
124.81884353741496
124.41836734693878
124.03102040816327
123.56136054421769
123.16639455782312
122.82972789115647
122.56204081632654
122.15367346938777
121.74496598639456
121.28122448979592
120.92170068027211
120.58326530612244
120.21993197278911
119.76462585034014
119.41129251700681
118.99945578231294
118.7395918367347
118.42945578231294
118.15265306122448
117.69884353741497
117.38809523809525
117.04333333333334
116.63435374149661
116.26299319727893
115.92775510204082
115.57578231292517
115.1859863945578
114.7895918367347
114.28251700680273
113.84455782312926
113.42102040816327
113.02612244897959
112.66476190476192
112.34047619047618
111.96448979591837
111.5657142857143
111.15367346938777
110.67993197278912
110.27585034013606
110.01877551020408
109.7844217687075
109.53673469387756
109.14462585034013
108.71782312925171
108.37142857142857
108.00605442176871
107.62326530612245
107.20523809523809
106.92891156462585
106.58537414965986
106.34585034013605
106.08401360544218
105.75326530612246
105.32523809523809
105.03734693877551
104.79666666666667
104.43258503401361
103.93
103.49380952380953
103.12755102040816
102.76993197278912
102.44843537414965
102.17204081632653
101.8408843537415
101.42578231292518
101.0678911564626
100.74265306122449
100.44190476190477
100.15775510204081
99.91054421768708
99.57374149659864
99.17925170068028
98.8142857142857
98.52258503401362
98.26455782312925
97.94585034013606
97.51897959183674
97.16904761904762
96.9312925170068
96.65646258503402
96.2539455782313
95.92027210884353
95.73108843537415
95.57843537414966
95.27666666666666
94.83802721088436
94.37469387755102
94.10877551020408
93.92401360544218
93.69197278911564
93.27986394557823
92.87244897959184
92.60700680272109
92.42068027210885
92.19625850340137
91.89102040816326
91.56231292517008
91.26782312925172
91.22591836734694
91.18496598639456
90.91585034013605
90.56319727891156
90.3808843537415
90.19775510204083
89.81727891156463
89.50013605442177
89.24857142857144
88.90870748299321
88.58047619047619
88.5400680272109
88.5212925170068
88.27258503401362
87.86503401360545
87.53904761904762
87.27734693877551
87.11795918367346
86.93136054421768
86.64707482993197
86.42278911564627
86.24360544217687
86.0956462585034
85.85591836734694
85.69081632653061
85.53659863945578
85.33231292517007
85.10530612244898
84.93360544217688
84.78292517006803
84.59605442176871
84.45551020408163
84.30802721088436
84.17034013605442
84.07591836734693
83.91850340136055
83.781768707483
83.55326530612246
83.39074829931974
83.20136054421769
83.1104081632653
82.90619047619047
82.72911564625849
82.50748299319727
82.48972789115646
82.43408163265306
82.47238095238095
82.36380952380954
82.26714285714286
82.10380952380953
82.03734693877551
81.90285714285714
81.65761904761905
81.38863945578231
81.26088435374149
81.03013605442176
80.98816326530613
80.98013605442176
80.98612244897959
80.86496598639457
80.8543537414966
80.85462585034014
80.76095238095238
80.62387755102041
80.4804761904762
80.43482993197279
80.51721088435374
80.58353741496599
80.47530612244898
80.35455782312926
80.30095238095238
80.26197278911565
80.26802721088436
80.19448979591837
80.31081632653061
80.22605442176871
80.14387755102041
79.8817006802721
79.86183673469388
79.8934693877551
79.92503401360545
79.98380952380953
80.06673469387755
80.12557823129251
80.14809523809524
80.24129251700681
80.1938775510204
80.00836734693878
80.09061224489795
80.32170068027212
80.30721088435374
80.1521088435374
80.12537414965985
80.16095238095237
80.22278911564626
80.25319727891156
80.22231292517007
80.24761904761905
80.50183673469388
80.69380952380952
80.78517006802721
80.90714285714287
81.07857142857144
81.21333333333334
81.37333333333333
81.44768707482993
81.44278911564626
81.49687074829933
81.88129251700681
82.19972789115646
82.43863945578232
82.64163265306122
82.87714285714286
83.03761904761905
83.21142857142857
83.3530612244898
83.6091836734694
83.99360544217689
84.37938775510204
84.5930612244898
84.8612925170068
85.17387755102041
85.49693877551019
85.91585034013605
86.42931972789115
86.91571428571429
87.19442176870749
87.55319727891157
87.96625850340136
88.40115646258505
88.70149659863947
89.08605442176872
89.53292517006804
90.01843537414966
90.43312925170068
90.86755102040816
91.26986394557824
91.77197278911565
92.24591836734695
92.70755102040818
92.9912925170068
93.30115646258503
93.78074829931973
94.23299319727892
94.6940136054422
95.14340136054422
95.65326530612245
96.04517006802722
96.43068027210884
96.89755102040816
97.38585034013607
97.72979591836736
98.15013605442178
98.60292517006803
99.14034013605442
99.58272108843538
100.03190476190477
100.24816326530615
100.36680272108845
100.7804081632653
101.2725850340136
101.71374149659863
101.94115646258504
102.3943537414966
102.8234693877551
103.25938775510204
103.50938775510204
103.8021768707483
104.19993197278912
104.57578231292516
104.73816326530613
104.95129251700679
105.32448979591837
105.72210884353743
106.10809523809525
106.46979591836735
106.6643537414966
106.82918367346937
107.10061224489796
107.40816326530611
107.63340136054423
108.02850340136055
108.37272108843537
108.63653061224491
108.81380952380954
109.04489795918367
109.1991156462585
109.45387755102041
109.8573469387755
110.18836734693878
110.41149659863947
110.56061224489795
110.8161224489796
111.09598639455783
111.50265306122448
111.80401360544218
112.04823129251702
112.1721768707483
112.30244897959182
112.42455782312925
112.60034013605443
112.76925170068027
112.93414965986395
113.14931972789117
113.40809523809523
113.53462585034015
113.651768707483
113.70537414965986
113.65081632653062
113.52115646258503
113.51965986394558
113.51224489795918
113.45666666666666
113.52625850340137
113.58387755102041
113.49027210884354
113.21591836734694
112.89027210884353
112.69115646258504
112.58911564625852
112.52503401360546
112.34013605442178
112.16102040816327
111.88612244897959
111.52755102040817
111.14734693877551
110.8404081632653
110.4530612244898
109.94408163265307
109.58244897959183
109.34312925170069
109.071768707483
108.67006802721089
108.33482993197279
107.8947619047619
107.35197278911565
106.80408163265307
106.35517006802722
105.96687074829933
105.64863945578232
105.33265306122449
104.85687074829931
104.35523809523811
103.94891156462586
103.73455782312926
103.40517006802722
102.98632653061226
102.45768707482993
102.0704761904762
101.54278911564627
101.04782312925171
100.6191156462585
100.4265306122449
100.11721088435374
99.78748299319729
99.34897959183674
98.84217687074832
98.34367346938775
98.01387755102041
97.81707482993197
97.56632653061223
97.21482993197279
96.89414965986396
96.56986394557823
96.17374149659864
95.76374149659863
95.49795918367346
95.15918367346939
94.84877551020408
94.49850340136055
94.2917006802721
94.02809523809523
93.86374149659864
93.52510204081634
93.14721088435374
92.81721088435373
92.5278231292517
92.33591836734695
92.00653061224492
91.7078231292517
91.35625850340136
91.13183673469388
90.92897959183674
90.69285714285715
90.28897959183675
89.77149659863946
89.4042857142857
89.16176870748299
88.98823129251701
88.7629931972789
88.49156462585034
88.24870748299321
88.07455782312925
87.88448979591837
87.66455782312926
87.35244897959184
87.17285714285714
87.00775510204082
86.85768707482994
86.59258503401361
86.47408163265305
86.38176870748299
86.30517006802721
86.08857142857144
85.84897959183674
85.71850340136055
85.62442176870749
85.51081632653063
85.38666666666667
85.39503401360545
85.32129251700681
85.16945578231292
85.14047619047619
85.05047619047619
84.88476190476192
84.6118367346939
84.54619047619049
84.48578231292518
84.54285714285714
84.67428571428573
84.77380952380952
84.66054421768708
84.48795918367347
84.49353741496599
84.50278911564627
84.48210884353742
84.36183673469387
84.40251700680273
84.4734693877551
84.51421768707485
84.36925170068028
84.34442176870748
84.42476190476191
84.42170068027212
84.36462585034013
84.43013605442178
84.54013605442177
84.65836734693877
84.72244897959183
84.55224489795918
84.50707482993198
84.58863945578231
84.76142857142857
84.82190476190476
84.96210884353741
85.03333333333333
85.12693877551021
85.28360544217688
85.3538775510204
85.39231292517007
85.43911564625851
85.56408163265306
85.66251700680273
85.88326530612245
86.23197278911564
86.41346938775511
86.41557823129251
86.3721088435374
86.57278911564626
86.77115646258504
86.94619047619048
87.12095238095239
87.28591836734695
87.48258503401361
87.62428571428572
87.86108843537416
88.07877551020408
88.31619047619049
88.46312925170068
88.5334693877551
88.55353741496599
88.7039455782313
88.96632653061226
89.17435374149662
89.27408163265306
89.34979591836735
89.48292517006803
89.63557823129253
89.78013605442177
89.76442176870748
89.71027210884354
89.83945578231294
90.07639455782312
90.21653061224491
90.34278911564627
90.54414965986395
90.78632653061226
91.03999999999999
91.28326530612244
91.65537414965986
91.97156462585035
92.29040816326531
92.4026530612245
92.59755102040818
92.79496598639456
93.05061224489796
93.28319727891156
93.42979591836735
93.45122448979592
93.5274149659864
93.69891156462586
93.86972789115647
93.99952380952382
94.18707482993199
94.27530612244898
94.31503401360544
94.41034013605442
94.57027210884354
94.53081632653061
94.67204081632653
94.94857142857143
95.31619047619049
95.44496598639456
95.56040816326531
95.6839455782313
95.88843537414965
96.11537414965986
96.40401360544219
96.61734693877551
96.72170068027211
96.85625850340136
97.15591836734696
97.28789115646259
97.37448979591836
97.50102040816326
97.77761904761905
97.9617006802721
98.25646258503401
98.5104081632653
98.80823129251701
98.90707482993199
99.16775510204081
99.4930612244898
99.88911564625852
100.14074829931974
100.50462585034015
100.95557823129252
101.2370068027211
101.47061224489796
101.74877551020408
102.23027210884354
102.65231292517008
103.19204081632654
103.69945578231294
104.14510204081633
104.52142857142857
105.0209523809524
105.64850340136056
106.27625850340137
106.82795918367347
107.34557823129252
108.04210884353742
108.88108843537417
109.77768707482994
110.86027210884353
112.0665306122449
113.16068027210885
114.27918367346939
115.56598639455783
116.95639455782312
118.4295918367347
119.98442176870749
121.62204081632653
123.26401360544217
125.07346938775511
126.81047619047618
128.43496598639456
129.8944897959184
131.26979591836735
132.39428571428573
133.29231292517008
133.96625850340138
134.46639455782315
134.81761904761902
135.1931292517007
135.50367346938776
135.7878911564626
136.20081632653063
136.52054421768707
136.6531292517007
136.6705442176871
136.79061224489797
136.8965986394558
137.09979591836733
137.33020408163267
137.50387755102042
137.7343537414966
137.9912244897959
138.13530612244898
138.06115646258502
138.06013605442178
138.03619047619048
137.94721088435375
137.72571428571428
137.57455782312923
137.34312925170067
137.14775510204083
137.0075510204082
137.17380952380955
137.3921768707483
137.66734693877552
137.74986394557823
137.83
137.90897959183673
138.0790476190476
138.27598639455783
138.30197278911567
138.0869387755102
137.63408163265305
136.96414965986395
136.2113605442177
135.47802721088436
134.9414285714286
134.36972789115646
133.6713605442177
132.70326530612243
131.51122448979592
130.01108843537415
127.93136054421768
125.5252380952381
122.9865306122449
120.53367346938776
118.37496598639456
116.4155782312925
114.41387755102042
112.23414965986396
110.38659863945578
108.51578231292517
106.54836734693876
104.67183673469388
103.09863945578232
101.376462585034
99.58925170068028
97.78802721088437
96.14136054421769
94.52632653061224
93.16530612244898
91.84530612244899
90.63571428571429
89.40272108843537
87.92938775510204
86.5521768707483
85.45013605442178
84.39734693877551
83.09768707482992
81.69625850340137
80.34074829931973
79.12503401360546
77.99748299319728
76.90068027210886
75.77972789115647
74.68904761904763
73.74836734693879
73.06972789115648
72.75755102040816
72.45965986394559
71.88931972789115
70.9944217687075
69.91074829931975
68.78755102040816
67.5225850340136
65.9230612244898
64.14027210884355
62.37816326530612
60.80741496598636
59.1142176870748
