165.182993197279
165.28231292517
165.4051020408163
165.35646258503402
165.28061224489795
165.06013605442178
165.01829931972787
164.96659863945578
164.99469387755104
165.10727891156463
165.22204081632654
165.0461224489796
164.685306122449
164.3670068027211
164.2461904761905
164.2325170068027
164.312925170068
164.38265306122452
164.4642857142857
164.53068027210884
164.47503401360547
164.23204081632653
164.03578231292516
164.0677551020408
164.23843537414967
164.34761904761905
164.3093197278912
164.17503401360545
164.15537414965988
164.29346938775507
164.3718367346939
164.26700680272108
164.238231292517
164.24897959183676
164.1383673469388
163.96380952380952
163.8296598639456
163.70455782312925
163.54231292517005
163.5512925170068
163.70462585034014
164.01891156462585
164.2895918367347
164.48455782312925
164.54877551020408
164.5539455782313
164.48673469387757
164.38006802721088
164.3361904761905
164.32326530612244
164.25047619047618
164.17265306122448
164.26333333333338
164.3474829931973
164.30857142857144
164.35482993197277
164.4587074829932
164.55414965986395
164.58360544217686
164.54394557823127
164.38632653061222
164.30578231292515
164.37557823129254
164.4700680272109
164.56585034013608
164.678231292517
164.7447619047619
164.68367346938774
164.54714285714286
164.46149659863946
164.46156462585034
164.28231292517006
164.12367346938774
164.0486394557823
164.19197278911565
164.36367346938775
164.49136054421768
164.4699319727891
164.4778231292517
164.50734693877553
164.49299319727893
164.31088435374153
164.2
164.1621768707483
164.1905442176871
164.0925850340136
164.0413605442177
164.01210884353742
164.1200680272109
164.17054421768708
164.24360544217691
164.291768707483
164.46802721088437
164.58639455782316
164.67680272108845
164.7125850340136
164.65897959183673
164.50591836734694
164.4530612244898
164.53768707482993
164.67108843537417
164.78897959183675
164.75020408163266
164.7365986394558
164.83952380952383
165.0304761904762
165.23374149659864
165.41333333333336
165.63904761904763
165.89374149659864
166.30578231292517
166.71687074829933
167.08938775510202
167.4112925170068
167.7191156462585
167.98789115646258
168.3234693877551
168.64768707482995
168.82986394557824
168.94931972789115
169.31931972789116
169.8504081632653
170.27952380952382
170.55190476190478
170.82387755102042
171.09850340136057
171.46034013605444
171.76455782312925
172.006462585034
172.20755102040818
172.482380952381
172.68632653061223
172.91761904761904
173.23979591836735
173.57231292517008
173.87102040816325
174.19537414965987
174.598843537415
174.96034013605444
175.29231292517008
175.6774149659864
176.15741496598642
176.78986394557825
177.3565986394558
177.83380952380952
178.19557823129253
178.7178231292517
179.25598639455782
179.7479591836735
180.13537414965987
180.67340136054423
181.10496598639455
181.40115646258502
181.64836734693876
182.03945578231293
182.48666666666668
182.94156462585036
183.48795918367347
184.03163265306122
184.7052380952381
185.33829931972792
186.0404081632653
186.81986394557822
187.69775510204084
188.46727891156465
189.2991836734694
190.19897959183675
191.10469387755103
191.76938775510206
192.45353741496598
193.12448979591835
193.90204081632658
194.60224489795917
195.42755102040815
196.18034013605444
196.921768707483
197.54387755102044
198.2960544217687
199.16462585034014
200.08741496598637
200.88034013605443
201.66156462585036
202.5591156462585
203.43761904761905
204.20034013605445
205.06414965986397
206.08428571428573
207.05421768707484
207.82938775510206
208.68673469387755
209.66666666666666
210.7017006802721
211.6005442176871
212.44047619047618
213.22639455782314
214.08979591836734
214.89931972789117
215.70414965986396
216.4591836734694
217.25414965986397
217.93721088435376
218.62510204081633
219.35482993197277
220.0886394557823
220.694693877551
221.31707482993195
221.93931972789116
222.58285714285714
223.16149659863947
223.71748299319728
224.1430612244898
224.60632653061225
225.10020408163268
225.615306122449
226.03673469387758
226.41122448979593
226.7604761904762
227.15727891156462
227.49489795918367
227.761768707483
228.0144217687075
228.3505442176871
228.67278911564628
228.91761904761907
229.1004081632653
229.2748299319728
229.42068027210885
229.55156462585035
229.65326530612245
229.79068027210883
229.90278911564627
230.0074829931973
230.06938775510204
230.11244897959185
230.08149659863946
230.07346938775513
230.0929931972789
230.08789115646258
230.05374149659866
230.00523809523813
229.90741496598642
229.7592517006803
229.65680272108844
229.48557823129252
229.27170068027212
229.05986394557823
228.93102040816328
228.71904761904761
228.49496598639456
228.2165306122449
227.92102040816326
227.6330612244898
227.38319727891155
227.02687074829936
226.69455782312926
226.31210884353746
225.92680272108845
225.48986394557824
225.13156462585033
224.72551020408164
224.32979591836735
223.88510204081632
223.41897959183672
222.93578231292517
222.5121768707483
222.05836734693878
221.55496598639456
221.00510204081635
220.43891156462587
219.93482993197279
219.4970068027211
218.9843537414966
218.47585034013608
217.968231292517
217.49108843537414
216.86585034013606
216.30639455782313
215.8000680272109
215.31938775510204
214.84204081632657
214.36442176870747
213.86108843537414
213.3299319727891
212.85843537414965
212.43578231292514
211.99102040816328
211.57795918367344
211.1670068027211
210.7795238095238
210.42897959183674
210.08013605442176
209.7255782312925
209.43945578231293
209.15571428571428
208.86605442176872
208.5834693877551
208.36333333333332
208.0570068027211
207.76265306122448
207.51027210884354
207.3609523809524
207.23319727891158
207.0444897959184
206.9448299319728
206.7956462585034
206.63755102040815
206.4247619047619
206.31204081632654
206.28727891156464
206.37795918367348
206.4404761904762
206.38938775510204
206.344693877551
206.35761904761904
206.3960544217687
206.42938775510208
206.42564625850338
206.44061224489798
206.52027210884353
206.66442176870748
206.73149659863947
206.77285714285716
206.76666666666668
206.82244897959183
206.88857142857145
207.01380952380956
207.07068027210886
207.148843537415
207.20428571428573
207.24496598639456
207.2922448979592
207.4304761904762
207.51074829931974
207.50387755102042
207.54625850340136
207.65278911564627
207.73156462585035
207.74047619047622
207.77428571428572
207.83374149659863
207.86265306122448
207.89891156462585
207.98251700680277
208.05435374149664
208.0792517006803
208.09802721088437
208.14000000000004
208.156462585034
208.14557823129252
208.15408163265306
208.19081632653064
208.24204081632655
208.25149659863948
208.2691156462585
208.31108843537416
208.3652380952381
208.40598639455783
208.44102040816327
208.43986394557822
208.36986394557826
208.3483673469388
208.39938775510205
208.4216326530612
208.30292517006805
208.2338095238095
208.2451700680272
208.312925170068
208.30102040816325
208.30054421768708
208.3148299319728
208.341768707483
208.33122448979591
208.29986394557824
208.27108843537414
208.20775510204084
208.12836734693877
208.07877551020408
208.10081632653063
208.11911564625848
208.1012925170068
208.0748979591837
208.06619047619049
208.03795918367348
208.02748299319728
207.98680272108842
207.93367346938777
207.81795918367345
207.7561224489796
207.78027210884355
207.76816326530613
207.70231292517008
207.63557823129253
207.60299319727892
207.54061224489794
207.40727891156465
207.29006802721088
207.1840816326531
207.22755102040819
207.166462585034
207.1200680272109
207.02183673469386
206.93367346938777
206.7847619047619
206.71244897959184
206.70319727891157
206.66149659863947
206.53829931972788
206.4078911564626
206.25122448979593
206.19013605442177
206.16979591836733
206.1660544217687
206.03102040816327
205.9343537414966
205.80142857142857
205.71054421768707
205.5921088435374
205.53571428571428
205.4229931972789
205.2767346938776
205.1208843537415
205.01510204081632
204.86448979591836
204.78510204081635
204.74081632653062
204.62401360544217
204.32367346938776
204.15945578231293
204.03115646258505
203.88163265306122
203.67149659863946
203.56129251700682
203.45238095238096
203.3743537414966
203.17414965986393
203.01333333333335
202.81489795918364
202.67639455782313
202.4874829931973
202.3221768707483
202.10095238095238
201.8586394557823
201.65816326530611
201.5291156462585
201.38231292517008
201.10952380952384
200.8252380952381
200.61285714285717
200.48850340136053
200.27503401360542
200.0847619047619
199.90421768707486
199.74836734693878
199.40537414965988
199.05435374149658
198.7922448979592
198.65340136054425
198.49442176870747
198.2683673469388
197.98265306122448
197.68857142857144
197.40190476190475
197.1751020408163
196.93292517006805
196.64802721088432
196.29102040816326
196.01591836734696
195.76122448979595
195.47217687074834
195.13496598639455
194.8425850340136
194.56265306122452
194.29068027210883
194.0327210884354
193.8087755102041
193.53761904761905
193.25619047619048
192.96952380952382
192.66068027210886
192.32734693877552
192.0804761904762
191.7921768707483
191.3691836734694
190.98510204081634
190.6978231292517
190.42904761904765
190.1708843537415
189.9438775510204
189.65136054421768
189.26
188.93517006802722
188.6004081632653
188.3205442176871
187.98421768707487
187.70585034013607
187.313537414966
186.96285714285716
186.63938775510206
186.34721088435373
185.98394557823127
185.713537414966
185.465306122449
185.10462585034014
184.65632653061226
184.3108843537415
184.0748979591837
183.85034013605443
183.59156462585034
183.22741496598638
182.8089795918367
182.39537414965986
182.0914285714286
181.8412925170068
181.51646258503402
181.10591836734696
180.69278911564626
180.41965986394558
180.13530612244898
179.75074829931972
179.30224489795918
179.01551020408164
178.66585034013607
178.30353741496597
177.9347619047619
177.5938775510204
177.08278911564628
176.64115646258503
176.3886394557823
176.08816326530612
175.6822448979592
175.20979591836738
174.7400680272109
174.35102040816327
174.00238095238097
173.70489795918368
173.34523809523813
172.97476190476192
172.3921768707483
171.8665306122449
171.4591836734694
171.21238095238095
170.89530612244897
170.43680272108844
169.95802721088435
169.53176870748302
169.11455782312925
168.63965986394558
168.23020408163268
167.88299319727895
167.4055782312925
166.89598639455784
166.39727891156465
166.10238095238094
165.74040816326533
165.31081632653064
164.76979591836735
164.28768707482993
163.80693877551022
163.3257142857143
162.8586394557823
162.51061224489797
162.03421768707483
161.48333333333335
160.89544217687074
160.53979591836736
160.09258503401364
159.66319727891158
159.247074829932
158.89204081632653
158.42816326530613
157.86340136054423
157.3518367346939
156.89707482993197
156.52326530612245
156.06551020408165
155.60816326530613
155.12197278911566
154.65598639455783
154.09197278911566
153.57102040816326
153.14809523809527
152.75734693877553
152.3170068027211
151.9031972789116
151.52374149659866
151.12612244897957
150.65537414965985
150.19122448979596
149.7251700680272
149.32775510204084
148.89530612244897
148.54850340136056
148.27068027210885
147.91904761904766
147.441768707483
146.98693877551023
146.6360544217687
146.22027210884357
145.83428571428573
145.4648979591837
145.1087074829932
144.7125850340136
144.246462585034
143.8495918367347
143.41938775510204
143.07836734693876
142.62068027210884
142.3040816326531
141.9073469387755
141.57816326530613
141.13965986394558
140.73292517006803
140.375306122449
140.11571428571426
139.89414965986396
139.49163265306123
139.09544217687073
138.68571428571428
138.3752380952381
137.99795918367346
137.67578231292515
137.22217687074829
136.82680272108843
136.51537414965986
136.24292517006805
135.7971428571429
135.34496598639456
134.99462585034013
134.7056462585034
134.35931972789118
133.92721088435377
133.48333333333335
133.09884353741495
132.7548299319728
132.3391836734694
131.90986394557822
131.49727891156462
131.19231292517009
130.89312925170069
130.55850340136055
130.13476190476194
129.61897959183676
129.17557823129252
128.75149659863945
128.31278911564624
127.85993197278911
127.41598639455783
127.0399319727891
126.7391836734694
126.4757142857143
126.06945578231291
125.57163265306123
125.21408163265308
124.90897959183673
124.63564625850339
124.30115646258503
124.05210884353743
123.61789115646259
123.17891156462585
122.6504081632653
122.34054421768708
122.02102040816327
121.68414965986396
121.32877551020408
121.121768707483
120.88006802721088
120.49040816326531
120.26346938775511
119.95408163265306
119.5021768707483
119.03163265306124
118.73326530612245
118.46108843537415
118.13197278911565
117.71823129251702
117.21727891156462
116.85489795918367
116.59081632653061
116.3795238095238
116.0139455782313
115.64537414965986
115.2295238095238
114.97217687074831
114.69265306122449
114.40496598639456
114.00170068027212
113.56734693877551
113.31836734693879
113.10598639455782
112.8742857142857
112.4300680272109
112.08102040816328
111.84768707482995
111.59775510204082
111.2487074829932
110.87727891156463
110.60727891156463
110.44244897959184
110.22673469387756
109.97387755102042
109.60761904761905
109.28455782312926
109.03605442176871
108.8199319727891
108.5086394557823
108.10938775510203
107.86149659863946
107.6374149659864
107.4012925170068
107.10380952380953
106.90653061224492
106.67863945578232
106.45993197278912
106.13721088435375
105.87816326530614
105.63877551020408
105.56102040816327
105.43659863945578
105.20714285714286
104.90020408163265
104.68251700680273
104.50802721088436
104.30013605442178
104.02836734693878
103.74421768707484
103.50925170068028
103.30278911564625
103.12659863945579
102.94272108843538
102.7382993197279
102.46673469387754
102.25006802721089
102.15074829931973
102.08455782312924
101.89503401360544
101.57244897959184
101.32537414965988
101.18619047619049
101.10367346938774
101.02591836734695
100.83265306122449
100.67537414965986
100.48646258503402
100.45632653061224
100.31551020408165
100.15802721088434
99.87421768707485
99.75102040816327
99.81081632653063
99.8621768707483
99.79632653061223
99.58836734693877
99.31238095238095
99.034693877551
98.93829931972789
98.83414965986395
98.5774149659864
98.37489795918367
98.43945578231292
98.46761904761905
98.32979591836735
98.16476190476192
98.03904761904764
97.92816326530613
97.89312925170069
97.76517006802722
97.5729931972789
97.27986394557824
97.17795918367348
97.11700680272111
97.04823129251702
96.89000000000001
96.77278911564626
96.8434693877551
96.82428571428572
96.79857142857145
96.65074829931974
96.5825850340136
96.47727891156461
96.40421768707483
96.39312925170069
96.44285714285715
96.36891156462585
96.25061224489797
96.19816326530614
96.2543537414966
96.26326530612245
96.28707482993198
96.26421768707485
96.25605442176871
96.20755102040816
96.20598639455781
96.19537414965987
96.16013605442177
96.05551020408163
96.0578911564626
96.18401360544217
96.27340136054423
96.221768707483
96.3034693877551
96.33517006802721
96.38782312925171
96.42006802721087
96.52945578231292
96.50925170068027
96.47571428571429
96.53387755102041
96.5482993197279
96.75380952380951
96.98802721088435
97.13755102040815
97.0995918367347
97.18061224489796
97.31727891156463
97.4034693877551
97.5643537414966
97.7378231292517
98.01428571428572
98.17938775510204
98.23619047619047
98.21047619047619
98.51251700680272
98.93673469387755
99.19122448979593
99.32190476190476
99.61299319727893
99.9612925170068
100.27503401360545
100.50557823129252
100.75197278911563
100.99319727891157
101.45605442176871
101.95401360544219
102.29496598639457
102.49544217687075
102.79374149659864
103.23836734693879
103.70061224489797
104.07408163265305
104.41952380952381
104.84693877551021
105.23795918367348
105.69857142857144
106.27312925170068
106.75156462585034
107.03217687074832
107.4852380952381
108.00156462585035
108.45666666666666
108.93802721088436
109.54721088435375
110.01789115646258
110.49183673469389
111.04115646258504
111.58251700680273
111.9786394557823
112.32993197278911
112.85632653061225
113.34258503401361
113.71768707482993
113.97326530612246
114.46108843537415
114.82156462585034
115.29904761904763
115.70299319727891
116.08761904761907
116.33489795918368
116.86537414965986
117.32380952380953
117.63857142857142
117.90278911564626
118.28319727891156
118.64965986394557
118.99993197278911
119.37272108843538
119.6791836734694
120.0204761904762
120.46
120.88768707482993
121.10489795918369
121.32891156462586
121.71346938775511
122.16013605442178
122.52598639455782
122.74374149659864
122.93278911564626
123.25224489795919
123.68680272108844
123.95721088435376
124.15782312925171
124.43258503401361
124.76938775510206
124.96374149659864
125.05972789115647
125.22244897959186
125.62945578231293
126.05074829931972
126.32312925170069
126.52979591836736
126.62054421768707
126.73755102040818
127.03238095238095
127.52625850340135
127.73687074829931
127.82074829931975
128.02299319727894
128.31299319727893
128.60204081632654
128.92108843537414
129.278231292517
129.43238095238095
129.46843537414966
129.5804081632653
129.77231292517007
129.94510204081632
130.1695238095238
130.31272108843535
130.43
130.4778231292517
130.6304761904762
130.66945578231292
130.67931972789114
130.6496598639456
130.69809523809525
130.66816326530613
130.51353741496598
130.36074829931974
130.3522448979592
130.31598639455783
130.19585034013608
129.98952380952383
129.82244897959183
129.6100680272109
129.32156462585033
129.06319727891156
128.91272108843538
128.81503401360544
128.64380952380952
128.28156462585034
127.89625850340136
127.62061224489797
127.2921768707483
126.82952380952382
126.45238095238095
126.28238095238096
125.83482993197278
125.24843537414966
124.67020408163265
124.29863945578231
123.92639455782314
123.46408163265306
123.01408163265306
122.59204081632653
122.10462585034014
121.55891156462587
121.12687074829932
120.73040816326532
120.23938775510204
119.79374149659864
119.43251700680274
119.07367346938777
118.60816326530613
118.07006802721088
117.60176870748299
117.20081632653063
116.7
116.20054421768708
115.82646258503402
115.56
115.201768707483
114.75557823129253
114.29374149659864
113.89979591836735
113.48836734693877
113.07537414965986
112.69455782312926
112.40333333333334
112.11448979591837
111.83061224489796
111.51054421768708
111.20986394557823
110.87551020408165
110.51306122448979
110.1517006802721
109.83292517006802
109.58170068027212
109.23040816326532
108.81380952380952
108.47646258503403
108.29421768707483
107.96224489795918
107.52700680272109
107.20632653061224
106.9947619047619
106.72687074829933
106.44496598639456
106.09782312925171
105.71911564625852
105.32714285714286
105.00061224489797
104.65680272108844
104.35074829931972
104.10421768707482
103.86707482993198
103.63843537414965
103.42530612244899
103.18612244897959
102.93829931972789
102.57993197278913
102.31605442176871
102.23727891156463
102.25639455782313
102.07244897959184
101.71639455782315
101.48367346938775
101.32448979591838
101.3434693877551
101.1074149659864
100.92197278911564
100.70979591836735
100.79244897959184
100.59639455782312
100.36278911564625
100.12945578231293
100.04517006802723
99.96319727891155
99.88
99.80061224489796
99.80108843537417
99.76163265306124
99.7004761904762
99.48503401360544
99.41965986394558
99.37775510204081
99.58632653061224
99.60789115646259
99.6470068027211
99.53972789115645
99.51714285714286
99.41299319727891
99.38727891156462
99.31142857142856
99.26965986394559
99.30374149659866
99.34197278911566
99.39714285714287
99.40816326530611
99.34585034013605
99.37068027210886
99.48408163265307
99.57040816326531
99.59591836734694
99.7147619047619
99.73979591836735
99.66789115646259
99.73632653061225
99.82238095238095
99.87285714285714
99.91040816326532
100.06544217687075
100.16231292517007
100.33700680272108
100.4931292517007
100.54795918367347
100.58040816326532
100.83333333333334
101.09170068027213
101.26489795918368
101.39727891156463
101.50421768707483
101.58578231292518
101.69523809523808
101.92408163265307
102.03326530612246
102.18517006802722
102.24285714285715
102.42448979591838
102.53047619047621
102.76102040816328
102.88537414965987
103.128231292517
103.31136054421769
103.47469387755103
103.54285714285713
103.6921768707483
103.70149659863947
103.84027210884354
103.91612244897959
104.01680272108844
104.0343537414966
104.21625850340138
104.45013605442178
104.71938775510205
104.92816326530613
105.03727891156463
105.17408163265306
105.45013605442176
105.74360544217686
106.02979591836734
106.31904761904761
106.61081632653062
106.79374149659864
107.01183673469387
107.20598639455783
107.3704761904762
107.40040816326531
107.59850340136055
107.88789115646259
108.09319727891156
108.18530612244898
108.33850340136055
108.56863945578232
108.57816326530612
108.73360544217687
109.14244897959183
109.48054421768708
109.56693877551021
109.74931972789116
109.96857142857144
110.0334693877551
110.01850340136055
110.13108843537417
110.4134693877551
110.70530612244897
110.87428571428572
111.0091836734694
111.38938775510205
111.61544217687074
111.7613605442177
111.8609523809524
112.09714285714286
112.21544217687074
112.54088435374149
112.93272108843537
113.20272108843537
113.3325850340136
113.49326530612245
113.69319727891157
113.80979591836736
113.95115646258503
114.18122448979592
114.54176870748299
114.93
115.32979591836734
115.69666666666669
116.0456462585034
116.42102040816326
116.87659863945579
117.21204081632654
117.69190476190477
118.19802721088436
118.81319727891156
119.2269387755102
119.73503401360546
120.10680272108843
120.5995238095238
121.12231292517008
121.69380952380953
122.22598639455782
122.90020408163265
123.52047619047619
124.20251700680272
124.94857142857143
125.77734693877552
126.4469387755102
127.12993197278911
127.99721088435373
128.9218367346939
129.98925170068028
131.1917006802721
132.4933333333333
133.6585714285714
134.79149659863944
136.20374149659864
137.93850340136055
139.9108163265306
141.66884353741494
143.2630612244898
144.78979591836736
146.51231292517008
148.19414965986394
149.58931972789117
150.78625850340137
151.7313605442177
152.4840136054422
152.97938775510204
153.38761904761907
153.59061224489795
153.66224489795917
153.7985034013605
153.94299319727895
154.1
154.25925170068027
154.49693877551022
154.58993197278915
154.5186394557823
154.6379591836735
155.11585034013606
155.74102040816328
156.45795918367347
157.23319727891158
158.19380952380953
159.15585034013606
160.17326530612243
161.00802721088434
161.91394557823128
162.7022448979592
163.44557823129253
164.06891156462586
164.60448979591837
164.90646258503403
165.17068027210885
165.62319727891156
166.19537414965987
166.5442857142857
166.89346938775512
167.26639455782316
167.80707482993196
168.17979591836735
168.48469387755102
168.6278231292517
168.67952380952383
168.6104081632653
168.36632653061224
168.24489795918367
168.0389115646259
167.88074829931975
167.6200680272109
167.36721088435374
166.76755102040815
165.86142857142858
164.39544217687077
162.36986394557823
159.80748299319728
156.96605442176872
154.12340136054422
151.50557823129253
148.9539455782313
146.29510204081635
143.43816326530612
140.53095238095239
137.7038775510204
135.03544217687076
132.58421768707484
130.23346938775512
127.97312925170068
125.65448979591838
123.33843537414964
120.98122448979592
118.73850340136055
116.7629931972789
114.85326530612245
112.90911564625851
110.70795918367348
108.42850340136053
106.2569387755102
104.43353741496598
102.5195918367347
100.35557823129253
98.04115646258504
96.01639455782313
94.02625850340137
92.35108843537415
90.74217687074831
89.33986394557823
87.79292517006803
86.50414965986396
85.55210884353741
84.95530612244899
84.31510204081633
83.35462585034014
82.02489795918368
80.40931972789116
78.87204081632653
77.33102040816327
75.55054421768708
73.46918367346939
71.64462585034015
69.94802721088435
67.91775510204084
