194.94799319727898
195.28659863945575
195.48319727891155
195.68965986394556
196.00884353741498
196.18843537414966
196.31496598639455
196.34877551020412
196.42666666666668
196.47639455782314
196.47340136054422
196.27795918367346
196.10761904761904
195.91925170068026
195.77687074829933
195.76421768707482
195.8465306122449
196.01591836734696
196.0700680272109
196.1134693877551
195.9561904761905
195.91074829931975
195.84802721088437
195.80421768707487
195.7736054421769
195.8034013605442
195.74986394557823
195.6486394557823
195.64646258503404
195.71190476190478
195.74027210884353
195.70666666666665
195.6095238095238
195.51108843537415
195.45945578231294
195.37517006802722
195.19040816326532
194.99333333333334
194.92462585034014
194.96904761904761
195.06047619047618
195.11843537414967
195.1474829931973
195.21687074829933
195.1939455782313
194.99428571428572
194.85632653061225
194.93251700680273
195.01462585034017
194.9340816326531
194.79523809523812
194.76244897959188
194.85503401360546
194.96360544217686
194.96326530612245
194.98149659863944
195.03775510204082
195.18333333333334
195.28496598639458
195.378231292517
195.3524489795918
195.30809523809523
195.3070068027211
195.33061224489796
195.37979591836736
195.37809523809523
195.3709523809524
195.29734693877552
195.2404081632653
195.2034013605442
195.13040816326532
195.08755102040817
195.17993197278915
195.34210884353743
195.4678911564626
195.52197278911564
195.54149659863947
195.56707482993198
195.58489795918368
195.64897959183676
195.66857142857143
195.69727891156464
195.74285714285713
195.70673469387754
195.592925170068
195.52340136054423
195.64768707482995
195.7942857142857
195.8974149659864
195.95108843537417
195.957074829932
195.95816326530615
195.9701360544218
196.00095238095238
196.05959183673468
196.12244897959187
196.1479591836735
196.12659863945578
196.14897959183673
196.1430612244898
196.18591836734694
196.2961224489796
196.46823129251703
196.58789115646258
196.72272108843538
196.84965986394556
196.93013605442175
197.09183673469389
197.373537414966
197.65884353741495
197.8639455782313
197.92380952380952
198.018231292517
198.22374149659865
198.4534693877551
198.55142857142857
198.68952380952382
198.96537414965988
199.21782312925168
199.44197278911565
199.6922448979592
200.0826530612245
200.48836734693876
200.7744217687075
200.90129251700682
201.06374149659865
201.34503401360547
201.70414965986396
202.01666666666668
202.3059863945578
202.53904761904764
202.79680272108843
202.99673469387756
203.230612244898
203.54748299319726
203.8712244897959
204.1281632653061
204.48374149659867
204.92435374149662
205.36979591836734
205.76571428571427
206.29047619047617
206.69925170068026
207.1709523809524
207.55068027210882
207.9687074829932
208.30809523809523
208.71761904761905
209.10149659863947
209.59455782312926
210.16455782312926
210.6468707482993
211.03414965986394
211.51374149659864
212.06156462585034
212.5092517006803
212.8225170068027
213.18374149659866
213.66000000000003
214.10292517006803
214.48591836734695
214.87795918367348
215.3219047619048
215.7662585034014
216.164693877551
216.66170068027213
217.13530612244898
217.61646258503401
218.01748299319732
218.5425850340136
219.10156462585036
219.6514285714286
220.0800680272109
220.4805442176871
220.9574829931973
221.53448979591838
222.0509523809524
222.44115646258507
222.90768707482994
223.35673469387754
223.77122448979594
224.14074829931974
224.63353741496599
225.1200680272109
225.5903401360544
226.01707482993197
226.38789115646262
226.7687755102041
227.19523809523812
227.68115646258505
228.09414965986394
228.48904761904762
228.87
229.34442176870746
229.7857142857143
230.18666666666667
230.54870748299322
230.9644217687075
231.34659863945578
231.68578231292517
232.06761904761908
232.45646258503402
232.81931972789118
233.09707482993196
233.38877551020408
233.6974829931973
234.04408163265308
234.3685714285714
234.6187755102041
234.9073469387755
235.18380952380951
235.40108843537416
235.52768707482994
235.68326530612245
235.8705442176871
236.06884353741498
236.23319727891155
236.3874829931973
236.49836734693878
236.62462585034015
236.75734693877553
236.8892517006803
236.96809523809526
237.0461224489796
237.0987074829932
237.094693877551
237.1017006802721
237.193537414966
237.24639455782315
237.24789115646257
237.2131292517007
237.18598639455786
237.17721088435377
237.16945578231292
237.09585034013605
236.98442176870748
236.87571428571428
236.7542857142857
236.5956462585034
236.46850340136055
236.3717006802721
236.25646258503403
236.09829931972791
235.88469387755103
235.6457142857143
235.42244897959185
235.26721088435374
235.0421088435374
234.81380952380954
234.60598639455782
234.3905442176871
234.09551020408165
233.82972789115647
233.54428571428573
233.26204081632656
232.98761904761906
232.77251700680273
232.5187074829932
232.23034013605442
231.92517006802723
231.66108843537415
231.34632653061226
230.963537414966
230.60414965986394
230.29469387755103
229.9795238095238
229.64727891156463
229.39931972789117
229.165306122449
228.7874149659864
228.36312925170068
227.96802721088437
227.65306122448982
227.31210884353743
227.02482993197282
226.6753741496599
226.3057142857143
225.95265306122448
225.65680272108844
225.3744217687075
225.08571428571426
224.73394557823127
224.36891156462588
224.0710204081633
223.8269387755102
223.52414965986395
223.191768707483
222.90931972789116
222.67210884353744
222.39598639455784
222.12911564625853
221.91210884353742
221.70795918367344
221.45142857142858
221.21952380952382
221.05115646258503
220.89258503401362
220.73034013605442
220.5360544217687
220.40442176870752
220.2595918367347
220.09013605442175
219.9178231292517
219.8282993197279
219.69625850340134
219.50265306122452
219.45979591836732
219.43197278911566
219.36326530612243
219.26027210884354
219.2808163265306
219.3005442176871
219.2427210884354
219.13727891156464
219.1077551020408
219.1513605442177
219.163537414966
219.17034013605442
219.21292517006805
219.22197278911568
219.1939455782313
219.13285714285715
219.1095238095238
219.12850340136055
219.1509523809524
219.15938775510205
219.18231292517007
219.21462585034013
219.2278231292517
219.23612244897961
219.2121768707483
219.23972789115646
219.2391836734694
219.252925170068
219.2548299319728
219.30768707482994
219.28054421768707
219.25687074829935
219.25557823129253
219.30374149659863
219.35020408163265
219.30231292517007
219.21326530612245
219.1708163265306
219.19585034013605
219.24938775510205
219.28210884353743
219.25156462585034
219.20462585034014
219.21312925170068
219.258231292517
219.19659863945577
219.09544217687076
219.00496598639455
219.02544217687077
219.08285714285716
219.11591836734695
219.07333333333332
218.9900680272109
218.98476190476188
219.02755102040817
219.07292517006806
218.99911564625853
218.87816326530614
218.80931972789116
218.82897959183674
218.8265986394558
218.77850340136055
218.797074829932
218.82183673469393
218.82367346938776
218.79380952380953
218.7872789115646
218.77761904761905
218.72489795918366
218.63911564625852
218.5931292517007
218.6055782312925
218.6178231292517
218.6409523809524
218.653537414966
218.59673469387758
218.55469387755102
218.56
218.5207482993197
218.46414965986395
218.45414965986393
218.42591836734695
218.3538775510204
218.29156462585036
218.27346938775509
218.181768707483
218.09292517006804
218.05544217687077
218.00551020408165
217.89156462585035
217.75591836734694
217.70945578231294
217.6452380952381
217.62544217687073
217.57938775510203
217.50163265306122
217.38231292517005
217.33455782312927
217.35687074829931
217.2957142857143
217.0925850340136
216.94625850340134
216.93673469387755
216.9500680272109
216.90197278911563
216.84775510204082
216.75863945578232
216.64122448979592
216.57537414965986
216.54319727891155
216.47061224489795
216.34918367346938
216.27551020408163
216.23299319727892
216.15897959183673
216.04877551020408
215.9714285714286
215.95489795918368
215.86850340136056
215.6686394557823
215.4708843537415
215.38013605442177
215.35374149659864
215.2221768707483
215.01802721088436
214.90646258503403
214.86612244897958
214.75047619047618
214.55530612244902
214.44755102040818
214.3704081632653
214.2727210884354
214.16897959183672
214.02068027210885
213.85931972789115
213.66136054421767
213.47408163265305
213.28544217687076
213.15891156462584
213.02108843537417
212.83687074829933
212.63979591836735
212.5104761904762
212.398231292517
212.20034013605442
211.98217687074828
211.8208843537415
211.63585034013607
211.428231292517
211.21367346938774
211.1034693877551
210.97149659863945
210.84795918367345
210.6604761904762
210.42782312925172
210.1425170068027
209.83238095238096
209.6281632653061
209.45231292517008
209.19122448979593
208.8415646258503
208.58700680272108
208.38272108843537
208.058843537415
207.74850340136055
207.52517006802725
207.33850340136055
207.02197278911564
206.71408163265306
206.41993197278913
206.22197278911565
205.99013605442178
205.78809523809525
205.49639455782315
205.21809523809523
204.8760544217687
204.55755102040814
204.22530612244896
203.97000000000003
203.7166666666667
203.47061224489795
203.21387755102043
202.90387755102043
202.54088435374152
202.22727891156464
201.99027210884356
201.6578231292517
201.25183673469388
200.89897959183673
200.62333333333333
200.31176870748303
199.99496598639456
199.68653061224492
199.35285714285715
198.9596598639456
198.64428571428573
198.36904761904762
198.10816326530613
197.81782312925168
197.52448979591838
197.18959183673468
196.818231292517
196.50272108843538
196.20306122448977
195.88959183673467
195.55904761904765
195.24326530612242
194.90020408163264
194.572925170068
194.241768707483
193.91877551020409
193.57285714285717
193.22993197278913
192.8504081632653
192.54149659863944
192.24755102040817
191.92455782312925
191.60482993197277
191.35857142857142
191.04945578231292
190.65646258503406
190.35027210884354
190.07768707482995
189.74666666666667
189.29380952380956
188.8787074829932
188.4591156462585
188.10721088435375
187.73714285714286
187.40585034013606
187.06210884353743
186.74149659863946
186.3465986394558
185.97061224489795
185.59340136054422
185.2008843537415
184.84884353741498
184.58591836734695
184.25537414965987
183.89346938775512
183.57952380952383
183.2578231292517
182.78115646258505
182.29891156462588
181.83401360544218
181.4394557823129
181.0887074829932
180.72047619047618
180.21870748299318
179.77020408163264
179.41795918367347
179.05904761904762
178.5878911564626
178.1665986394558
177.84306122448982
177.49190476190478
177.0239455782313
176.56707482993198
176.21925170068027
175.82557823129252
175.45721088435374
175.07421768707485
174.6887755102041
174.21571428571428
173.81380952380954
173.38027210884354
172.96891156462587
172.55224489795918
172.13034013605443
171.75217687074831
171.32231292517008
170.88544217687075
170.49217687074832
170.19850340136057
169.7704081632653
169.31714285714284
168.92591836734692
168.53931972789115
168.104149659864
167.69503401360544
167.2747619047619
166.83081632653062
166.3973469387755
166.08401360544218
165.70707482993197
165.35598639455782
164.96714285714285
164.65027210884352
164.27285714285713
163.90401360544217
163.49326530612245
163.1369387755102
162.803537414966
162.57659863945577
162.2878231292517
161.89843537414964
161.39857142857142
161.06027210884355
160.7307482993197
160.32292517006806
159.88857142857142
159.55360544217686
159.28027210884352
158.92149659863944
158.59959183673467
158.25891156462583
157.84551020408162
157.44020408163266
157.21714285714285
156.87870748299318
156.53768707482993
156.2156462585034
155.97775510204082
155.53278911564627
155.23340136054424
155.00061224489798
154.69340136054421
154.32537414965986
153.9440136054422
153.69775510204084
153.42931972789114
153.06755102040816
152.62714285714287
152.25306122448978
151.94938775510204
151.59360544217685
151.31163265306122
151.01231292517005
150.741768707483
150.441768707483
150.20176870748298
149.9152380952381
149.68435374149658
149.38938775510206
149.10768707482993
148.8144217687075
148.5542176870748
148.26081632653057
148.0251700680272
147.7213605442177
147.4008843537415
147.01578231292518
146.70210884353742
146.33721088435374
146.0577551020408
145.7957142857143
145.50476190476192
145.13115646258507
144.78068027210884
144.61646258503404
144.50013605442177
144.39462585034016
144.11870748299322
143.77782312925171
143.398231292517
143.2555782312925
143.11231292517004
142.8881632653061
142.57
142.28054421768707
142.07721088435375
141.91408163265305
141.7265306122449
141.35231292517005
141.01802721088438
140.7318367346939
140.5657142857143
140.3217006802721
140.0051700680272
139.63353741496599
139.31272108843535
139.10904761904763
138.86870748299322
138.54591836734693
138.20721088435374
137.9694557823129
137.77578231292517
137.4859863945578
137.24727891156462
136.93632653061223
136.66687074829932
136.3548979591837
136.1876870748299
135.84190476190474
135.47551020408164
135.15836734693877
135.06020408163266
134.78829931972788
134.36700680272108
133.9942857142857
133.82530612244898
133.71673469387758
133.56299319727893
133.2938095238095
132.9536054421769
132.5774149659864
132.23734693877552
131.96027210884353
131.84857142857143
131.61251700680273
131.28659863945578
130.9300680272109
130.68333333333334
130.48517006802723
130.40911564625853
130.19911564625852
129.95700680272108
129.71551020408162
129.5578231292517
129.28857142857143
129.05496598639456
128.95489795918368
128.9452380952381
128.82278911564626
128.54945578231292
128.2882993197279
127.95639455782313
127.58578231292518
127.37108843537416
127.26061224489797
127.12163265306123
126.87183673469389
126.68918367346939
126.51142857142858
126.35619047619049
126.11183673469388
125.92421768707484
125.69238095238096
125.5160544217687
125.31782312925172
125.25646258503403
125.21122448979591
125.12605442176869
124.88850340136054
124.63183673469389
124.47741496598638
124.41278911564626
124.34408163265307
124.28156462585035
124.24156462585034
124.09823129251701
123.89891156462585
123.78299319727891
123.69666666666666
123.66000000000001
123.57442176870748
123.60938775510203
123.44428571428573
123.27646258503401
123.07020408163267
122.99782312925171
122.8156462585034
122.76278911564626
122.8395918367347
122.80646258503403
122.67904761904762
122.65394557823129
122.68523809523809
122.58673469387755
122.49414965986395
122.49258503401362
122.46210884353742
122.32904761904763
122.07782312925171
121.98006802721089
121.94428571428573
122.09156462585035
122.07333333333332
121.99455782312924
121.85632653061225
121.85129251700681
121.90414965986395
121.91809523809525
121.84673469387758
121.73891156462587
121.83306122448981
121.86598639455782
121.95537414965986
122.01244897959185
122.11748299319729
122.13
122.24108843537415
122.33020408163266
122.27863945578231
122.13537414965987
122.10884353741497
122.15190476190476
122.17714285714287
122.25448979591837
122.55333333333334
122.71598639455782
122.81081632653061
122.908231292517
122.98285714285716
122.92517006802723
123.0134693877551
123.2286394557823
123.28469387755104
123.25530612244899
123.24408163265306
123.28401360544217
123.36884353741499
123.57190476190476
123.85115646258504
124.03999999999999
124.17986394557823
124.34836734693877
124.60707482993197
124.82632653061225
125.02972789115645
125.2443537414966
125.54074829931974
125.83122448979593
126.01442176870749
126.10197278911564
126.4039455782313
126.80639455782314
127.1943537414966
127.57530612244899
127.95136054421769
128.16272108843538
128.37285714285713
128.7499319727891
129.1373469387755
129.51557823129252
130.00503401360544
130.46013605442175
130.8174829931973
131.1591156462585
131.60891156462583
131.9951700680272
132.3965306122449
132.9119047619048
133.4073469387755
133.82714285714286
134.23047619047617
134.73768707482992
135.21925170068027
135.68904761904764
136.1147619047619
136.6125170068027
137.15197278911566
137.6948299319728
138.16510204081635
138.56775510204082
139.0038095238095
139.47476190476192
140.09054421768707
140.5929931972789
141.00761904761904
141.4038095238095
141.92319727891157
142.46374149659863
142.96
143.45809523809524
143.921768707483
144.3274829931973
144.7704761904762
145.17387755102044
145.5844217687075
145.95020408163265
146.44149659863947
146.89809523809527
147.38768707482996
147.8417006802721
148.26081632653063
148.5403401360544
148.77401360544218
149.0521088435374
149.47850340136054
149.86074829931974
150.21761904761905
150.6077551020408
151.0159863945578
151.28687074829935
151.6025850340136
151.92319727891157
152.13687074829934
152.2283673469388
152.4965306122449
152.84938775510204
153.26428571428573
153.535306122449
153.72938775510204
153.85931972789118
154.03251700680272
154.1995238095238
154.41632653061225
154.66027210884354
155.0117006802721
155.30448979591836
155.55551020408166
155.7231292517007
155.87496598639459
155.95680272108845
156.11523809523808
156.25945578231293
156.39074829931974
156.55612244897958
156.7704081632653
156.93204081632652
157.15918367346939
157.38959183673467
157.553537414966
157.68993197278914
157.80326530612246
157.8262585034014
157.8625170068027
157.96380952380952
158.12149659863945
158.19204081632654
158.24455782312924
158.27244897959184
158.35408163265305
158.35768707482993
158.4085714285714
158.42544217687077
158.36285714285714
158.18986394557825
158.15809523809526
158.18931972789113
158.1243537414966
157.9751700680272
157.87374149659865
157.81911564625852
157.73034013605445
157.57714285714286
157.37503401360544
157.11408163265304
156.87448979591838
156.75027210884355
156.683537414966
156.4668027210884
156.10741496598638
155.80993197278912
155.4819047619048
155.23918367346937
155.0017006802721
154.8274829931973
154.46687074829933
154.07326530612244
153.63278911564626
153.34795918367348
152.95020408163265
152.42319727891157
151.9878231292517
151.7591836734694
151.4231292517007
150.9800680272109
150.60265306122446
150.29979591836735
149.91632653061225
149.56034013605444
149.18517006802722
148.81054421768707
148.32700680272112
147.89210884353741
147.46693877551024
147.03646258503403
146.55489795918368
146.1630612244898
145.88251700680271
145.62108843537416
145.23380952380953
144.70238095238096
144.11278911564625
143.6386394557823
143.32333333333335
143.13693877551023
142.8642857142857
142.56115646258505
142.10809523809525
141.5960544217687
141.12952380952382
141.01931972789117
140.80156462585035
140.43455782312924
139.94782312925167
139.72517006802718
139.519387755102
139.2900680272109
138.86360544217686
138.52231292517007
138.2221768707483
137.96877551020407
137.69748299319727
137.54904761904766
137.2618367346939
136.88993197278913
136.55387755102043
136.3334013605442
135.85503401360546
135.4143537414966
135.12537414965985
134.93802721088434
134.55863945578233
134.24959183673468
134.04108843537415
133.85462585034014
133.57238095238097
133.21367346938777
132.95809523809527
132.7582993197279
132.50938775510204
132.2674829931973
132.0991836734694
131.88965986394558
131.58510204081634
131.43768707482997
131.40272108843538
131.26442176870748
130.97809523809522
130.7725170068027
130.70938775510206
130.63272108843537
130.4890476190476
130.26496598639457
130.21693877551022
130.13448979591837
130.05768707482994
129.86632653061224
129.71510204081633
129.48462585034014
129.36285714285717
129.25931972789115
129.03619047619048
128.8421088435374
128.85795918367347
128.94945578231292
128.9499319727891
128.80469387755102
128.74374149659866
128.8274829931973
128.92408163265304
128.8239455782313
128.72632653061225
128.6531292517007
128.5957823129252
128.5468707482993
128.57646258503402
128.6274829931973
128.64680272108842
128.68102040816325
128.71197278911566
128.74503401360545
128.7395918367347
128.69632653061225
128.6078231292517
128.5987074829932
128.6808843537415
128.8368707482993
128.82911564625851
128.7836054421769
128.75278911564627
128.8374149659864
128.96557823129254
129.0161224489796
129.1130612244898
129.1503401360544
129.2444217687075
129.35768707482993
129.54945578231292
129.724693877551
129.94938775510207
130.14278911564628
130.1380272108844
130.1009523809524
130.30380952380955
130.62278911564627
130.801768707483
130.95367346938775
131.07442176870748
131.16578231292516
131.2761224489796
131.48020408163268
131.65210884353743
131.73224489795916
131.74897959183673
131.74619047619046
131.8065306122449
131.91857142857145
132.0273469387755
132.09938775510204
132.2359863945578
132.34204081632654
132.488843537415
132.56204081632654
132.6878911564626
132.69462585034012
132.795306122449
132.93360544217688
133.12217687074832
133.21945578231293
133.32639455782314
133.50292517006804
133.7321768707483
133.91632653061225
134.09598639455783
134.34408163265306
134.6123129251701
134.8338775510204
135.12340136054422
135.26639455782313
135.38238095238097
135.61149659863946
135.93013605442178
136.11721088435377
136.2304761904762
136.4287755102041
136.54197278911565
136.64850340136056
136.7465306122449
136.88544217687075
136.9186394557823
136.95013605442176
136.98374149659867
137.07843537414968
137.25034013605446
137.5170068027211
137.60034013605443
137.6521768707483
137.75251700680275
138.00027210884355
138.2665306122449
138.52455782312927
138.66074829931972
138.77809523809523
138.9486394557823
139.11605442176872
139.21707482993196
139.36585034013606
139.5521768707483
139.73768707482992
139.95210884353742
140.19537414965987
140.431768707483
140.6021768707483
140.90925170068027
141.19408163265305
141.46646258503404
141.62034013605444
141.8147619047619
141.95755102040818
142.26551020408164
142.60673469387754
142.99850340136055
143.2970068027211
143.7312925170068
144.07972789115647
144.55115646258503
145.01768707482992
145.48863945578233
145.84040816326532
146.26578231292518
146.71278911564625
147.24326530612245
147.85632653061225
148.51544217687075
149.06482993197278
149.68591836734691
150.31904761904764
151.0390476190476
151.80204081632652
152.79027210884354
153.82938775510203
154.7627210884354
155.58918367346936
156.6591156462585
157.85993197278913
159.03714285714284
160.07292517006803
161.1512925170068
162.20061224489797
163.2831972789116
164.19836734693877
165.01891156462585
165.934693877551
166.86244897959187
167.4708163265306
167.90931972789116
168.42965986394557
168.9556462585034
169.21850340136052
169.35387755102042
169.47129251700682
169.71884353741495
169.98054421768708
170.23993197278912
170.5187074829932
170.7487755102041
170.92646258503402
171.1125170068027
171.33054421768708
171.70081632653063
172.09877551020406
172.56068027210887
172.89959183673471
173.32142857142858
173.68938775510205
174.08727891156462
174.47585034013605
174.86170068027212
175.16095238095238
175.3091156462585
175.4239455782313
175.54802721088436
175.6861224489796
175.74136054421768
175.81884353741498
175.81448979591838
175.8604081632653
176.16156462585036
176.57068027210886
176.7378231292517
176.68761904761905
176.63006802721088
176.68687074829933
176.56163265306122
176.20027210884356
175.60244897959183
175.1057142857143
174.51102040816326
173.81034013605444
172.95068027210885
171.86755102040814
170.45455782312925
168.83489795918365
167.0408163265306
165.25707482993198
163.51727891156463
161.78571428571428
159.69891156462586
157.33061224489796
154.70027210884354
152.2039455782313
149.68680272108844
147.3595918367347
145.24965986394557
143.47782312925168
141.62714285714287
139.73537414965986
137.85414965986394
136.18258503401358
134.46251700680273
132.92598639455784
131.58020408163264
130.40054421768707
129.13687074829932
127.81489795918367
126.47775510204082
125.00802721088435
123.5752380952381
122.0261224489796
120.19108843537416
118.36646258503401
116.79122448979592
115.39639455782313
113.85707482993197
112.20809523809524
110.63795918367347
109.36571428571429
108.50544217687076
107.82238095238094
107.00442176870749
105.96210884353741
104.61707482993197
103.23448979591838
101.6468707482993
99.80115646258503
97.54027210884354
95.43557823129252
93.41965986394557
91.54006802721082
89.73938775510197
