89.31714285714288
89.75047619047618
89.63380952380953
89.49333333333334
89.46244897959184
89.0421768707483
88.65782312925171
88.96115646258502
88.95557823129252
88.6334693877551
88.11374149659864
87.91857142857143
87.94809523809525
88.09904761904761
87.88959183673471
87.3525850340136
87.06142857142856
87.18149659863946
87.29414965986393
87.37707482993198
87.35210884353742
87.04748299319728
86.55115646258504
86.15346938775511
86.30965986394558
86.41857142857143
86.18952380952382
86.02469387755104
86.06414965986394
86.25625850340137
86.28585034013605
86.28190476190477
86.36891156462585
86.04469387755103
85.68
85.45469387755101
85.4078911564626
85.61734693877551
85.58414965986395
85.55571428571429
85.39884353741496
85.88625850340136
86.09591836734695
86.34455782312926
86.44993197278913
86.31353741496599
85.97006802721089
85.9391156462585
86.0856462585034
86.35829931972789
86.45680272108844
86.45346938775509
86.36462585034013
86.46557823129251
86.72068027210885
86.61272108843538
86.45020408163265
86.4787074829932
86.74503401360545
86.45938775510206
86.26210884353742
86.4057142857143
86.56013605442178
86.49469387755101
86.68197278911566
86.87108843537415
87.031768707483
86.92952380952381
86.87646258503402
87.01428571428572
87.23775510204081
87.04904761904763
86.84129251700682
87.02272108843538
86.87258503401361
86.63210884353742
86.34238095238096
86.57721088435375
86.4665306122449
86.46619047619048
86.04190476190476
85.98795918367347
85.87061224489796
86.15170068027211
85.7265306122449
85.90857142857143
86.02414965986395
86.20843537414967
85.93571428571428
85.88469387755103
85.85714285714286
85.62272108843537
85.76244897959184
85.66564625850341
85.71360544217687
85.4708843537415
85.18231292517007
84.85979591836735
84.96115646258502
85.08054421768708
85.06136054421769
84.85945578231292
84.86367346938775
84.88333333333334
85.0339455782313
84.67727891156463
85.01564625850341
85.18292517006802
85.52013605442177
85.51571428571428
86.2212925170068
86.16591836734693
86.37482993197278
86.82068027210886
87.36557823129252
87.63074829931973
87.95721088435374
87.9165986394558
87.68197278911565
87.90061224489797
88.26911564625851
88.17095238095239
88.30421768707484
88.5034693877551
88.87006802721089
89.1322448979592
89.52619047619048
89.71795918367349
89.87360544217687
90.08925170068026
90.1065986394558
90.43136054421768
90.86843537414967
91.08081632653061
91.26428571428572
91.53421768707483
92.07408163265308
92.6087074829932
93.27829931972789
93.64544217687074
93.78625850340137
94.1121768707483
94.26585034013605
94.77006802721088
95.26646258503402
95.94319727891157
96.07278911564626
96.27918367346939
96.53489795918368
96.91333333333334
97.53714285714287
97.9352380952381
98.28551020408165
98.4995918367347
99.23408163265307
99.63965986394558
99.91068027210885
100.08238095238096
100.91979591836736
101.4904081632653
102.13986394557823
102.5748299319728
103.48380952380954
103.81802721088437
104.46673469387756
104.88823129251699
105.86666666666667
106.78673469387755
107.71510204081632
108.08156462585035
108.76551020408164
109.77938775510204
110.8156462585034
111.43231292517008
111.84544217687076
112.45503401360546
113.31319727891157
114.25333333333334
114.98006802721089
115.65013605442178
116.76544217687075
118.16102040816328
119.94544217687076
121.86700680272111
123.89367346938775
125.2087074829932
126.67598639455782
128.33204081632653
130.68925170068027
132.83224489795919
135.1008163265306
137.1534013605442
139.42020408163268
141.436462585034
143.6327891156463
145.7261224489796
147.99979591836734
150.0396598639456
152.17272108843537
153.99401360544218
156.058843537415
157.99102040816328
159.95360544217687
161.84857142857143
163.82863945578234
165.83768707482994
167.72129251700682
169.54047619047617
171.20775510204084
173.08102040816325
174.90183673469386
176.70333333333332
178.37462585034012
179.76537414965986
181.0591836734694
182.58156462585032
184.3247619047619
185.7491836734694
186.93591836734694
188.0780272108844
189.3823129251701
190.36761904761906
191.37115646258505
192.11455782312927
193.07380952380953
193.8205442176871
194.67210884353742
195.18755102040816
195.81272108843538
196.52122448979594
196.9851700680272
197.39122448979592
197.92585034013607
198.4000680272109
198.51238095238094
198.6665306122449
199.0148299319728
199.24802721088435
199.37401360544217
199.44374149659865
199.5951020408163
199.62278911564627
199.55340136054423
199.4361224489796
199.32904761904763
199.0830612244898
198.721768707483
198.43013605442178
198.18156462585034
197.70850340136056
197.17802721088438
196.47619047619048
195.89591836734695
195.20380952380953
194.75544217687076
194.17591836734695
193.49319727891157
192.7495238095238
191.88353741496599
191.12843537414966
190.0391156462585
188.9865986394558
187.84714285714284
186.95598639455784
185.93027210884355
184.85721088435372
183.63680272108843
182.19278911564626
180.9300680272109
179.81993197278913
178.83591836734692
177.68721088435373
176.90360544217685
175.90340136054422
174.66768707482993
173.51428571428573
172.35503401360546
171.22639455782314
170.32374149659864
169.738231292517
168.6951700680272
167.85850340136054
167.1427210884354
166.53823129251703
165.54700680272109
164.87197278911566
164.13666666666668
163.68163265306123
163.29074829931972
163.00972789115644
162.6908843537415
162.27285714285716
162.04897959183674
161.5844897959184
161.39938775510205
161.21054421768707
161.26557823129252
161.01768707482992
160.9639455782313
160.82
160.79102040816326
160.74727891156465
160.84455782312924
160.89142857142858
161.10666666666665
161.35816326530613
161.57108843537418
161.86775510204083
162.31761904761905
162.86265306122448
163.25319727891156
163.78721088435373
164.26326530612243
164.71462585034013
165.22272108843538
165.9068707482993
166.44394557823128
166.89625850340136
167.5582993197279
168.35721088435378
169.08020408163267
169.88897959183674
170.70244897959185
171.23122448979592
171.73727891156463
172.37013605442178
173.1378911564626
173.70931972789117
174.40047619047618
174.97850340136057
175.8016326530612
176.4256462585034
176.99448979591838
177.4330612244898
178.03285714285715
178.4618367346939
178.87156462585034
179.31136054421768
179.9165306122449
180.30292517006802
180.68401360544217
181.06496598639455
181.5918367346939
182.01857142857142
182.21748299319728
182.39999999999998
182.65238095238095
183.1848979591837
183.41761904761904
183.57367346938776
183.8756462585034
184.4321768707483
184.8282993197279
184.82809523809524
184.92591836734692
185.19170068027213
185.66367346938776
185.78503401360547
185.8343537414966
186.10197278911565
186.37510204081633
186.5392517006803
186.7147619047619
186.9734693877551
187.04904761904763
187.09462585034012
187.2339455782313
187.3447619047619
187.3678911564626
187.49734693877554
187.71238095238095
188.03775510204082
188.11346938775512
188.17734693877554
188.13551020408164
188.16387755102042
188.21537414965988
188.32734693877552
188.39632653061227
188.4831292517007
188.71020408163264
188.6109523809524
188.688231292517
188.80401360544215
189.04421768707482
188.82027210884354
188.96408163265306
188.9438095238095
189.1218367346939
188.98972789115646
188.91598639455782
188.7674829931973
188.8231292517007
188.86557823129252
188.73455782312928
188.71755102040817
188.7012244897959
188.71170068027212
188.52142857142857
188.34081632653061
188.2965986394558
188.37061224489798
188.30197278911567
188.1443537414966
188.1673469387755
188.0638095238095
187.9008843537415
187.86034013605442
188.00598639455785
187.8251700680272
187.48979591836735
187.2974149659864
187.19088435374152
187.1173469387755
186.75931972789118
186.71659863945578
186.69408163265308
186.52945578231294
186.13680272108843
186.0925850340136
186.1261904761905
185.91006802721088
185.747074829932
185.7099319727891
185.74836734693878
185.7610204081633
185.31285714285713
184.88074829931975
184.60299319727892
184.7505442176871
184.48299319727892
184.30959183673468
184.28639455782314
184.42755102040817
184.06319727891156
183.46510204081636
183.05666666666667
182.85156462585036
182.85292517006803
182.8274829931973
182.86734693877554
182.4839455782313
181.9795238095238
181.54959183673472
181.4074149659864
181.3330612244898
181.16755102040818
181.0565306122449
180.92714285714283
180.68945578231293
180.37244897959187
179.9840816326531
179.60197278911565
179.27340136054426
179.0934693877551
178.7395918367347
178.61462585034016
178.3734693877551
178.18244897959184
177.6822448979592
177.6917006802721
177.41374149659865
177.1608843537415
176.6117006802721
176.37816326530614
176.11394557823132
175.80612244897958
175.33102040816328
174.93510204081633
174.52258503401362
174.1969387755102
173.84183673469389
173.61163265306124
173.22374149659865
172.87897959183672
172.34727891156462
171.89190476190475
171.61367346938778
171.49047619047616
171.3256462585034
170.76897959183674
170.18190476190478
169.6416326530612
169.22163265306125
168.93510204081633
168.56333333333333
168.26714285714286
167.76721088435374
167.53510204081635
166.94734693877552
166.5574149659864
166.15537414965985
165.8357142857143
165.18428571428572
164.61108843537414
164.02639455782312
163.72680272108846
163.3743537414966
162.94217687074828
162.23496598639457
161.76006802721088
161.44884353741497
161.05972789115648
160.47904761904763
159.928843537415
159.5391156462585
159.1317006802721
158.51319727891158
157.79870748299322
157.00149659863945
156.3787755102041
155.96129251700683
155.49006802721087
154.9643537414966
154.67857142857144
154.08462585034013
153.48088435374152
152.67197278911564
151.96238095238095
151.3952380952381
151.3669387755102
150.79285714285714
149.8838095238095
149.42789115646258
149.03068027210884
148.1978231292517
147.4661224489796
146.96319727891157
146.5982993197279
145.9783673469388
145.12360544217688
144.30551020408163
143.9225170068027
143.54462585034014
142.77231292517007
141.88761904761907
141.1648299319728
140.68802721088434
140.15278911564627
139.32374149659864
138.6457142857143
138.16408163265305
137.7051700680272
137.04680272108843
136.34102040816327
135.77374149659863
134.90197278911563
134.21374149659863
133.31068027210887
132.54299319727892
131.38503401360543
131.02612244897958
130.76578231292518
130.38034013605443
129.29299319727892
128.57190476190476
127.89108843537416
127.44353741496599
127.00156462585034
126.62836734693877
125.83204081632653
125.0987074829932
124.37639455782313
123.80496598639458
123.16047619047617
122.56448979591838
121.92646258503402
121.21238095238095
120.4670068027211
119.6161224489796
119.21850340136054
118.73850340136055
118.16673469387757
117.36095238095237
116.7617006802721
115.90768707482992
115.24836734693879
114.6352380952381
114.17210884353742
113.42238095238096
112.81653061224489
112.24530612244898
111.63925170068026
110.94244897959184
110.43870748299318
109.90306122448979
109.40816326530611
108.69931972789117
108.14027210884353
107.23727891156464
106.72714285714287
106.15836734693879
105.97646258503401
105.34156462585035
104.70938775510206
103.92850340136056
103.36333333333333
102.69394557823128
102.311768707483
102.14591836734695
101.60693877551022
100.76421768707483
100.14714285714287
99.66979591836734
99.14095238095238
98.38394557823129
97.85816326530613
97.30482993197279
96.90904761904761
96.2738775510204
95.83435374149659
95.55945578231294
95.37945578231293
94.75850340136056
94.19666666666666
93.47571428571428
93.02904761904762
92.41891156462586
92.10510204081635
91.66462585034014
91.31068027210884
90.51401360544219
89.70687074829932
88.9508843537415
88.77027210884354
88.30727891156462
88.24714285714285
87.88231292517007
87.52408163265306
86.53482993197278
85.85897959183673
85.33727891156462
84.82952380952382
84.32931972789116
83.90557823129252
83.72598639455782
83.10843537414966
82.46034013605441
81.77034013605441
81.34925170068028
81.20013605442176
81.02897959183673
80.52469387755102
79.86598639455782
79.5729931972789
78.86911564625849
78.26530612244898
77.68897959183673
77.35965986394558
76.60700680272109
76.2465306122449
75.85748299319728
75.3756462585034
74.7713605442177
74.58578231292518
74.37006802721088
73.92530612244897
73.20761904761905
72.75551020408165
72.32625850340136
72.26027210884354
71.8369387755102
71.48823129251701
70.95503401360544
70.69517006802721
70.08074829931972
69.65605442176872
69.29074829931973
69.0082993197279
68.67612244897958
68.3712925170068
67.88074829931972
67.32972789115647
66.96537414965987
66.79931972789116
66.58
66.431768707483
66.0395918367347
65.43272108843539
65.03374149659864
64.85013605442177
64.57081632653062
64.26938775510204
64.19020408163266
63.95428571428572
63.68142857142857
63.312108843537416
62.77149659863946
62.34455782312925
61.72585034013606
61.7387074829932
61.484693877551024
61.160884353741494
60.47795918367347
60.575918367346944
60.364761904761906
59.956598639455784
59.84156462585034
59.87918367346939
59.569863945578234
59.4274149659864
59.08455782312926
58.76761904761904
58.31687074829932
58.080136054421764
57.40537414965986
57.14496598639456
57.28027210884354
57.529931972789115
57.360612244897965
57.14034013605442
56.66251700680272
56.31836734693878
56.02312925170068
55.99952380952382
55.669047619047625
55.618639455782315
55.688707482993195
55.74551020408163
55.41476190476191
55.02829931972789
54.8012925170068
54.60918367346938
54.37156462585034
54.056326530612246
54.12782312925171
54.207482993197274
53.90925170068027
53.75911564625851
53.47149659863946
53.23945578231293
52.97680272108844
53.004285714285714
52.61251700680272
52.3808843537415
52.425986394557825
52.09585034013605
52.01353741496598
51.876530612244906
51.72442176870749
51.52
51.569387755102035
51.215986394557824
50.96115646258504
50.938299319727896
50.96632653061225
50.88897959183674
51.019455782312924
50.73401360544217
50.489387755102044
50.44136054421769
50.89993197278912
50.83510204081633
50.44360544217687
49.92224489795919
49.919863945578236
50.04625850340137
49.99428571428571
49.51204081632653
49.38918367346939
49.31551020408164
49.19448979591837
48.82931972789116
49.13061224489796
48.99421768707482
48.871224489795914
48.96748299319728
49.07170068027211
48.84238095238096
48.593537414965986
48.79448979591837
48.51530612244898
48.50115646258504
48.31027210884354
48.232721088435376
48.252040816326534
48.491768707483
48.319591836734695
48.222653061224484
48.13612244897959
48.15380952380953
47.878027210884355
47.88204081632653
47.58619047619048
47.58020408163265
47.52979591836735
47.66544217687075
47.613673469387756
47.74666666666667
47.68326530612244
47.6552380952381
47.43965986394558
47.676530612244896
47.63775510204081
47.54897959183674
47.4947619047619
47.77170068027211
47.564625850340136
47.282925170068026
47.32251700680273
47.44632653061225
47.39639455782313
47.32428571428572
47.40857142857143
47.49204081632653
47.350476190476186
47.44721088435375
47.33959183673469
47.65122448979592
47.67605442176871
47.714285714285715
47.3252380952381
47.46986394557823
47.58258503401361
47.627210884353744
47.40496598639456
47.616734693877554
47.839387755102045
48.221768707482994
47.922040816326536
47.36210884353741
47.005170068027205
47.500408163265305
47.961700680272116
48.275986394557826
47.963469387755104
47.92265306122449
47.894829931972794
48.39476190476191
47.964557823129255
47.92605442176871
48.089115646258506
48.36959183673469
48.37503401360544
48.549455782312926
48.761088435374155
48.58714285714286
48.91020408163264
49.27653061224489
49.5834693877551
49.596870748299324
49.51952380952381
49.7908843537415
49.99170068027212
50.427210884353734
50.57836734693878
50.815170068027214
50.73428571428572
51.15632653061225
51.41482993197279
51.70115646258504
51.8108843537415
52.214013605442176
52.347755102040814
52.4252380952381
52.32877551020408
52.47965986394558
52.98244897959184
53.29142857142857
53.23156462585034
53.200272108843535
53.50081632653062
53.767346938775525
53.74020408163266
53.617210884353746
53.49768707482993
53.81319727891157
53.819251700680276
53.79897959183674
53.55122448979591
53.90401360544218
54.063469387755106
54.126938775510204
54.12272108843538
54.094897959183676
54.349591836734696
54.861428571428576
55.05380952380953
55.108163265306125
55.07408163265306
55.026870748299324
54.71993197278911
55.29965986394558
55.71251700680272
55.50578231292516
55.26122448979592
55.97183673469388
56.43285714285714
56.451292517006806
56.09829931972789
56.202380952380956
56.29278911564626
56.60061224489796
56.646190476190476
56.83687074829933
56.73156462585034
56.67938775510204
56.618707482993194
56.95789115646259
57.30414965986395
57.52476190476191
57.64380952380953
57.45278911564626
57.613673469387756
57.735170068027216
57.98210884353742
57.819863945578234
58.012585034013604
58.24469387755102
58.207687074829934
58.10877551020408
58.19625850340136
58.51714285714286
58.59401360544217
58.78292517006803
59.04802721088436
59.05496598639456
58.73251700680272
58.43265306122449
58.854285714285716
58.976666666666674
59.11374149659865
59.13292517006802
59.54523809523809
59.30517006802721
59.13319727891157
59.105374149659866
59.33027210884354
59.33414965986395
58.843265306122454
58.61931972789116
58.69183673469388
58.9456462585034
58.50414965986395
58.22496598639456
58.058571428571426
58.066802721088436
57.89537414965986
57.863401360544216
57.76435374149659
57.66965986394558
57.631904761904764
57.53666666666667
57.28585034013605
57.13551020408164
56.87421768707483
56.66210884353742
56.49537414965987
56.36938775510204
56.129863945578236
55.830272108843545
55.50142857142857
55.62380952380953
55.64306122448979
55.45333333333333
54.9104081632653
55.16925170068028
55.07387755102041
54.889251700680276
54.20122448979592
53.9921768707483
54.0108843537415
54.08857142857143
53.88414965986395
53.48721088435374
53.268843537414966
53.124693877551024
53.374965986394564
53.43578231292517
53.21945578231293
52.91714285714286
52.84149659863946
52.96809523809524
52.78408163265307
52.23496598639456
51.73278911564626
51.630204081632655
51.66904761904762
51.71551020408163
51.67156462585034
51.425646258503406
51.21401360544218
51.02925170068028
50.69802721088436
50.41571428571429
50.698843537414966
50.900340136054425
50.473333333333336
49.8425850340136
49.84013605442177
50.244557823129256
50.67108843537415
50.835102040816324
50.31068027210884
49.96224489795918
49.85755102040817
50.1061224489796
49.739387755102044
49.55809523809524
49.35748299319728
49.24074829931973
49.04816326530613
49.414693877551024
49.88387755102041
49.85360544217687
49.45435374149659
49.54394557823129
49.612312925170066
49.40156462585034
48.871836734693886
48.6365306122449
48.87897959183674
49.16129251700681
49.173537414965985
49.11517006802721
49.12380952380953
49.180408163265305
49.16727891156463
49.116190476190475
49.25639455782313
49.20625850340136
48.93829931972789
48.82965986394558
49.051700680272106
48.989863945578236
48.84877551020408
49.43034013605442
49.53258503401361
49.65510204081633
49.31727891156463
49.63258503401361
49.415238095238095
49.51632653061225
49.40074829931973
49.92863945578231
50.0865306122449
49.902244897959186
49.43408163265306
49.77972789115647
49.96380952380952
50.63217687074831
50.31884353741498
50.29095238095238
50.2839455782313
50.80265306122449
50.8161224489796
50.714829931972794
50.764693877551025
50.95034013605442
50.87312925170069
50.85863945578232
51.162244897959184
51.79517006802721
51.590612244897954
51.02530612244898
51.02836734693877
51.093877551020405
51.12401360544217
51.27346938775511
51.63047619047619
51.66374149659864
51.921496598639465
52.2421768707483
52.35979591836734
52.36578231292517
52.666666666666664
52.758979591836734
53.16122448979591
53.4074149659864
53.15380952380953
53.136802721088436
53.452448979591836
53.35333333333333
53.22761904761905
54.01972789115646
54.87156462585034
54.92585034013605
54.69761904761904
54.8456462585034
55.34285714285714
55.62020408163266
55.79605442176871
55.92238095238095
56.05918367346939
56.26455782312925
56.76013605442177
57.18088435374149
57.300068027210884
57.58387755102041
57.74401360544218
58.17013605442177
58.4125850340136
58.699115646258505
58.815986394557825
59.33585034013606
59.55843537414966
59.722040816326526
60.23448979591837
60.627142857142864
61.21183673469388
61.45673469387755
61.9674149659864
61.8474149659864
61.77945578231292
61.54911564625851
61.72585034013606
62.11102040816328
61.87489795918368
61.726462585034014
61.85448979591837
62.521768707483
62.63891156462586
62.73680272108844
63.02251700680273
63.27346938775511
63.3352380952381
63.472244897959186
64.07367346938776
64.36482993197279
64.5278231292517
64.68870748299321
65.02843537414967
65.16836734693877
65.22721088435374
65.47142857142858
66.12435374149659
66.84591836734694
67.20537414965986
67.0265306122449
67.27115646258503
67.92102040816326
68.15108843537413
68.21176870748299
68.62387755102041
69.23095238095239
69.89938775510203
70.42299319727891
71.02585034013606
71.0443537414966
71.46374149659864
71.86
72.65972789115646
73.07911564625849
73.68809523809524
74.42040816326531
75.39244897959185
76.0730612244898
77.06278911564627
78.31299319727891
79.26013605442176
79.86755102040817
80.23013605442176
81.01938775510204
81.54074829931973
82.29115646258504
82.70482993197278
83.57823129251702
84.6791836734694
85.70142857142858
86.5048299319728
87.48850340136056
88.66965986394558
89.9795918367347
91.2830612244898
92.51714285714287
93.68183673469387
95.2769387755102
96.73564625850338
98.54340136054421
100.25734693877553
102.22401360544218
103.54680272108843
105.60857142857142
107.72775510204082
110.29176870748299
112.37414965986395
114.71428571428572
116.95877551020409
119.36380952380954
121.52755102040817
123.61408163265307
125.03306122448978
126.42768707482992
127.80809523809523
129.3027210884354
130.29503401360546
131.55156462585035
132.6859863945578
133.77836734693878
134.35857142857145
134.67612244897958
135.09598639455783
135.96605442176872
136.86972789115646
137.55551020408166
138.14904761904762
138.55687074829933
139.04591836734693
139.3991156462585
139.89265306122448
140.73081632653063
141.45299319727891
141.76129251700678
142.08551020408166
143.07190476190476
143.84068027210884
144.3299319727891
144.66775510204081
145.35040816326529
145.92551020408163
146.51931972789114
146.90707482993196
147.20646258503405
147.4238775510204
147.7808843537415
147.9312925170068
147.83836734693875
147.93034013605444
147.89108843537417
147.79863945578234
147.6583673469388
147.4574829931973
147.18632653061223
146.48809523809524
146.1934693877551
145.574693877551
145.2195918367347
144.48823129251699
144.25455782312926
143.69102040816324
143.2912925170068
142.60503401360546
141.7458503401361
140.62517006802722
139.57727891156463
138.57510204081632
137.55551020408166
136.45829931972793
135.31340136054422
133.55408163265307
131.84673469387755
130.25408163265305
129.1812925170068
127.46149659863946
125.67959183673469
123.62836734693879
121.66809523809525
119.74149659863946
118.03238095238095
115.66952380952381
113.01721088435374
110.55455782312926
108.66748299319728
106.59034013605441
104.2808843537415
101.73564625850341
99.40891156462585
96.89265306122451
94.53680272108843
91.95163265306122
89.66326530612244
86.68993197278911
83.93938775510205
81.65687074829933
79.81829931972788
77.58945578231291
75.73197278911566
74.70333333333335
73.71190476190476
71.99204081632654
70.09925170068027
68.30578231292517
66.40863945578232
64.28863945578232
62.37197278911564
60.790680272108844
59.152789115646264
57.1752380952381
55.28238095238092
54.1335714285714
