88.85047619047623
88.64333333333333
88.25047619047619
87.8291836734694
87.91802721088436
87.84163265306123
87.6547619047619
87.5634693877551
87.60333333333334
87.56224489795919
87.17258503401362
87.23068027210884
87.01278911564626
86.81993197278912
86.23530612244897
86.33353741496599
86.34891156462585
86.56517006802721
86.33625850340137
86.51850340136055
86.02367346938775
85.71632653061225
85.25401360544218
85.72312925170067
85.58850340136054
85.61074829931974
85.14632653061226
85.15414965986395
84.98421768707482
85.36136054421769
85.29421768707483
85.17571428571429
84.7712925170068
84.73272108843537
84.41469387755102
84.7074149659864
84.79571428571428
84.89095238095238
84.56319727891157
84.94755102040817
85.09918367346941
85.5191156462585
85.3826530612245
85.44204081632654
85.20054421768708
85.06693877551021
84.84693877551021
85.11755102040817
85.24591836734695
85.6395918367347
85.63380952380952
85.59068027210884
85.40925170068029
85.5752380952381
85.27748299319728
85.0913605442177
85.16006802721088
85.41986394557824
85.38897959183674
85.52510204081634
85.4678231292517
85.5200680272109
85.67748299319729
85.7474149659864
85.67537414965987
85.48952380952382
85.71054421768707
85.9329931972789
86.04299319727892
85.81149659863948
85.49734693877552
85.5547619047619
85.6425850340136
85.74068027210885
85.75809523809524
85.8452380952381
85.60081632653062
85.64224489795919
85.81714285714287
85.73857142857145
85.44748299319727
85.53721088435375
85.67585034013605
85.54795918367347
85.40884353741497
85.36353741496599
85.5304761904762
85.40591836734694
85.1461224489796
85.12258503401361
85.07469387755103
84.99122448979593
84.69231292517007
84.80312925170068
84.5265306122449
84.45272108843538
84.24421768707482
84.28455782312926
84.21972789115648
84.096462585034
84.1873469387755
84.27585034013606
84.39108843537414
84.29482993197279
84.19877551020409
83.99802721088435
84.14632653061226
84.2651700680272
84.71646258503401
84.5408163265306
84.9021088435374
85.0052380952381
85.77496598639456
85.91517006802722
86.56843537414966
86.42795918367347
86.46537414965988
86.49843537414966
86.91632653061225
87.15074829931973
87.34442176870749
87.60380952380953
87.47877551020409
87.7357142857143
87.80136054421769
88.11775510204082
87.95938775510206
88.1382993197279
88.50836734693878
89.08707482993198
89.23795918367347
89.4487074829932
90.20530612244899
90.40074829931973
90.27231292517007
90.36517006802723
91.10761904761905
91.3369387755102
91.68170068027212
92.25673469387756
92.66557823129253
92.55482993197279
92.89183673469388
93.59680272108844
93.85578231292517
94.07986394557823
94.56605442176871
95.44115646258504
95.41374149659865
95.81326530612245
96.1482993197279
96.76027210884354
96.82557823129251
97.20816326530613
97.84897959183674
98.28721088435374
98.53639455782313
98.70306122448979
99.5422448979592
100.18
100.81068027210884
101.41374149659865
101.95251700680272
102.56401360544217
103.3638775510204
104.39544217687074
104.80496598639456
105.25721088435374
105.81149659863947
106.60646258503402
107.2712925170068
107.96646258503402
108.71455782312925
109.43884353741497
110.23503401360544
110.94972789115646
111.94721088435374
113.06408163265306
114.30993197278913
115.43374149659866
116.49952380952382
117.6329931972789
118.72156462585035
120.29741496598639
121.79326530612246
123.70115646258503
125.38326530612244
127.49877551020407
129.54632653061225
131.90074829931973
133.921768707483
135.87557823129254
137.7969387755102
140.14537414965986
142.46938775510205
144.51299319727892
146.31503401360544
148.51523809523812
150.88102040816327
153.12632653061223
155.1757142857143
157.18734693877553
158.94421768707483
160.77918367346942
162.6892517006803
164.79727891156466
166.51272108843537
168.1807482993197
169.845306122449
171.62666666666672
173.54401360544216
175.22986394557824
176.98340136054424
178.56544217687076
180.24190476190478
181.61108843537414
183.09863945578232
184.56578231292517
185.74571428571429
186.8495918367347
188.05299319727897
189.4074149659864
190.2719047619048
191.19530612244898
192.05795918367346
192.85639455782314
193.37897959183672
194.0561224489796
194.956462585034
195.65074829931973
196.07789115646258
196.4186394557823
197.15632653061226
197.6695238095238
197.9730612244898
197.9547619047619
198.21149659863943
198.56360544217688
198.87503401360544
198.82333333333332
198.79605442176873
198.87952380952382
198.87768707482994
198.76605442176873
198.6
198.20931972789117
197.90380952380954
197.5431292517007
197.36748299319726
196.76136054421767
196.1482993197279
195.4756462585034
195.28693877551018
194.65061224489796
193.92210884353742
192.94564625850342
192.31891156462586
191.54204081632653
190.7290476190476
189.86707482993197
189.05251700680273
187.99952380952385
186.65312925170068
185.41448979591837
184.31714285714287
183.23462585034014
182.12244897959184
181.05034013605442
179.97326530612247
178.8499319727891
177.75462585034015
176.59802721088434
175.47870748299317
174.20734693877552
173.02986394557823
172.03231292517006
171.28625850340137
170.40598639455783
169.431768707483
168.5369387755102
167.4600680272109
166.4108843537415
165.5961224489796
165.03020408163266
164.39863945578236
163.80625850340135
163.2444217687075
162.60931972789118
162.11612244897964
161.40183673469386
161.12265306122447
160.636462585034
160.4742857142857
160.02775510204083
160.0221768707483
159.78938775510204
159.62707482993198
159.38503401360546
159.36591836734695
159.39210884353741
159.50795918367345
159.50564625850342
159.7121768707483
160.0078911564626
160.30224489795918
160.44564625850342
160.62149659863945
160.92938775510206
161.19020408163266
161.41387755102042
161.7174149659864
162.39489795918368
162.9804761904762
163.48870748299322
164.07095238095238
164.73891156462585
165.184693877551
165.66469387755103
166.33925170068028
167.26326530612246
168.00496598639455
168.77156462585035
169.3825850340136
170.23707482993197
170.77326530612245
171.46108843537417
171.83442176870747
172.35850340136057
172.99238095238098
173.88761904761907
174.47006802721089
174.96183673469386
175.59714285714287
176.45877551020408
177.09000000000003
177.66176870748302
178.0336054421769
178.61238095238096
179.0390476190476
179.55176870748298
179.71551020408162
180.16006802721088
180.55068027210885
180.97802721088436
181.00136054421768
181.40183673469386
181.81571428571428
182.43836734693878
182.61387755102044
182.92238095238093
183.20734693877552
183.57156462585033
183.73034013605442
183.92870748299322
184.33136054421772
184.48489795918368
184.7686394557823
184.95625850340136
185.1282993197279
185.15863945578235
185.47537414965984
185.71013605442178
185.8957142857143
186.03333333333336
186.09170068027214
186.16979591836736
186.39605442176872
186.55510204081634
186.62768707482994
187.00326530612244
187.383537414966
187.4821768707483
187.36183673469387
187.41952380952384
187.48816326530613
187.59884353741498
187.7114285714286
187.88537414965987
187.94891156462586
188.1042857142857
188.15993197278914
188.16931972789115
188.03564625850345
188.19823129251702
188.34809523809525
188.44374149659865
188.5495238095238
188.64537414965986
188.4908163265306
188.25952380952384
188.22462585034015
188.16285714285715
188.0340136054422
188.0721768707483
187.9725850340136
187.84074829931973
187.6191836734694
187.72632653061225
187.82857142857145
188.0300680272109
187.9342857142857
187.84251700680272
187.68285714285713
187.48244897959185
187.4340136054422
187.39408163265307
187.40204081632655
187.24659863945578
187.0113605442177
186.90986394557825
186.92551020408163
186.85387755102042
186.5821088435374
186.47564625850342
186.40197278911563
186.30802721088435
186.18938775510205
185.95959183673472
185.72122448979593
185.62959183673468
185.58231292517007
185.29231292517005
185.12816326530614
185.03578231292516
184.95204081632653
184.5095238095238
184.45102040816326
184.4113605442177
184.34251700680272
183.9
183.7195918367347
183.42843537414967
183.4377551020408
183.2843537414966
183.13496598639455
182.80367346938777
182.6707482993197
182.45802721088438
182.08551020408163
181.79850340136056
181.8160544217687
181.84755102040816
181.58605442176872
181.15340136054422
180.83401360544218
180.55952380952382
180.3021768707483
180.0934693877551
179.92394557823133
179.67707482993197
179.4648299319728
179.17170068027212
179.0640136054422
178.56578231292517
178.45585034013607
178.30659863945579
178.3378231292517
177.78251700680272
177.34122448979593
176.9114285714286
176.8230612244898
176.62639455782312
176.4103401360544
176.01918367346937
175.62108843537413
175.13074829931975
174.6748979591837
174.43897959183673
174.20428571428573
173.84979591836733
173.25938775510204
172.95197278911567
172.76823129251702
172.59054421768707
172.0417006802721
171.7104081632653
171.338843537415
171.00809523809522
170.5326530612245
170.2587074829932
169.8934693877551
169.49816326530612
169.0961904761905
168.75680272108843
168.35020408163263
167.72061224489795
167.17292517006803
166.73993197278912
166.56068027210884
166.06925170068027
165.53823129251703
165.1147619047619
164.83925170068028
164.39952380952383
163.87734693877553
163.44503401360544
162.89877551020408
162.43605442176872
161.90448979591838
161.43326530612245
160.99156462585034
160.57537414965986
160.03850340136054
159.3891836734694
158.93013605442178
158.42231292517005
157.87741496598642
157.22401360544217
156.70795918367344
156.38319727891155
155.73714285714289
155.12367346938777
154.5268707482993
154.4352380952381
153.86367346938775
153.00931972789115
152.20857142857142
151.75931972789118
151.26666666666668
150.66551020408164
150.1413605442177
149.4492517006803
148.77891156462584
148.0268707482993
147.3851700680272
146.76068027210886
146.2674829931973
145.66027210884357
145.2848299319728
144.74972789115645
144.18367346938777
143.36632653061227
142.67639455782316
142.19503401360544
141.69013605442177
141.11537414965986
140.4117006802721
140.04503401360546
139.2221768707483
138.45231292517008
137.6138775510204
137.0925850340136
136.37986394557822
135.9055782312925
135.2255782312925
134.38027210884354
133.7421088435374
133.27843537414967
132.61673469387756
131.751768707483
131.0956462585034
130.44061224489798
129.74721088435373
129.16251700680272
128.4903401360544
127.9134693877551
127.16238095238094
126.32088435374149
125.5195918367347
125.07938775510203
124.56156462585034
123.85979591836735
123.11945578231293
122.44625850340137
122.06557823129252
121.67258503401362
121.02952380952382
120.27632653061225
119.59564625850341
118.75503401360544
117.9226530612245
117.32836734693878
116.79789115646258
116.44102040816327
115.87272108843538
115.09768707482993
114.12748299319728
113.48680272108842
112.78421768707483
112.43625850340136
112.1952380952381
111.67843537414967
110.69183673469388
109.86231292517007
109.27714285714286
108.82142857142857
108.36530612244898
107.85782312925171
107.07979591836735
106.28544217687075
105.74455782312924
105.17666666666668
104.51768707482992
103.86455782312926
103.21537414965987
103.06401360544217
102.72918367346938
102.14544217687074
101.18537414965986
101.11863945578231
100.64795918367346
99.96741496598639
99.21380952380952
98.75965986394559
98.01897959183674
97.41761904761906
96.8074829931973
96.34108843537416
95.85517006802722
95.72312925170068
95.06224489795919
94.55292517006804
94.02884353741497
93.65496598639457
93.14027210884353
92.51979591836735
92.02054421768707
91.42680272108845
91.14748299319729
90.61619047619048
90.05000000000001
89.43523809523809
88.9304081632653
88.3251700680272
87.88986394557824
87.53374149659864
87.06945578231291
86.60319727891158
86.22244897959185
85.76789115646258
84.90231292517007
84.471768707483
83.99904761904763
83.60442176870748
82.85578231292517
82.57006802721088
82.3956462585034
81.9165986394558
81.4830612244898
80.96571428571428
80.41340136054423
79.65047619047618
79.47816326530612
79.02585034013606
78.56204081632653
78.27448979591837
77.83
76.83136054421769
76.26578231292517
75.81721088435373
75.7474149659864
75.13197278911565
74.731768707483
74.00013605442177
73.82666666666668
73.31904761904762
72.9044217687075
72.46081632653062
72.29319727891156
71.87312925170068
71.25061224489795
70.49938775510205
70.56693877551021
70.20346938775512
69.94891156462586
69.3230612244898
69.02251700680272
68.30061224489796
68.22244897959183
68.04850340136055
67.54544217687075
67.00748299319729
66.86816326530612
66.61748299319729
66.3243537414966
66.02884353741497
65.63884353741497
65.01544217687075
64.63034013605443
64.1643537414966
63.94510204081633
63.85360544217687
63.578367346938784
62.97571428571429
62.716802721088435
62.39741496598639
62.0521768707483
61.59972789115646
61.5704761904762
61.23156462585034
60.96448979591837
60.58108843537415
60.44503401360545
60.159523809523805
60.01693877551021
59.84421768707483
59.65489795918368
59.05197278911565
58.87455782312925
58.80156462585034
58.522448979591836
58.157823129251696
58.04448979591837
58.08149659863946
57.378775510204086
56.83761904761906
56.229727891156465
56.30761904761905
56.4391156462585
56.55136054421769
56.340884353741494
55.93632653061224
55.5374149659864
55.43965986394557
55.365850340136056
55.279795918367356
55.04510204081633
55.05972789115647
54.765034013605444
54.58312925170068
54.318775510204084
54.24265306122449
54.042789115646265
53.8139455782313
53.718911564625856
53.65489795918367
53.49380952380953
53.2604761904762
52.87312925170068
52.5691836734694
52.03469387755102
51.983809523809526
51.71401360544218
51.74489795918368
51.34823129251701
51.36054421768708
51.138231292517
51.01122448979592
50.833401360544215
50.922721088435374
50.768367346938774
50.46680272108844
50.22571428571428
50.32823129251701
50.446938775510205
50.60149659863946
50.22775510204082
50.08401360544218
50.062448979591835
50.24530612244898
49.838095238095235
49.7804081632653
49.42755102040816
49.29265306122449
49.320476190476185
49.82387755102041
49.50578231292518
49.13374149659864
48.78496598639456
49.032653061224494
49.20367346938776
49.297551020408164
48.841972789115644
48.72047619047619
48.485578231292514
48.47857142857143
48.42006802721088
48.511700680272114
48.18775510204082
47.91040816326531
48.155850340136055
48.14360544217688
47.929319727891155
47.66102040816327
47.55755102040816
47.62353741496599
47.86659863945579
48.03918367346938
47.782108843537415
47.57380952380952
47.171768707483
46.94761904761905
47.01278911564627
47.178979591836736
47.13829931972789
46.80013605442177
47.14802721088435
47.49
47.70204081632653
47.207687074829934
47.338095238095235
47.04326530612245
46.83619047619047
47.00299319727892
47.18530612244898
46.798367346938775
46.88027210884354
47.27605442176872
47.2708843537415
46.82292517006803
46.69625850340137
46.69428571428571
46.80149659863946
46.888775510204084
47.007551020408165
46.9652380952381
47.038911564625856
46.72455782312925
46.65102040816327
46.6956462585034
46.86312925170068
46.933401360544224
47.01210884353742
47.34027210884354
47.159795918367344
47.225238095238105
46.90414965986395
47.092176870748304
47.074489795918375
47.270476190476195
47.015578231292515
47.277619047619055
47.34639455782313
47.459591836734695
47.31163265306124
47.19482993197279
47.11374149659864
47.11931972789116
47.11591836734694
47.211020408163265
47.34700680272109
47.82231292517007
47.97836734693877
48.13673469387755
48.12312925170068
48.11931972789116
48.069115646258496
48.16571428571429
48.56074829931973
48.57557823129252
48.76632653061225
48.6852380952381
48.680340136054426
48.57299319727891
49.29122448979592
49.751768707482995
49.873401360544214
49.87714285714286
50.23714285714286
50.3730612244898
50.7278231292517
51.23285714285715
51.50163265306123
51.580884353741496
51.84571428571429
52.04421768707484
51.90299319727892
52.31646258503402
52.44136054421769
52.76544217687074
52.70414965986395
52.83925170068028
52.51931972789116
52.37353741496599
52.68040816326531
52.92666666666667
52.87489795918368
52.85503401360543
53.23455782312925
53.51775510204082
53.47823129251701
53.618299319727896
53.70210884353742
53.69108843537415
53.35639455782313
53.28380952380952
53.585578231292516
54.07333333333334
54.22244897959183
54.15741496598639
54.3187074829932
54.64836734693877
54.704149659863944
54.603537414965984
54.81122448979592
55.13836734693878
55.29850340136054
55.54931972789116
55.76102040816326
55.67170068027211
55.47591836734694
55.44394557823129
55.368707482993194
55.38136054421769
55.6808843537415
56.06557823129252
56.20612244897959
56.23646258503401
56.04380952380953
56.151972789115646
56.24448979591837
56.3287074829932
56.3212925170068
56.66986394557823
56.539251700680275
56.67353741496599
56.90639455782313
57.353197278911566
57.15680272108844
57.40319727891157
57.62156462585034
57.667755102040815
57.553401360544214
57.39367346938776
57.667346938775516
57.83272108843538
57.879931972789116
57.94646258503401
58.032312925170075
58.28421768707483
58.18374149659864
58.5065306122449
58.42666666666667
58.544217687074834
58.38272108843538
58.33687074829932
58.09346938775511
58.1295238095238
58.179863945578234
58.322312925170074
58.061768707483
57.9778231292517
58.0325850340136
58.00755102040817
57.69095238095238
57.621972789115645
57.62727891156463
57.34312925170069
56.926802721088436
56.5878231292517
56.51986394557823
56.63530612244898
56.44877551020409
56.14707482993198
56.18952380952381
55.9187074829932
55.61571428571429
55.53367346938776
55.73591836734694
55.334149659863954
55.23721088435374
55.12925170068027
55.35108843537415
55.115034013605445
55.088095238095235
54.47904761904762
54.44755102040816
54.15224489795918
54.094149659863945
53.48040816326531
53.401224489795915
53.466802721088435
53.30816326530613
52.737482993197276
52.40299319727891
52.36374149659865
52.5082993197279
52.55115646258504
52.404489795918366
52.031768707482996
51.492176870748295
51.496802721088436
51.22319727891156
51.416394557823125
51.24986394557823
51.27482993197279
50.996802721088436
51.2839455782313
51.38340136054423
51.10557823129252
50.87081632653061
50.85122448979592
50.471224489795915
49.926258503401364
49.91102040816326
50.354557823129255
50.636258503401365
49.818503401360545
49.541156462585036
49.652244897959186
50.04455782312925
49.76687074829932
50.0352380952381
50.04489795918367
49.71285714285715
49.26428571428572
49.357142857142854
49.19197278911565
48.86238095238095
48.565442176870754
48.73258503401361
48.85816326530613
48.84102040816326
48.78068027210884
48.80843537414966
49.07251700680273
48.90292517006803
48.93625850340136
48.86489795918368
48.827346938775506
48.64857142857143
48.737482993197276
48.730272108843536
48.82551020408164
48.94748299319728
48.983605442176874
48.52965986394558
48.30591836734694
48.2469387755102
48.9434693877551
48.7452380952381
48.521632653061225
48.229795918367344
48.92115646258504
48.786802721088435
49.00523809523809
48.911564625850346
48.83632653061224
48.605986394557824
48.689455782312926
48.97122448979592
48.7070068027211
48.53721088435375
48.69931972789115
48.98068027210884
49.046530612244894
48.88517006802721
49.24510204081633
49.44183673469387
49.37054421768708
49.340272108843536
49.510000000000005
49.6634693877551
49.759455782312926
49.7712925170068
49.88285714285714
49.81857142857143
49.94183673469388
50.05571428571429
50.2121768707483
50.25802721088435
50.36904761904762
50.768299319727895
50.82959183673469
50.662721088435376
50.87292517006803
50.82632653061225
50.98755102040816
50.58537414965987
50.77040816326531
50.80408163265306
51.084557823129245
51.22823129251701
51.52585034013605
51.98503401360544
52.11183673469388
52.03136054421769
52.33401360544218
52.535034013605454
52.89122448979592
52.63979591836735
52.98979591836735
52.74945578231292
53.15265306122449
53.721972789115654
53.846870748299324
53.43428571428572
53.58047619047619
54.1347619047619
54.23285714285714
54.496054421768704
54.9574149659864
55.19482993197279
55.191632653061234
55.34557823129252
55.721428571428575
55.947755102040816
56.268027210884355
56.694761904761904
57.02204081632653
57.047755102040824
57.220612244897964
57.95251700680272
58.37945578231293
58.71986394557823
58.822925170068025
59.23346938775511
59.307619047619056
59.73176870748299
59.95836734693877
60.28925170068027
60.26285714285714
60.62544217687075
60.7756462585034
60.79748299319728
60.772380952380956
60.81761904761905
60.92925170068027
60.92768707482993
61.536802721088435
61.82802721088435
61.85299319727891
61.99408163265306
62.340816326530614
62.34673469387755
62.14496598639456
62.63312925170069
62.98163265306123
63.35836734693877
63.86925170068027
64.23489795918368
64.20598639455784
64.4595238095238
64.76646258503402
64.94176870748299
65.21931972789116
65.85299319727892
66.21741496598639
66.38265306122449
66.36047619047619
66.63170068027212
67.18659863945578
67.76782312925171
68.3143537414966
68.63360544217687
69.21401360544218
69.65462585034012
70.0391836734694
69.97891156462586
69.98068027210886
70.76387755102041
71.62693877551021
72.6374829931973
72.9187074829932
73.88095238095238
74.35795918367347
75.50258503401362
76.25013605442177
77.37285714285714
77.94503401360544
78.93034013605443
79.67149659863946
80.3491156462585
80.78972789115646
81.35020408163265
82.17088435374151
82.78714285714287
83.43238095238095
84.25265306122449
85.52469387755102
86.54993197278912
87.8791156462585
89.12816326530611
90.51857142857143
91.65346938775511
93.09142857142858
94.48292517006803
95.8260544217687
97.60142857142857
99.4270068027211
101.22972789115647
102.55870748299321
104.67401360544218
106.9657142857143
109.50884353741498
111.35122448979592
113.68408163265306
115.9444217687075
118.34136054421771
120.10333333333332
122.07761904761904
123.83503401360545
125.74442176870748
127.33523809523811
128.5595238095238
129.39585034013606
130.43537414965988
131.46292517006802
132.54510204081635
133.38782312925167
133.91217687074828
134.25353741496602
134.96108843537417
135.92544217687075
136.55346938775511
136.91986394557821
137.1182993197279
137.38489795918366
137.8552380952381
138.57319727891158
139.6430612244898
139.98197278911562
140.45306122448983
140.56938775510204
141.45319727891155
142.12748299319728
142.9487755102041
143.42278911564625
144.01632653061222
144.50687074829932
144.95170068027213
145.19768707482993
145.47965986394559
145.62462585034015
146.05265306122448
146.4157823129252
146.98551020408166
146.98523809523812
146.56646258503403
146.16095238095238
145.9614285714286
145.6991836734694
145.52176870748298
145.25414965986397
144.86965986394557
144.09829931972791
143.71224489795918
143.24231292517007
142.6842857142857
141.8691836734694
141.44632653061225
141.0209523809524
140.4261224489796
139.60755102040818
138.27768707482994
137.03891156462583
135.97823129251702
135.1125850340136
133.55768707482991
132.2370068027211
130.72986394557824
129.49340136054423
127.76517006802723
126.26972789115646
124.45047619047618
122.72714285714287
120.64360544217688
118.78850340136056
116.4782993197279
114.13068027210886
111.77659863945578
109.86680272108843
107.75312925170068
105.35707482993197
102.73571428571428
100.26428571428572
98.22979591836733
96.07816326530613
93.63918367346939
91.13496598639456
88.59619047619049
86.13755102040815
83.68455782312924
81.79897959183674
79.59421768707483
77.11448979591837
74.43748299319728
73.21170068027209
72.15564625850341
71.11510204081632
69.12659863945578
67.84306122448979
65.93292517006803
64.19945578231292
62.0165306122449
60.293401360544216
58.31687074829932
56.704965986394555
55.26653061224485
53.96551020408157
