25.13520408163266
25.321088435374147
25.599319727891157
25.472244897959186
25.320476190476192
24.74557823129252
24.643537414965987
24.516530612244896
24.56612244897959
24.63482993197279
24.651972789115646
24.295238095238098
23.746938775510205
23.544829931972792
23.625986394557824
23.510952380952382
23.199251700680275
23.22795918367347
23.5230612244898
24.004285714285718
23.667006802721087
23.030408163265307
22.76503401360544
23.192993197278913
23.099931972789115
22.66843537414966
22.66496598639456
22.638503401360545
22.277414965986395
22.263605442176868
22.542653061224488
22.770340136054422
22.788775510204083
22.214897959183673
22.00292517006803
22.23687074829932
22.865374149659864
22.14190476190476
21.82061224489796
22.25027210884354
22.788775510204083
22.914013605442175
22.5134693877551
22.482176870748297
22.585714285714282
22.71857142857143
22.338979591836733
22.21074829931973
22.181428571428572
22.06108843537415
21.963265306122448
21.892108843537414
21.936598639455784
21.853197278911566
21.985986394557823
21.79047619047619
22.127959183673468
22.1865306122449
22.11700680272109
21.334285714285713
21.374149659863946
21.393061224489795
21.631156462585032
21.566870748299323
21.653673469387755
21.48340136054422
21.811564625850338
22.088299319727888
21.642721088435376
21.583673469387758
21.634693877551022
21.60585034013605
21.388027210884353
21.580952380952382
21.494897959183675
21.090748299319728
21.143809523809523
21.452448979591836
21.779931972789115
21.441020408163265
20.9374149659864
20.837687074829933
20.777959183673467
21.07523809523809
21.201428571428572
21.280816326530616
21.081428571428575
21.025442176870747
20.85374149659864
20.690068027210888
20.457687074829934
20.342517006802723
20.524285714285718
20.851496598639457
20.570680272108845
20.211768707482996
20.292721088435375
20.548639455782315
20.20455782312925
19.814625850340136
19.991768707482994
20.757346938775513
20.723469387755102
20.45095238095238
20.406802721088432
20.558027210884354
20.38748299319728
20.045782312925173
20.243673469387755
20.212585034013607
20.488775510204082
20.215714285714288
20.064285714285713
20.31721088435374
20.668027210884354
20.839795918367347
20.85278911564626
20.754761904761907
20.318639455782314
20.315510204081633
20.25768707482993
20.202108843537417
19.944013605442176
20.096326530612245
20.078231292517007
20.471904761904764
20.38265306122449
20.263401360544215
20.376326530612246
20.574557823129254
20.60775510204082
20.349115646258504
20.445374149659862
20.356326530612247
20.525510204081634
20.286326530612246
20.266326530612247
19.82360544217687
20.166462585034015
20.108775510204083
20.033197278911565
20.21108843537415
20.674421768707482
20.253061224489798
20.097687074829935
20.13102040816327
20.489115646258504
20.533197278911565
21.01544217687075
20.45952380952381
20.079183673469387
19.583129251700676
19.951836734693877
19.83278911564626
20.091836734693878
20.045374149659864
20.337891156462582
19.958367346938775
19.922108843537416
19.593945578231292
19.797278911564625
19.991020408163266
20.55020408163265
20.4743537414966
20.131700680272107
19.988571428571426
20.02326530612245
19.76102040816327
19.68823129251701
20.036870748299318
20.473877551020408
20.648503401360543
20.628503401360547
20.33360544217687
20.205850340136056
20.256122448979596
20.04761904761905
20.032653061224487
20.00904761904762
20.212925170068033
20.27979591836735
20.465986394557824
20.410884353741498
20.393809523809523
20.375374149659866
20.801428571428573
21.407414965986398
21.43204081632653
21.253265306122454
21.188843537414968
21.31387755102041
21.226394557823127
21.4669387755102
21.465170068027213
21.80374149659864
22.10571428571429
22.22047619047619
22.14829931972789
22.438027210884357
22.48387755102041
22.536598639455782
22.54122448979592
22.58714285714286
22.742244897959182
23.134285714285717
23.186666666666667
23.254897959183673
23.57421768707483
23.877006802721088
23.835510204081636
24.106938775510205
24.212857142857143
24.68795918367347
24.677006802721092
24.945850340136055
25.03095238095238
25.37986394557823
25.48204081632653
25.8808843537415
25.857891156462586
26.05544217687075
26.368367346938772
26.509795918367352
26.109251700680275
26.29013605442177
26.85469387755102
26.97714285714286
26.72748299319728
26.783401360544218
27.21428571428571
27.47918367346939
27.859863945578233
28.067414965986394
28.20843537414966
28.16013605442177
28.09700680272109
28.35619047619048
28.425782312925172
28.7165306122449
28.68387755102041
29.004013605442175
28.60448979591837
28.353809523809524
28.496598639455783
28.608027210884355
28.616122448979592
28.46469387755102
28.679523809523815
28.263809523809524
28.009319727891157
27.672448979591834
27.76925170068027
27.846802721088437
27.87401360544218
27.626870748299318
27.16578231292517
26.932380952380957
27.221020408163266
26.950544217687074
26.45136054421769
26.44265306122449
26.56448979591837
25.98278911564626
25.554761904761907
25.892108843537414
25.849863945578235
25.471700680272107
24.855714285714285
25.11387755102041
25.12517006802721
25.065374149659867
24.52353741496599
24.469455782312927
24.006530612244898
24.04394557823129
24.372857142857143
24.6121768707483
23.977006802721093
23.675510204081633
23.667006802721087
23.9143537414966
23.92136054421769
23.70156462585034
23.372721088435373
23.23986394557823
23.43823129251701
23.385102040816328
23.417278911564626
23.54544217687075
23.703673469387756
23.740408163265304
23.447482993197276
23.334761904761905
23.39952380952381
23.778707482993195
23.690816326530612
23.480204081632653
23.23469387755102
23.386190476190478
23.356258503401364
23.35469387755102
23.197278911564627
23.517210884353744
23.548435374149662
23.617551020408165
23.667210884353743
23.7243537414966
23.816734693877553
23.378639455782317
23.81455782312925
24.03170068027211
24.518979591836736
24.14142857142857
24.417142857142856
24.55979591836735
24.673945578231297
24.894557823129254
24.785986394557824
24.296326530612244
24.190204081632654
24.860544217687078
25.28714285714286
25.011632653061227
25.15986394557823
25.281428571428567
25.809591836734693
25.743741496598645
25.929455782312925
25.53074829931973
25.7043537414966
25.885986394557825
26.45340136054422
26.852108843537415
27.03721088435374
27.06455782312925
26.58360544217687
26.533197278911565
26.31965986394558
26.837142857142858
27.22482993197279
27.483537414965987
27.598231292517006
27.625238095238092
27.83013605442177
27.97557823129252
28.056938775510204
28.197551020408163
28.614965986394562
28.91027210884354
28.794285714285714
28.812857142857144
28.99170068027211
28.792040816326534
29.13102040816327
29.5930612244898
29.754489795918367
29.39482993197279
29.38047619047619
29.7421768707483
30.167687074829935
30.119251700680273
30.336122448979594
30.627959183673468
30.543061224489797
30.517414965986394
30.599047619047617
31.066734693877553
30.96469387755102
31.31979591836735
31.49775510204082
31.894625850340137
31.991088435374152
32.17972789115646
32.1325850340136
32.18455782312925
31.99986394557823
32.26897959183674
32.94666666666667
33.346870748299324
33.18136054421768
33.22319727891156
33.78931972789116
34.03176870748299
34.03122448979592
34.05102040816327
34.14197278911564
34.35394557823129
34.61034013605442
34.75455782312925
35.04163265306122
35.03761904761905
34.86802721088435
34.78476190476191
35.05047619047619
35.24666666666666
35.52333333333333
35.93394557823129
36.336190476190474
36.4821768707483
36.38367346938776
35.96591836734694
36.16068027210885
36.58319727891157
37.03408163265307
36.99857142857143
36.989659863945576
36.766190476190474
36.91163265306123
37.42850340136055
37.63054421768708
37.59428571428572
37.57224489795918
37.94850340136054
38.02068027210885
38.047006802721086
38.04816326530612
38.02755102040817
38.117278911564625
38.32823129251701
38.66299319727891
38.730816326530615
38.59612244897959
38.77360544217687
39.174965986394554
39.607074829931975
39.55965986394558
39.418503401360546
39.66884353741497
40.046122448979595
40.33931972789116
40.4848299319728
40.622244897959185
40.38639455782314
40.51095238095238
40.89353741496599
40.98292517006803
40.95809523809524
41.19421768707483
41.460952380952385
41.47986394557823
41.67721088435374
41.86557823129252
42.024965986394555
42.14986394557823
42.116666666666674
42.276054421768706
42.32510204081633
42.620000000000005
42.66428571428571
42.840272108843536
42.97136054421769
43.117142857142866
43.38727891156463
43.36857142857143
43.68238095238095
43.607210884353734
44.13047619047619
43.858163265306125
44.034013605442176
43.912517006802716
44.024693877551016
43.764421768707486
43.731632653061226
44.159115646258506
43.92823129251701
43.96666666666667
43.93741496598639
44.48136054421768
44.217074829931974
44.273061224489794
44.554421768707485
44.59863945578231
44.2708843537415
44.25115646258503
44.53789115646258
44.37183673469387
44.39829931972789
44.57326530612245
44.78891156462585
44.505646258503404
44.292517006802726
44.052244897959184
44.08591836734695
44.14551020408164
44.275986394557826
44.397482993197286
44.52727891156463
44.46761904761905
44.497074829931975
44.6269387755102
44.70272108843538
44.605102040816334
44.581156462585035
44.60659863945578
44.705170068027215
44.713129251700686
44.67530612244899
44.6421768707483
44.83387755102041
44.870612244897956
44.96047619047619
44.820680272108845
44.728911564625854
44.71918367346939
44.65095238095239
44.486326530612246
44.70408163265306
45.08605442176871
44.94510204081633
44.758435374149656
44.58013605442177
44.548571428571435
44.51238095238095
45.018367346938774
45.305442176870756
44.943061224489796
44.22374149659864
44.04857142857143
44.28231292517007
44.112448979591846
44.27170068027211
44.44013605442177
44.45727891156463
44.33346938775511
44.28251700680272
43.77013605442177
43.20673469387755
43.44557823129252
43.74006802721088
43.837346938775504
43.661972789115644
43.59360544217687
43.32496598639456
42.94598639455783
42.632721088435375
42.70891156462585
43.0478231292517
43.29965986394558
42.99448979591837
42.768843537414966
42.5543537414966
42.54897959183673
42.4243537414966
42.23408163265306
42.009455782312926
41.860068027210886
42.04918367346939
41.7508843537415
41.61680272108843
41.24591836734694
41.158231292517016
40.907551020408164
40.939727891156465
40.97455782312925
40.8991156462585
40.817687074829934
40.342244897959176
40.00190476190476
39.846666666666664
40.444489795918365
40.55197278911565
39.9865306122449
39.66952380952381
39.536530612244896
39.745714285714286
39.512176870748306
39.54210884353742
39.339455782312925
39.183741496598635
39.01605442176871
38.88149659863946
38.98775510204082
38.60619047619048
38.521632653061225
38.39034013605442
38.44231292517007
38.1278231292517
38.13462585034014
38.14945578231293
37.88829931972789
37.30156462585034
37.13809523809524
37.160544217687075
37.437278911564626
37.397891156462585
37.28489795918367
36.92755102040816
37.069047619047616
36.55204081632653
36.038231292517004
35.55897959183673
35.6078231292517
35.542517006802726
35.79571428571429
35.73326530612245
35.4595918367347
35.481632653061226
35.57136054421768
35.617278911564625
35.19687074829932
35.0543537414966
34.665170068027216
34.71319727891157
34.39299319727891
34.52775510204082
34.2347619047619
33.988299319727886
33.54687074829932
33.92408163265306
34.05598639455782
34.18578231292517
34.05537414965987
34.135238095238094
34.17823129251701
34.327551020408166
34.264489795918365
33.59714285714286
33.14544217687076
32.83687074829932
32.946122448979594
32.83183673469388
32.721088435374156
32.72380952380953
32.65129251700681
32.24659863945578
31.825986394557827
32.26891156462585
32.49027210884354
32.357619047619046
31.73149659863946
31.565986394557825
31.480544217687076
31.27537414965986
30.92530612244898
30.75659863945578
30.97700680272109
30.941904761904766
30.610884353741497
30.334489795918365
30.26020408163265
30.41312925170068
30.101972789115642
29.979455782312925
29.941768707482993
30.037278911564627
29.783537414965988
29.435850340136057
29.27795918367347
29.294421768707483
29.209795918367345
28.95204081632653
28.569455782312925
28.426802721088436
28.242517006802725
28.317074829931975
27.940340136054424
28.006326530612245
27.73843537414966
27.955918367346943
27.908775510204084
28.124421768707485
27.757755102040818
27.8056462585034
27.385238095238094
27.27401360544218
26.85190476190476
27.030136054421767
26.7378231292517
27.08734693877551
26.99047619047619
26.73278911564626
26.372993197278916
26.29530612244898
26.04027210884354
25.72326530612245
25.892108843537418
25.72904761904762
25.563061224489797
25.382653061224488
25.348843537414965
25.071564625850343
24.99197278911565
25.208979591836737
25.325034013605443
24.78265306122449
24.407210884353745
24.42462585034014
24.64904761904762
24.342585034013606
24.14074829931973
24.1465306122449
24.217891156462585
24.0178231292517
23.632244897959183
23.708095238095236
23.715578231292522
23.539727891156463
23.39659863945578
23.32904761904762
23.59312925170068
23.31598639455782
23.100816326530612
22.68469387755102
22.968979591836735
22.790952380952383
22.493469387755102
22.179863945578234
22.39190476190476
22.569047619047623
22.47918367346939
22.330816326530616
22.28496598639456
22.200272108843535
22.127551020408163
22.128843537414966
22.225374149659864
21.952244897959183
21.708027210884353
21.617891156462584
21.51142857142857
21.216734693877548
21.114013605442175
21.195850340136055
21.245986394557825
21.210748299319732
21.046326530612244
20.820204081632653
20.809115646258505
20.806598639455785
20.52938775510204
20.388163265306126
20.12904761904762
20.23795918367347
20.275850340136056
20.38258503401361
19.954761904761906
19.87673469387755
19.805986394557827
20.005714285714287
19.968367346938777
19.863537414965986
19.422925170068027
19.18578231292517
18.677891156462586
18.872993197278912
19.259863945578232
19.432380952380957
19.172108843537416
19.25591836734694
19.394829931972787
19.177959183673472
19.278503401360545
19.17469387755102
19.090612244897958
18.811632653061224
18.498163265306125
18.31421768707483
18.355034013605444
18.39714285714286
18.19952380952381
18.231020408163268
18.114761904761906
18.033673469387757
17.995374149659863
17.970680272108844
17.61891156462585
17.414557823129254
17.806938775510204
18.096938775510203
18.003673469387756
17.64496598639456
17.38687074829932
17.29244897959184
17.41734693877551
17.049863945578235
16.86965986394558
17.033945578231293
17.494693877551022
17.44326530612245
17.03108843537415
16.55795918367347
16.404897959183675
16.617551020408165
16.549795918367344
16.5356462585034
16.788095238095238
16.900816326530617
17.122448979591837
17.065578231292516
16.93544217687075
16.83251700680272
16.58190476190476
16.28578231292517
16.20367346938776
16.82775510204082
16.65197278911565
16.34401360544218
15.942721088435373
15.922925170068027
16.084421768707486
16.11387755102041
15.999659863945578
15.757482993197279
15.943061224489794
16.11816326530612
16.319591836734695
16.251360544217686
15.973333333333334
15.82095238095238
15.737210884353741
15.927414965986397
15.892176870748301
16.23503401360544
15.969591836734693
15.926462585034013
16.06142857142857
16.227891156462583
16.00748299319728
15.918231292517007
15.833061224489796
15.409387755102042
15.231632653061226
15.644625850340137
15.874965986394558
15.796802721088435
15.534353741496599
15.296326530612244
15.247006802721087
15.248775510204082
15.29421768707483
14.970816326530612
15.02251700680272
15.07986394557823
15.396598639455782
14.915578231292516
15.104149659863944
15.00408163265306
15.511020408163265
15.35156462585034
15.393945578231293
15.055986394557824
15.015510204081632
15.097823129251703
15.234897959183677
15.350612244897958
15.222448979591837
15.250748299319728
15.093605442176873
14.92904761904762
15.114557823129251
15.284081632653061
15.034285714285716
14.705986394557824
14.812517006802722
14.924149659863946
14.93591836734694
15.10251700680272
14.891904761904762
14.855034013605444
15.107619047619048
15.017278911564627
14.513401360544218
14.231428571428571
14.169387755102042
14.04312925170068
14.092176870748299
14.624761904761906
14.98795918367347
14.8121768707483
14.403673469387755
14.485646258503403
14.881836734693877
15.018911564625851
14.791292517006802
14.55877551020408
14.733333333333334
14.851564625850342
14.607210884353742
14.589863945578232
14.69292517006803
14.538231292517008
14.354149659863944
14.501360544217686
14.535850340136054
14.418979591836734
14.475374149659864
14.787755102040817
15.019795918367347
14.595510204081634
14.336326530612244
14.389523809523808
14.490952380952383
14.350204081632654
14.470204081632653
14.666462585034015
14.747687074829933
14.774217687074833
14.468707482993198
14.332108843537416
14.271564625850338
14.400340136054421
14.174897959183674
14.12312925170068
14.31843537414966
14.540612244897961
14.135442176870749
13.83734693877551
14.159591836734695
14.287142857142857
14.49170068027211
14.577687074829933
14.902721088435374
14.562176870748301
14.519047619047619
14.177891156462586
14.374421768707483
14.445850340136055
14.473877551020408
14.181768707482993
14.125578231292518
14.261360544217686
14.304285714285713
14.567619047619047
14.502585034013606
14.145238095238096
13.85761904761905
14.177210884353743
14.680680272108845
14.73326530612245
14.805374149659865
14.507755102040818
14.157755102040817
14.125034013605442
14.648979591836735
14.809319727891157
14.425238095238095
14.251428571428571
14.008231292517006
13.719795918367348
13.970204081632653
14.362857142857143
14.256326530612245
13.78721088435374
14.025850340136053
14.528571428571428
14.415170068027212
14.097687074829933
13.91625850340136
14.271904761904764
14.236598639455782
14.064013605442177
13.84047619047619
14.374761904761906
14.521496598639455
14.239183673469388
14.041632653061225
14.686462585034015
14.76734693877551
14.5543537414966
14.445238095238096
14.56326530612245
14.59061224489796
14.445918367346941
14.118299319727893
13.917006802721088
13.922585034013604
14.041496598639457
14.339251700680272
14.482040816326531
14.44074829931973
14.19673469387755
14.21625850340136
14.201904761904762
14.218503401360547
14.21374149659864
14.300748299319729
14.486802721088438
14.359251700680272
14.1356462585034
14.23904761904762
14.32496598639456
14.24387755102041
14.079319727891157
13.84687074829932
14.05278911564626
14.249795918367347
14.591768707482993
14.2565306122449
14.2621768707483
13.865510204081634
14.191292517006804
14.363469387755103
14.810544217687076
14.653945578231292
14.805170068027213
14.469999999999999
14.473877551020408
14.28170068027211
14.27312925170068
13.837006802721088
13.497278911564624
13.61312925170068
14.089319727891157
14.200204081632652
14.32857142857143
14.468231292517007
14.71374149659864
14.420748299319728
14.238707482993197
14.02482993197279
14.193809523809525
14.188843537414968
14.127142857142857
14.51360544217687
14.899795918367346
14.582993197278913
14.080884353741496
14.146462585034012
14.345034013605442
14.465306122448983
14.441836734693878
14.182108843537414
14.171768707482995
14.466258503401363
14.475782312925173
14.315102040816328
14.364625850340138
14.296122448979592
14.37013605442177
14.589591836734694
14.903197278911563
14.460680272108846
14.514829931972791
14.68326530612245
15.09734693877551
14.957755102040815
14.769047619047619
14.787414965986395
14.637687074829932
14.338707482993199
14.394625850340136
14.841904761904761
14.701836734693877
14.604421768707486
14.480068027210883
14.520476190476192
14.189115646258502
14.477210884353742
14.847414965986395
14.950068027210884
14.783265306122448
14.784625850340136
14.96265306122449
14.906462585034014
14.752380952380953
14.863877551020408
14.91904761904762
14.795170068027211
14.810272108843536
14.863809523809525
15.359591836734694
15.114217687074833
14.86904761904762
14.334353741496598
14.359931972789116
14.565034013605441
14.805646258503401
15.192517006802722
15.305442176870748
14.931632653061225
14.686530612244898
15.04843537414966
15.295850340136056
14.965034013605441
15.193469387755101
15.391224489795919
15.478299319727892
15.045714285714286
14.908707482993199
14.821020408163266
15.231156462585034
15.450408163265307
15.328707482993197
15.236190476190478
15.360408163265308
15.395850340136057
15.322993197278912
15.147619047619047
15.147687074829932
15.193265306122449
15.309591836734693
15.461224489795919
15.259115646258504
15.227755102040817
15.454897959183674
15.689863945578232
15.214353741496598
15.24734693877551
15.734761904761905
15.826054421768706
15.756190476190476
16.174625850340135
16.11108843537415
15.641632653061224
15.326530612244898
15.536054421768707
15.792312925170068
15.95387755102041
16.06122448979592
16.14142857142857
16.103537414965984
15.654829931972792
15.844217687074831
16.28448979591837
16.32734693877551
15.879863945578233
15.971156462585036
16.17557823129252
16.689115646258504
16.578639455782312
16.55204081632653
16.284081632653063
16.32775510204082
16.432244897959187
16.564081632653064
16.556122448979593
16.407210884353745
16.60795918367347
16.564013605442177
16.631088435374146
17.058639455782313
17.21061224489796
17.067278911564628
16.808163265306124
17.296054421768712
17.283673469387757
17.368163265306123
17.327414965986396
17.706802721088437
17.188027210884357
16.90517006802721
16.90503401360544
17.417891156462584
17.40299319727891
17.662721088435376
17.572653061224493
18.100408163265307
18.31312925170068
18.729455782312925
18.55666666666667
18.349115646258504
18.27061224489796
18.553197278911565
18.939319727891156
18.871156462585034
18.787006802721088
19.0143537414966
19.45863945578231
19.58122448979592
19.235034013605443
19.413877551020406
19.91238095238095
20.133061224489797
19.93469387755102
20.018843537414966
20.40843537414966
20.621768707482993
20.617823129251704
20.787074829931974
21.283401360544218
21.56687074829932
21.69238095238095
21.940680272108843
22.44843537414966
23.15517006802721
23.27639455782313
23.45013605442177
23.787755102040816
24.447891156462585
24.980884353741498
25.5178231292517
26.091972789115648
26.474693877551022
26.904149659863947
26.459523809523812
26.17183673469388
26.334557823129256
26.406530612244897
26.532925170068033
26.84190476190476
26.629863945578233
26.10503401360544
26.010680272108843
26.41292517006803
26.337755102040816
26.520748299319727
26.344761904761906
26.570748299319728
26.267074829931975
26.4743537414966
26.57768707482993
26.827687074829935
26.68714285714286
26.81421768707483
26.901632653061228
27.20544217687075
27.34448979591837
27.416938775510204
27.585510204081636
27.939591836734696
27.90482993197279
28.161020408163264
28.207959183673466
28.162993197278915
28.062244897959182
28.435306122448978
28.608231292517008
28.391020408163264
28.476666666666667
28.684761904761906
28.896122448979593
28.638435374149662
28.721020408163266
28.759455782312926
28.844489795918367
28.6843537414966
28.705238095238094
29.085782312925172
29.36748299319728
29.41374149659864
29.020748299319727
28.79496598639456
27.884897959183675
27.4887074829932
27.3969387755102
27.115986394557826
26.991020408163266
26.71625850340136
26.446802721088435
25.744897959183675
25.54619047619048
25.425782312925172
25.264285714285716
25.008639455782316
24.60448979591837
24.36625850340136
24.33469387755102
24.399115646258505
24.376122448979597
23.66156462585034
23.248163265306125
23.1978231292517
23.2165306122449
22.81673469387755
22.548163265306123
22.435374149659864
22.38884353741497
22.34646258503401
22.281904761904762
22.23074829931973
22.422789115646257
22.43578231292517
22.09659863945578
21.75965986394558
21.75469387755102
21.589931972789117
21.334557823129252
21.49142857142857
21.91510204081633
21.73965986394558
21.344285714285714
21.36156462585034
21.639795918367348
21.515374149659863
21.3956462585034
21.11625850340136
20.958299319727892
20.54156462585034
20.12387755102039
18.987482993197265
