24.60982993197279
25.115442176870726
24.56374149659864
24.273741496598642
24.879659863945577
24.4352380952381
24.407142857142862
24.21265306122449
23.978095238095236
23.749319727891155
24.19482993197279
23.861904761904764
23.273061224489798
23.58891156462585
23.800204081632653
23.844285714285718
23.40768707482993
23.267142857142858
23.197142857142858
23.5712925170068
23.543945578231295
23.093605442176873
23.125374149659862
23.14278911564626
23.29190476190476
22.99918367346939
22.685646258503404
22.462517006802724
22.23074829931973
22.209455782312926
22.535034013605447
22.63006802721089
22.110272108843535
21.945034013605444
21.89503401360544
21.912448979591836
21.797551020408164
21.87578231292517
21.77673469387755
21.80292517006803
21.729999999999997
21.96333333333333
21.916530612244898
22.137210884353742
22.318027210884356
22.27891156462585
21.5308843537415
21.28761904761905
21.500204081632653
22.027346938775512
21.939727891156465
21.84047619047619
21.685374149659864
21.96530612244898
21.676530612244903
21.649863945578232
21.76462585034014
21.821020408163264
21.41585034013606
21.2552380952381
21.393469387755104
21.816462585034014
21.541292517006802
21.234625850340137
21.172176870748295
21.57170068027211
21.818775510204084
21.45863945578231
20.89292517006803
20.701904761904764
21.155102040816324
21.069387755102042
20.988367346938777
20.67326530612245
21.031972789115645
21.17809523809524
21.406122448979595
21.193537414965988
20.908367346938775
20.61829931972789
20.592517006802723
21.02482993197279
20.958503401360545
20.834965986394558
20.523197278911564
20.319863945578234
20.397687074829932
20.42816326530612
20.313605442176872
20.070340136054423
20.31931972789116
20.54034013605442
20.8730612244898
20.481972789115645
20.48537414965986
20.250952380952384
20.64061224489796
20.25408163265306
20.41904761904762
20.152312925170072
20.066326530612248
19.88891156462585
20.255374149659865
20.42095238095238
20.441768707482996
20.187619047619048
19.87231292517007
19.432108843537417
19.973129251700684
20.27408163265306
20.269727891156464
19.81591836734694
20.134013605442178
20.476870748299323
20.470680272108844
20.233333333333334
20.31353741496599
20.43979591836735
19.94673469387755
19.79047619047619
19.84122448979592
20.021836734693878
19.981156462585034
19.76102040816327
19.802244897959184
19.923945578231294
20.0791156462585
19.907551020408164
20.52687074829932
20.536802721088435
20.273809523809526
19.783129251700682
20.00013605442177
20.05517006802721
20.165306122448982
20.14095238095238
19.833197278911562
19.885510204081633
20.192448979591838
20.406666666666666
19.7021768707483
19.59292517006803
19.8243537414966
19.829047619047618
19.52734693877551
19.60387755102041
20.08938775510204
19.987755102040815
19.942244897959185
19.84190476190476
20.165850340136053
20.017006802721088
19.838027210884352
19.995782312925172
20.389251700680276
20.461156462585038
19.96210884353742
19.295782312925173
19.224421768707483
19.66843537414966
20.147074829931974
20.192176870748302
20.536462585034016
20.515238095238097
20.3287074829932
20.022925170068028
19.727074829931972
19.490204081632655
19.604081632653063
20.11231292517007
20.162244897959184
20.098775510204085
19.972925170068027
19.91108843537415
19.79299319727891
19.602312925170068
19.610000000000003
20.11367346938776
20.429863945578234
20.380816326530613
20.309591836734697
20.8508843537415
20.923197278911562
20.74795918367347
20.490408163265307
20.650272108843538
20.538503401360543
20.723673469387755
20.761224489795918
20.894149659863945
21.021836734693878
21.27013605442177
21.368979591836734
21.32326530612245
21.78605442176871
21.99170068027211
22.223673469387755
21.834149659863947
22.23244897959184
22.23979591836735
22.51557823129252
22.625578231292515
22.590340136054422
22.56122448979592
22.388503401360545
22.83265306122449
22.9521768707483
23.522108843537417
23.78006802721088
24.08489795918367
24.153401360544215
24.396462585034012
24.718707482993196
25.04714285714286
25.376598639455786
25.842380952380953
25.79639455782313
25.915578231292514
26.113197278911567
26.40755102040816
26.453197278911563
26.727482993197277
26.787074829931974
27.0730612244898
27.332721088435378
27.355374149659866
27.225510204081637
27.547551020408164
27.510544217687073
27.716054421768707
28.034217687074833
28.347074829931977
28.389115646258503
28.36
28.18149659863946
28.1621768707483
28.703197278911563
28.88578231292517
28.694285714285712
29.14360544217687
29.15510204081633
28.83013605442177
28.575714285714287
29.261428571428574
29.17183673469388
29.043333333333337
28.79408163265306
28.87761904761905
28.522244897959183
28.457551020408165
28.258979591836738
28.261428571428574
28.238503401360546
27.98761904761905
27.760204081632654
27.521156462585033
27.54149659863946
27.39414965986395
27.12836734693878
26.701632653061225
26.338027210884352
26.575374149659865
26.366666666666667
26.190204081632654
26.09374149659864
26.115714285714283
25.595850340136053
25.140068027210884
25.2221768707483
25.479319727891156
25.396122448979593
25.01816326530612
24.509115646258508
24.37897959183674
24.13952380952381
24.160340136054423
23.975238095238097
23.662517006802723
23.98136054421769
24.08074829931973
24.051632653061226
23.64401360544218
24.10612244897959
24.151020408163262
24.058979591836735
23.642380952380954
23.05190476190476
22.99231292517007
23.500204081632653
23.946190476190473
24.035238095238093
23.630476190476195
23.74625850340136
23.35108843537415
23.589183673469385
23.774489795918367
23.870340136054423
23.444761904761904
23.26734693877551
23.53734693877551
23.33074829931973
23.329115646258504
23.1712925170068
23.62829931972789
23.69904761904762
23.717074829931974
23.48414965986395
23.830204081632655
23.47639455782313
23.661088435374147
23.754285714285714
24.106258503401357
23.616938775510206
23.609455782312928
23.9365306122449
24.43700680272109
24.538163265306125
24.21312925170068
24.64034013605442
25.06122448979592
25.45714285714286
25.37680272108844
25.276054421768713
25.036734693877552
24.794149659863944
25.37387755102041
25.587278911564628
25.637142857142855
25.631292517006806
26.116666666666667
26.329659863945583
26.23979591836735
26.285238095238093
26.43938775510204
26.951836734693877
27.36571428571429
26.906258503401364
26.383741496598642
26.6634693877551
27.18802721088435
27.435850340136057
27.395306122448982
27.7187074829932
27.825510204081635
28.11408163265306
28.248979591836736
28.210000000000004
28.068639455782318
28.149115646258508
28.87197278911565
29.180816326530614
29.132721088435378
29.048163265306126
29.231904761904765
29.26707482993197
29.513197278911562
29.4156462585034
29.262925170068026
29.237074829931974
29.89761904761905
29.99673469387755
30.333945578231294
30.607687074829933
30.84122448979592
30.748027210884352
30.415034013605442
30.480816326530615
30.87374149659864
31.33979591836735
31.455374149659868
31.446190476190477
31.50619047619048
31.47292517006803
31.883945578231298
32.210952380952385
31.921224489795918
31.852585034013604
32.03163265306122
32.601768707483
32.80210884353741
33.16619047619048
33.169183673469384
33.2221768707483
33.381700680272104
33.7634693877551
33.712448979591834
33.54374149659864
33.84326530612245
34.234421768707485
34.48904761904762
34.564965986394554
34.57251700680272
34.40265306122449
34.53448979591836
34.68993197278911
34.90829931972789
35.35414965986395
35.59170068027211
35.67258503401361
35.64802721088435
35.52183673469388
35.64190476190476
35.80632653061225
36.087755102040816
36.02925170068028
36.09068027210884
36.07761904761905
36.35401360544218
36.647959183673464
36.79401360544218
37.09986394557823
37.250748299319724
37.24666666666667
37.15027210884354
37.08571428571429
37.10115646258504
37.25598639455782
37.40414965986395
37.490680272108854
37.77972789115646
38.09721088435374
38.05714285714286
38.05904761904762
38.05482993197279
38.140748299319725
38.208503401360545
38.41183673469388
38.51442176870748
38.747619047619054
39.15993197278912
39.2495918367347
39.29401360544218
39.35659863945578
39.825714285714284
40.046938775510206
40.007823129251705
40.06938775510204
40.15482993197279
40.282040816326536
40.301904761904765
40.70829931972789
40.764829931972784
40.60605442176871
40.6665306122449
41.04503401360544
41.61
41.614557823129246
41.67659863945578
41.29142857142857
41.03632653061224
41.17693877551021
41.66462585034014
41.74748299319728
41.65748299319728
42.17414965986394
42.40183673469389
42.553265306122455
42.2356462585034
42.16
41.975918367346935
42.26401360544217
42.50557823129252
42.585578231292516
42.54904761904761
42.34244897959184
42.23945578231293
42.385442176870754
42.47789115646259
42.874149659863946
43.00163265306123
43.08353741496599
43.02142857142857
42.96625850340136
42.728911564625854
42.74863945578231
42.84462585034014
42.85394557823129
42.78809523809524
43.101564625850344
42.75748299319728
42.7412925170068
42.85013605442177
42.99149659863946
42.728639455782314
42.68455782312925
42.93877551020408
43.05442176870748
43.20387755102041
43.0012925170068
42.91421768707483
42.67095238095238
42.61748299319728
42.6343537414966
42.863945578231295
43.11734693877551
42.916054421768706
42.71884353741497
42.75884353741496
43.122517006802724
43.421836734693876
43.176530612244896
42.83292517006803
42.82850340136055
43.39673469387755
43.57442176870749
43.19115646258504
42.71278911564626
42.84115646258503
43.03482993197279
43.069659863945574
42.841088435374154
42.94537414965987
42.795034013605445
42.745986394557825
42.58734693877551
42.15027210884354
41.96918367346939
42.28442176870749
42.82904761904762
42.557687074829936
42.28374149659864
42.16231292517006
42.28027210884354
42.42251700680272
42.604557823129255
42.50081632653061
42.20312925170068
41.961768707482996
42.118639455782315
42.30496598639456
42.061836734693884
41.39571428571429
41.135986394557825
41.50482993197279
41.64687074829932
41.317687074829934
40.8856462585034
40.74891156462585
40.66047619047619
40.61455782312926
41.07965986394558
40.79163265306123
40.53952380952381
40.137619047619054
40.41176870748299
40.095442176870755
40.1287074829932
40.085102040816324
39.940816326530616
39.83632653061224
39.47081632653062
39.222857142857144
39.249251700680276
39.441904761904766
39.51068027210884
39.15462585034014
38.66952380952381
38.131292517006806
38.182040816326534
38.54489795918367
38.513333333333335
38.204965986394555
38.055850340136054
37.87455782312925
37.791496598639455
37.83986394557823
38.001836734693875
37.68401360544218
37.52673469387755
37.502925170068025
37.30442176870748
37.30108843537415
37.1612925170068
37.28340136054422
37.032380952380954
37.104557823129255
36.76897959183673
36.66850340136054
36.427414965986394
36.332517006802725
36.41986394557823
36.3712925170068
35.92823129251701
35.34312925170068
35.20734693877551
35.173265306122445
35.02095238095239
34.92727891156463
35.061632653061224
34.78632653061224
34.52074829931973
34.25387755102041
34.58598639455782
34.39469387755102
34.06748299319728
33.620816326530615
33.904013605442174
33.93074829931973
33.79170068027211
33.88061224489796
34.317687074829934
33.96687074829932
33.03884353741498
32.892925170068025
33.10768707482994
33.097482993197275
32.84421768707483
32.77265306122449
32.73040816326531
32.6004081632653
32.68231292517007
32.63619047619048
32.76789115646258
32.69156462585035
32.48823129251701
32.25571428571428
32.199727891156456
32.048095238095236
31.9795918367347
32.01027210884354
31.936462585034015
31.614149659863944
31.531496598639453
31.606122448979594
31.49156462585034
30.990272108843534
30.597891156462588
30.490204081632655
31.060952380952383
31.144489795918368
30.675510204081636
29.86387755102041
29.81081632653061
30.132108843537416
30.214489795918368
30.029931972789115
29.39952380952381
29.17462585034014
29.206326530612245
29.515986394557824
29.40734693877551
29.255102040816325
29.034557823129255
28.9621768707483
28.803537414965987
28.73340136054422
28.271496598639455
28.32183673469388
28.167414965986392
27.998843537414963
27.788095238095238
27.87884353741497
27.479727891156465
27.320068027210887
27.454013605442178
27.470000000000002
27.14673469387755
26.99095238095238
27.129931972789116
26.978639455782314
26.876666666666665
26.44122448979592
26.202448979591836
26.1634693877551
26.33904761904762
26.105918367346938
25.778979591836734
25.529387755102043
25.785102040816327
25.87775510204082
25.88965986394558
25.523197278911567
25.466802721088435
25.43190476190476
25.1078231292517
25.01299319727891
25.036802721088435
24.9356462585034
24.507619047619052
24.01768707482993
24.329183673469387
24.37619047619048
24.338299319727895
23.862244897959187
23.902721088435374
23.976190476190474
23.840680272108845
23.845034013605442
23.81
23.576802721088438
23.364761904761906
23.306938775510204
23.45945578231293
23.28421768707483
23.46387755102041
23.177074829931975
22.878367346938777
22.684489795918367
22.76809523809524
22.66537414965987
22.435850340136057
22.03918367346939
22.087142857142858
22.311632653061224
22.22020408163265
21.860816326530614
21.90326530612245
22.029931972789115
21.878639455782313
21.559387755102044
21.40707482993197
21.339727891156464
21.28938775510204
21.115374149659864
21.187755102040818
21.63020408163265
21.52768707482993
21.178027210884355
21.166530612244898
21.27891156462585
21.275510204081634
21.0
20.689319727891156
20.24034013605442
20.239115646258504
20.49353741496599
20.54605442176871
20.61673469387755
20.080204081632655
19.781564625850343
19.48727891156463
19.80047619047619
19.795238095238098
19.78612244897959
19.340272108843536
19.2634693877551
19.574625850340134
19.794285714285717
19.405850340136055
19.124693877551024
19.032108843537415
18.787210884353744
18.580884353741496
18.907959183673473
19.314285714285717
19.236326530612246
18.793877551020408
18.50170068027211
18.47605442176871
18.904013605442177
19.009455782312926
18.981360544217686
18.477482993197277
18.350068027210884
18.331428571428575
18.425918367346938
18.309727891156463
17.944625850340135
17.91659863945578
17.750476190476192
17.721224489795915
17.540680272108844
17.768707482993197
17.66639455782313
17.439183673469387
17.443401360544218
17.593605442176873
17.628163265306124
17.404149659863947
17.439251700680273
17.542040816326534
17.49829931972789
17.341972789115644
17.105238095238096
16.996802721088436
17.0443537414966
17.13687074829932
17.02789115646258
16.911428571428573
16.881020408163266
16.64204081632653
16.304353741496598
16.406802721088436
16.52551020408163
16.372176870748298
16.143673469387757
16.297891156462583
16.470272108843538
16.51482993197279
16.827210884353743
16.74047619047619
16.35809523809524
16.013605442176875
16.13605442176871
16.224489795918366
16.10748299319728
15.960068027210886
15.906666666666665
15.929251700680272
16.112721088435375
16.10265306122449
15.844693877551023
15.546054421768709
15.703333333333337
15.640884353741498
15.742040816326531
15.941360544217687
15.976530612244899
15.572585034013606
15.472925170068027
15.447074829931971
15.514965986394557
15.575238095238095
15.594081632653063
15.470272108843538
15.35278911564626
15.131428571428572
15.143061224489797
15.400544217687077
15.245238095238095
15.194149659863946
15.258231292517008
15.547346938775512
15.360884353741497
15.27809523809524
14.848843537414968
14.63965986394558
14.856394557823132
15.154285714285715
14.949319727891156
14.74265306122449
15.252993197278911
15.577414965986396
15.869931972789118
15.347823129251701
14.890748299319728
14.684965986394559
15.247959183673471
15.434693877551021
15.115034013605444
14.809659863945578
14.65061224489796
14.92142857142857
15.106258503401362
15.068231292517007
14.619115646258503
14.470068027210885
14.610136054421769
14.825646258503403
15.145646258503401
15.20591836734694
14.922721088435374
14.662040816326531
14.916326530612244
14.965782312925171
14.679455782312926
14.316326530612246
14.420272108843537
14.553605442176872
14.87625850340136
14.641700680272109
14.573537414965987
14.262108843537417
14.244965986394558
14.274149659863946
14.311972789115647
14.397142857142859
14.710884353741498
14.676802721088436
14.77700680272109
14.461156462585036
14.433605442176871
14.308163265306124
14.555578231292518
14.246938775510204
14.125034013605442
14.527278911564625
14.649931972789116
14.572925170068027
14.481156462585036
14.692925170068026
14.549115646258503
14.498299319727892
14.168367346938776
14.258027210884356
13.980680272108845
14.50170068027211
14.972721088435375
14.987074829931974
14.075034013605443
13.836598639455783
14.110476190476192
14.29843537414966
14.387755102040815
14.912244897959184
14.796802721088437
14.1443537414966
13.802176870748301
14.054761904761905
14.360680272108842
14.443537414965988
14.322585034013603
14.099047619047619
13.82578231292517
14.157551020408164
14.343945578231294
14.503605442176871
14.425238095238097
14.15768707482993
14.245918367346938
14.359931972789116
14.620680272108846
14.238639455782314
13.876462585034012
14.060272108843538
14.325306122448982
14.339863945578232
14.093537414965986
13.892108843537414
14.070272108843536
14.034625850340136
14.369795918367346
14.3443537414966
14.478707482993197
14.044353741496598
13.956054421768709
14.136938775510204
14.361156462585035
14.337959183673469
14.57673469387755
14.551224489795917
14.238435374149661
14.064285714285713
14.361904761904762
14.411292517006803
14.212244897959184
14.168027210884356
14.245510204081633
13.963197278911565
14.00904761904762
14.029183673469387
14.06469387755102
13.628163265306123
13.816666666666666
13.948163265306123
14.26156462585034
14.251292517006803
14.146530612244899
14.20829931972789
14.220204081632653
14.434217687074831
14.046802721088437
14.239659863945578
14.161564625850342
14.302244897959184
14.027755102040818
14.170340136054422
14.083537414965988
14.34809523809524
14.305442176870748
14.04108843537415
13.999115646258506
14.120136054421767
13.815374149659863
13.53061224489796
13.922721088435374
14.151224489795919
14.174965986394557
14.2878231292517
14.579115646258503
14.40517006802721
14.251020408163265
14.179183673469389
14.162108843537416
14.156666666666668
14.190272108843537
14.024965986394559
13.66530612244898
13.850884353741497
14.189455782312926
14.119659863945579
14.120952380952382
14.26374149659864
14.139455782312925
13.710816326530612
13.799523809523809
13.858843537414966
13.666734693877553
13.731428571428571
14.225714285714288
14.45108843537415
14.276326530612247
14.61170068027211
14.454081632653061
14.45829931972789
13.917142857142858
14.19829931972789
14.07965986394558
14.4721768707483
14.248367346938776
14.210272108843537
13.873197278911565
14.002448979591836
14.282380952380954
14.659863945578232
14.526054421768709
14.63408163265306
14.625170068027213
14.356190476190477
14.03795918367347
14.099387755102041
14.424013605442177
14.782108843537415
14.809795918367346
14.565238095238097
14.421428571428573
14.364829931972789
14.375510204081634
14.155578231292518
14.084149659863945
13.939591836734694
14.328979591836735
14.591632653061225
14.770068027210884
14.433333333333334
14.308163265306122
14.376938775510206
14.321496598639456
14.006598639455783
14.086462585034013
14.472721088435375
14.439047619047619
14.604013605442178
14.559591836734695
14.848367346938778
14.646394557823129
14.626394557823131
14.287619047619046
14.201360544217689
14.283877551020408
14.504557823129254
14.693537414965988
14.422993197278911
14.608911564625851
14.584557823129252
14.775510204081634
14.525850340136053
14.640340136054423
14.774285714285714
14.84095238095238
14.84265306122449
14.705986394557824
14.770612244897961
14.465442176870749
14.477891156462587
14.450068027210886
14.528503401360545
14.242517006802721
14.22857142857143
14.402244897959184
14.89843537414966
15.094693877551023
15.179591836734696
14.940748299319727
14.867414965986393
14.854557823129252
14.672176870748297
14.372993197278912
14.658979591836735
14.673877551020409
14.824625850340135
14.708027210884357
14.848911564625851
14.598571428571429
14.965578231292517
15.138911564625852
15.154965986394558
15.416326530612245
15.442585034013605
15.369251700680273
15.10700680272109
14.952993197278914
14.862244897959185
15.275238095238096
15.447278911564627
15.115918367346938
15.244557823129252
15.520612244897958
15.60904761904762
15.551496598639456
15.578707482993197
15.569659863945578
15.198843537414966
14.88700680272109
14.731088435374149
15.398503401360545
15.599591836734692
15.422857142857143
15.110612244897961
15.463809523809525
15.769047619047619
16.073741496598636
16.088503401360544
16.09312925170068
15.694149659863944
15.599319727891157
16.05938775510204
16.39482993197279
15.89074829931973
15.594013605442175
15.879999999999999
16.04605442176871
15.961836734693877
15.822380952380954
15.755850340136055
15.744829931972788
16.33020408163265
16.44244897959184
16.489251700680274
16.301020408163268
16.635102040816328
16.535102040816327
16.56843537414966
16.455646258503403
16.659319727891155
16.33517006802721
16.48183673469388
16.729795918367348
17.063605442176872
16.634285714285717
16.618299319727893
16.825238095238095
17.043945578231295
16.801020408163268
16.944217687074833
17.392108843537414
17.385034013605445
17.232244897959184
17.57265306122449
17.783469387755105
17.503673469387756
17.3534693877551
17.737414965986396
17.815850340136052
18.03197278911565
17.965034013605443
17.706938775510206
17.54823129251701
17.65904761904762
17.89496598639456
18.378299319727894
18.929591836734694
18.570952380952384
18.502312925170067
18.816462585034017
19.034081632653063
18.58986394557823
18.685102040816325
19.211632653061226
19.30265306122449
19.412517006802723
19.748367346938775
20.600204081632654
20.670068027210885
20.56986394557823
20.563605442176872
20.626938775510204
20.445442176870745
20.535442176870745
21.00748299319728
21.877482993197276
22.068571428571428
22.38231292517007
22.404013605442174
23.210680272108846
23.40142857142857
24.078299319727893
24.065714285714286
24.6
25.165510204081635
25.955442176870747
25.797074829931972
25.95258503401361
26.096326530612245
26.061768707482994
26.183061224489798
26.379251700680275
26.389523809523812
26.143537414965987
26.314285714285717
26.053333333333335
25.900544217687077
25.88204081632653
26.186462585034015
26.383945578231295
26.38258503401361
26.334421768707482
26.135646258503407
26.20149659863946
26.523877551020412
26.668843537414965
26.653809523809528
26.7552380952381
27.152721088435374
26.970408163265304
26.9121768707483
26.82142857142857
27.11795918367347
27.504761904761903
27.786326530612243
27.740748299319726
27.873333333333335
28.23639455782313
28.1730612244898
28.208979591836734
28.37993197278912
28.44122448979592
28.537551020408166
28.422176870748302
28.484285714285715
28.247414965986394
28.56809523809524
28.47789115646259
28.303673469387757
28.120204081632654
28.210748299319725
28.474761904761905
28.467823129251702
28.5112925170068
28.60802721088435
28.728639455782314
29.000544217687075
28.83047619047619
28.361972789115647
27.209591836734695
26.643469387755104
26.336122448979594
26.513537414965988
26.5421768707483
26.472721088435375
25.607891156462586
24.90952380952381
24.70421768707483
24.825578231292518
24.578231292517007
24.278503401360545
24.378367346938777
24.63925170068027
24.63578231292517
23.91204081632653
23.510816326530612
23.340000000000003
23.268503401360547
22.736394557823132
22.492993197278913
22.48809523809524
22.962925170068026
23.038639455782317
22.802925170068026
22.293809523809525
22.09938775510204
22.006870748299317
21.61517006802721
21.58408163265306
21.312585034013605
21.17965986394558
20.91231292517007
21.63482993197279
22.17496598639456
21.722789115646258
21.02360544217687
20.99034013605442
21.233197278911568
21.02605442176871
21.083809523809524
20.808503401360547
20.32027210884354
19.88299319727891
19.965306122448958
19.457482993197246
