24.439115646258518
25.38639455782313
25.2108843537415
24.910068027210887
25.067482993197277
24.708639455782315
24.888503401360545
25.0865306122449
25.009455782312923
24.66
24.450748299319727
24.22482993197279
24.016734693877556
24.07503401360544
24.153673469387755
23.959115646258503
23.50278911564626
23.199591836734694
23.62938775510204
24.068503401360545
23.911632653061226
23.387687074829934
22.9178231292517
22.889795918367348
23.35387755102041
23.453333333333333
23.217619047619046
22.76013605442177
22.447278911564624
22.11965986394558
22.35374149659864
22.7021768707483
22.651428571428568
22.445510204081632
22.680884353741497
22.875306122448983
22.856734693877552
22.49340136054422
22.18
22.12734693877551
22.41360544217687
22.317142857142855
22.272244897959183
22.40625850340136
22.7008843537415
22.254285714285714
21.82027210884354
21.577823129251705
21.961768707482992
22.124489795918368
22.311088435374153
22.444013605442176
22.294353741496597
22.04122448979592
21.70986394557823
21.88809523809524
22.14081632653061
22.287551020408166
22.048367346938775
21.65877551020408
21.851360544217687
21.50605442176871
21.320748299319725
20.91687074829932
21.263061224489796
21.453537414965986
21.646122448979593
21.54136054421769
21.45727891156463
21.605238095238093
21.773537414965986
21.536462585034016
21.400544217687077
21.30074829931973
21.492108843537416
21.242244897959182
21.228163265306126
21.295034013605445
21.172857142857143
20.78278911564626
21.142993197278916
21.34979591836735
21.36401360544218
20.89829931972789
20.830952380952382
20.40761904761905
20.794829931972785
20.63687074829932
20.617482993197278
20.511496598639454
20.68721088435374
20.75265306122449
20.861292517006802
20.433333333333334
20.070748299319728
20.34238095238095
20.558911564625852
20.631496598639455
20.211224489795917
20.168639455782312
20.193673469387754
20.651428571428568
20.43081632653061
20.065102040816328
19.931156462585037
19.879727891156463
20.12768707482993
20.21795918367347
20.575238095238095
20.463401360544218
20.73843537414966
20.525034013605445
20.248979591836736
20.12374149659864
20.244149659863943
20.091496598639456
20.264693877551018
20.687755102040818
20.628095238095238
20.060408163265308
20.02857142857143
20.377482993197276
20.391564625850336
19.732108843537418
19.790408163265305
20.075578231292518
20.343537414965986
20.35591836734694
20.49625850340136
20.678503401360544
20.533265306122452
20.425170068027214
20.32061224489796
20.391496598639456
20.547755102040817
20.086802721088432
19.910680272108845
20.199319727891158
20.739251700680274
20.539047619047615
20.227210884353745
20.470612244897957
20.19
19.805510204081635
19.80789115646259
19.898911564625852
19.892448979591837
19.977823129251703
20.234285714285715
20.342721088435376
20.19231292517007
19.801972789115645
20.096054421768706
20.73204081632653
20.84952380952381
20.44265306122449
20.332857142857144
19.954761904761902
20.10482993197279
19.903673469387755
19.939251700680273
19.89578231292517
20.678367346938778
20.739591836734697
20.54904761904762
19.948163265306125
19.73047619047619
19.82278911564626
19.887755102040813
19.832721088435374
20.135714285714286
20.441632653061227
20.13544217687075
20.000340136054422
20.206054421768705
20.38734693877551
20.331360544217688
20.50108843537415
20.593877551020412
20.36591836734694
20.31374149659864
20.486190476190476
20.586054421768708
20.515850340136055
20.688843537414964
20.794625850340136
20.928367346938774
20.827755102040815
20.694421768707482
20.749795918367347
20.924217687074826
21.17843537414966
21.460680272108846
21.633673469387755
21.873945578231293
21.95183673469388
22.18795918367347
22.12108843537415
22.597346938775512
22.387414965986395
22.580340136054424
22.656938775510206
23.089863945578234
22.82108843537415
23.18605442176871
23.248163265306125
23.513333333333335
23.560748299319727
23.858503401360544
23.86578231292517
24.085238095238097
24.78938775510204
25.29768707482993
25.473333333333333
25.01931972789116
25.039387755102045
24.896598639455785
25.277074829931976
25.401564625850344
25.9065306122449
26.015442176870746
26.12748299319728
26.272721088435375
26.54027210884354
26.90517006802721
27.14340136054422
27.095510204081634
27.17857142857143
26.958367346938775
27.669115646258504
28.219047619047622
28.72734693877551
28.184761904761906
28.142721088435376
28.012040816326532
27.616666666666667
27.860544217687075
28.480816326530615
28.722517006802725
28.344285714285714
28.43659863945578
28.71496598639456
28.72197278911565
28.662857142857142
28.593061224489798
28.357414965986393
28.046802721088433
28.05911564625851
28.18591836734694
28.004489795918367
27.794897959183672
27.728979591836737
27.76183673469388
27.82714285714286
27.55925170068027
27.389251700680273
27.220748299319727
26.886326530612248
26.51034013605442
26.38544217687075
26.276598639455784
26.14027210884354
26.23578231292517
25.889591836734695
25.830204081632655
25.943401360544218
25.932244897959187
25.512517006802724
25.19401360544218
24.96278911564626
24.798639455782315
24.808027210884358
24.485170068027212
24.47795918367347
24.419251700680274
24.552721088435376
24.352380952380955
24.07979591836735
24.17734693877551
24.13061224489796
23.664625850340133
23.216462585034012
23.626870748299318
23.791972789115647
23.682108843537414
23.45727891156463
23.497210884353745
23.58034013605442
23.714081632653063
23.695306122448983
23.580408163265307
23.19625850340136
23.443809523809524
23.446598639455782
23.665714285714284
23.78530612244898
23.916530612244898
23.40231292517007
23.39612244897959
23.556870748299318
23.49340136054422
23.24061224489796
23.402721088435378
23.245374149659863
23.41068027210884
23.499727891156464
23.710680272108846
23.840816326530614
23.86857142857143
24.018775510204083
24.00312925170068
24.207823129251704
24.31891156462585
24.304897959183677
24.152925170068027
24.154285714285717
24.444285714285716
24.5043537414966
24.357891156462582
24.321972789115645
24.49721088435374
25.147414965986393
25.40734693877551
25.388027210884356
25.10578231292517
25.42714285714286
25.434489795918367
25.374421768707485
25.456938775510203
25.715850340136054
25.921224489795918
26.193061224489796
26.6143537414966
26.52448979591837
26.35136054421769
26.55204081632653
27.109319727891155
27.07857142857143
27.249387755102042
27.470952380952383
27.867346938775512
27.557142857142857
27.685850340136053
27.581224489795922
27.739455782312923
28.12074829931973
28.420748299319733
28.39952380952381
28.176870748299322
28.378911564625852
28.55027210884354
29.08122448979592
29.431428571428572
29.588843537414967
29.00843537414966
28.985510204081635
29.224217687074834
29.518979591836736
29.29448979591837
29.440680272108846
29.5587074829932
30.284353741496602
30.742925170068027
30.61482993197279
30.390544217687076
30.7834693877551
31.12156462585034
30.90312925170068
31.282380952380954
31.551768707482996
31.557278911564627
31.314353741496596
31.553537414965987
31.976394557823127
32.13149659863946
32.23598639455783
32.45721088435375
32.971972789115654
33.10190476190476
32.94285714285715
32.916054421768706
33.3695918367347
33.73503401360544
33.72027210884353
33.60428571428571
33.78918367346939
34.32863945578231
34.31721088435374
34.31061224489796
34.295034013605445
34.54979591836735
34.70727891156463
34.99863945578231
35.13612244897959
35.24503401360545
35.10666666666666
35.15653061224489
35.22741496598639
35.779591836734696
35.77401360544218
35.93707482993197
35.933197278911564
36.11965986394558
36.433673469387756
36.609523809523814
36.47605442176871
36.42789115646259
36.61387755102041
36.839795918367344
36.98870748299319
37.24993197278911
37.160816326530615
37.27734693877551
37.138231292517005
37.11850340136054
37.38863945578232
37.809047619047625
37.77993197278912
37.88938775510205
37.85006802721089
37.92074829931973
38.121156462585034
38.48748299319729
38.798299319727896
39.1526530612245
39.51714285714286
39.27006802721088
39.25326530612245
39.013945578231294
39.172653061224494
39.38482993197279
39.987687074829935
40.20843537414966
40.27034013605443
40.35993197278912
40.49993197278912
40.620816326530615
40.62925170068027
40.955238095238094
41.09346938775511
41.2091156462585
41.182585034013606
41.301632653061226
41.46333333333334
41.78258503401361
41.68673469387755
41.436190476190475
41.632721088435375
42.320136054421766
42.384693877551015
42.097346938775516
42.17197278911565
42.677619047619054
42.81401360544218
42.890952380952385
42.96918367346939
43.08469387755102
43.02619047619048
42.864761904761906
42.59619047619047
42.672653061224494
43.006802721088434
43.257619047619045
43.32496598639456
43.17551020408164
43.07945578231293
43.079523809523806
43.13612244897959
43.16006802721089
43.62401360544218
43.79666666666667
43.540340136054425
43.227823129251696
43.55530612244898
43.65578231292517
43.87510204081633
43.86986394557823
43.94380952380952
43.920476190476194
43.641020408163264
43.33265306122449
43.3087074829932
43.751768707482995
43.622517006802724
43.877687074829936
43.89319727891156
43.98251700680272
43.587278911564624
43.85659863945578
43.680476190476185
43.66299319727891
43.45448979591837
43.70666666666667
43.6065306122449
43.8008843537415
43.754013605442175
43.71265306122449
43.40095238095239
43.766666666666666
43.90340136054422
43.88619047619048
43.70639455782313
43.98789115646259
44.20503401360544
44.30571428571429
44.02782312925171
43.97734693877552
43.591292517006806
43.59646258503402
43.4261224489796
43.86387755102041
43.77748299319728
44.101292517006804
43.99108843537415
43.93931972789116
43.67632653061225
43.7178231292517
43.62210884353742
43.228435374149655
43.093061224489794
43.36802721088435
43.72054421768708
43.25884353741497
43.331700680272114
43.39102040816327
43.42061224489796
43.12877551020408
43.0243537414966
43.17258503401361
42.91394557823129
43.17646258503402
42.56367346938776
42.380612244897954
41.98183673469388
42.31510204081633
42.264489795918365
42.19401360544217
41.99700680272109
41.93408163265306
41.658707482993194
41.77197278911565
41.63755102040816
41.647006802721094
41.36972789115646
41.447278911564624
41.20448979591837
41.17795918367348
40.79632653061225
40.524149659863944
40.314829931972795
40.23469387755102
40.02557823129251
39.973401360544216
40.13006802721088
39.68843537414966
39.560952380952386
39.31489795918367
39.397891156462585
39.12503401360544
39.337278911564624
39.30877551020408
39.3156462585034
38.957074829931976
38.61272108843538
38.45925170068027
38.56319727891156
38.33714285714286
38.27170068027211
38.50775510204082
38.336394557823134
38.06204081632653
38.030748299319725
38.16795918367347
37.88224489795918
37.78768707482993
37.55734693877551
37.294013605442174
36.905850340136055
36.86693877551021
36.8987074829932
37.070680272108845
36.69455782312925
36.43244897959183
36.410204081632656
36.403673469387755
36.11210884353741
35.87768707482993
35.96136054421768
35.854557823129255
35.650136054421765
35.318775510204084
35.32054421768707
35.4187074829932
35.33136054421769
34.621632653061226
34.30115646258504
34.69761904761905
35.00734693877551
34.7091156462585
34.515510204081636
34.24816326530612
34.06979591836735
33.83074829931972
33.91265306122448
33.81551020408163
34.01047619047619
33.63666666666667
33.27340136054421
33.31972789115646
33.62278911564626
33.647551020408166
33.57993197278912
33.16367346938776
32.817891156462586
32.975782312925176
32.95455782312925
32.52591836734694
32.22
32.3508843537415
32.33061224489796
32.67455782312925
32.64938775510204
32.24578231292517
32.15687074829932
32.300340136054416
32.07523809523809
31.598095238095237
31.806394557823133
31.85816326530612
31.649455782312927
31.009727891156466
30.78292517006803
30.717687074829932
30.952176870748303
30.683197278911564
30.57299319727891
30.420952380952382
30.301768707482992
29.852721088435377
29.759863945578232
29.909659863945574
29.94639455782313
29.778843537414968
29.409047619047623
29.63585034013606
29.679863945578234
29.669999999999998
29.06639455782313
29.15489795918368
28.53278911564626
28.359251700680275
28.02965986394558
28.200544217687074
28.091428571428573
28.32414965986395
28.155782312925172
27.66312925170068
27.556394557823133
27.73170068027211
27.626122448979594
27.43285714285714
27.184829931972793
26.846122448979592
26.33639455782313
26.568503401360545
26.472244897959186
26.3356462585034
25.889115646258503
26.280272108843537
26.234217687074832
26.19224489795918
25.741632653061224
25.806190476190476
25.648911564625852
25.642040816326528
25.461904761904762
25.509863945578232
25.23455782312925
25.160408163265302
24.84292517006803
24.724829931972792
24.407755102040817
24.63700680272109
24.59285714285714
24.538367346938777
24.507210884353746
24.601904761904763
24.131632653061224
23.90122448979592
23.984217687074832
24.11857142857143
23.71591836734694
23.75258503401361
23.78993197278912
23.954285714285717
23.183945578231295
22.799931972789114
22.653877551020408
23.01721088435374
23.214081632653063
23.21482993197279
22.935306122448978
22.810204081632655
22.81122448979592
22.439523809523813
21.89122448979592
21.93190476190476
22.246190476190478
22.330204081632655
22.033265306122452
22.125782312925168
22.453061224489797
22.274421768707484
21.676530612244896
21.814149659863947
22.080544217687077
22.123061224489796
21.70231292517007
21.623945578231293
21.35
21.409727891156464
21.143809523809523
20.998843537414967
20.755442176870748
20.850748299319726
20.87265306122449
20.882176870748303
20.83081632653061
20.376462585034012
20.105510204081632
19.98673469387755
20.211904761904762
20.224897959183675
20.239455782312923
19.92292517006803
19.549455782312926
19.537687074829932
20.02469387755102
20.061360544217685
19.826462585034015
19.44761904761905
19.49517006802721
19.307891156462585
19.02877551020408
18.982244897959184
19.130748299319727
19.035374149659862
18.7521768707483
18.869115646258507
19.077891156462584
19.331972789115646
19.33517006802721
18.931972789115648
18.531224489795918
18.520748299319727
18.723469387755102
18.67278911564626
18.5212925170068
18.526938775510203
18.543129251700677
18.2191156462585
17.800408163265306
18.044353741496597
18.319319727891155
18.22748299319728
17.874761904761908
17.81482993197279
17.92700680272109
17.83979591836735
17.658571428571427
17.324149659863945
17.486666666666665
17.306938775510204
17.373945578231293
17.301360544217687
17.195578231292515
17.150272108843538
16.992108843537416
16.92006802721089
17.00496598639456
17.15244897959184
16.76619047619048
16.60585034013605
16.658843537414967
16.52204081632653
16.626258503401363
16.967414965986393
17.100884353741492
17.083197278911566
16.917142857142856
16.7778231292517
16.710748299319725
16.940408163265307
16.731428571428573
16.6930612244898
16.43544217687075
16.33122448979592
15.871292517006804
15.765306122448983
16.02918367346939
16.054761904761904
15.865306122448983
15.641156462585036
15.949795918367347
15.88299319727891
16.00578231292517
15.928163265306123
15.823061224489798
15.676870748299319
15.657755102040817
15.662857142857144
15.540748299319727
15.414217687074832
15.544081632653064
15.616462585034014
15.70278911564626
15.703265306122448
15.83061224489796
15.781564625850342
15.41374149659864
15.36183673469388
15.332176870748299
15.499387755102042
15.367346938775508
15.419455782312927
15.394217687074828
15.31530612244898
15.632448979591835
15.890272108843538
15.721292517006804
15.17421768707483
15.428707482993198
15.46530612244898
15.435578231292517
15.111836734693878
15.31904761904762
15.0456462585034
15.14734693877551
15.44421768707483
15.37938775510204
14.896462585034014
14.58625850340136
14.841836734693878
14.742244897959184
14.849319727891157
14.838707482993199
14.9378231292517
15.06843537414966
15.053129251700682
15.037142857142857
15.222244897959184
15.129319727891158
15.043061224489797
15.146258503401363
15.208707482993198
14.699795918367347
14.620136054421769
14.971292517006804
15.041292517006804
15.224421768707483
15.142857142857142
15.082789115646259
14.661700680272109
14.50687074829932
14.539455782312926
14.848843537414965
15.401768707482994
15.303537414965987
14.69795918367347
14.297755102040815
14.505646258503402
14.800408163265306
14.703605442176872
14.624353741496599
14.703265306122448
14.766190476190477
14.833877551020407
14.644897959183675
14.869931972789116
14.771564625850342
14.87639455782313
14.604421768707484
14.813333333333334
14.580544217687075
14.755374149659865
14.486054421768708
15.107346938775512
15.10061224489796
15.012653061224489
14.372993197278912
14.446734693877552
14.227278911564625
14.38891156462585
14.66843537414966
14.860340136054424
14.683333333333334
14.512721088435375
14.45891156462585
14.394761904761905
14.530884353741497
14.605918367346941
14.556190476190476
14.262176870748299
14.077142857142858
14.128367346938774
14.139863945578231
14.206530612244897
14.206938775510206
14.397823129251702
14.425986394557825
14.178639455782314
14.096938775510205
14.432925170068028
14.280952380952382
14.327074829931973
14.428979591836734
14.69639455782313
14.07387755102041
13.95231292517007
14.126190476190477
14.716870748299321
14.672721088435374
14.699591836734694
14.716802721088435
14.76
14.134761904761906
14.281768707482994
14.696054421768707
14.827414965986396
14.723469387755102
14.782585034013605
14.713537414965986
14.355850340136055
14.402585034013608
14.371768707482993
14.186938775510203
14.244965986394558
14.386802721088436
14.291360544217687
14.137074829931974
14.30904761904762
14.445714285714287
14.343469387755103
14.393605442176872
14.543741496598638
14.482176870748297
14.410272108843538
14.301904761904762
14.297414965986395
14.199659863945579
14.360204081632652
14.2443537414966
14.19108843537415
14.03591836734694
14.110884353741497
14.24013605442177
14.964353741496598
14.680068027210885
14.471020408163266
13.949931972789116
14.457414965986395
14.363877551020407
14.348503401360544
13.865850340136056
13.95312925170068
14.149047619047622
14.189251700680273
14.19074829931973
14.10142857142857
14.168163265306122
14.409591836734695
14.570612244897958
14.207142857142859
13.816190476190476
14.139251700680273
14.155986394557825
14.276734693877552
14.385034013605443
14.612721088435375
14.196122448979592
14.094217687074831
14.316734693877551
14.436190476190475
14.094557823129252
13.864897959183674
13.906190476190478
13.986598639455782
13.744897959183675
13.95687074829932
14.199319727891158
14.66156462585034
14.630068027210884
15.050680272108844
14.643129251700682
14.599727891156464
14.204149659863946
14.317346938775511
14.047210884353742
14.32517006802721
14.344897959183676
14.426598639455783
14.274421768707484
14.487414965986396
14.564285714285715
14.680136054421768
14.464897959183673
14.568163265306124
14.39408163265306
14.726122448979591
14.426870748299319
14.641428571428571
14.362925170068028
14.3743537414966
14.215850340136054
14.678163265306123
14.528843537414968
14.288843537414966
14.50469387755102
14.672585034013604
14.580544217687075
14.482176870748301
14.514897959183674
14.376326530612245
14.391428571428571
14.230816326530611
14.32965986394558
14.701020408163265
14.763673469387754
14.512653061224489
14.283673469387756
14.672585034013604
14.616326530612245
14.561768707482994
14.626326530612245
14.879251700680273
14.778843537414968
14.778503401360545
14.873673469387755
14.868435374149659
14.985714285714288
15.05421768707483
14.830408163265306
14.710612244897959
15.34122448979592
15.085102040816327
14.569183673469388
14.212653061224488
14.73857142857143
14.752925170068027
14.53238095238095
14.751496598639456
14.82265306122449
14.922857142857143
14.53829931972789
14.701292517006802
14.866190476190479
15.31891156462585
15.227074829931972
15.165578231292518
14.815374149659863
14.749387755102042
14.438503401360544
14.523673469387756
14.71639455782313
15.083469387755102
15.18809523809524
15.116190476190479
15.276598639455782
15.270408163265305
15.028435374149659
14.879795918367346
15.129863945578233
15.27374149659864
15.162925170068029
15.018027210884355
15.116462585034014
15.205102040816328
15.182108843537415
15.292040816326534
15.539115646258503
15.73360544217687
15.337891156462586
15.032585034013605
15.089319727891157
15.310272108843538
15.207210884353742
15.30326530612245
15.581224489795918
15.736122448979593
15.612108843537417
15.912789115646259
15.995986394557823
15.944353741496599
15.381360544217685
15.542108843537415
15.788707482993196
15.77340136054422
15.178571428571429
15.2765306122449
15.561428571428571
15.67482993197279
15.904761904761907
15.916462585034015
15.720272108843538
15.557755102040819
15.816054421768708
16.07292517006803
16.026326530612245
15.565578231292516
15.471156462585032
15.784217687074829
15.823945578231292
15.742789115646257
15.828231292517007
15.974965986394558
16.049183673469386
16.055034013605443
15.812993197278912
16.09040816326531
16.387619047619047
16.787687074829932
16.78469387755102
16.829795918367346
16.367346938775512
16.90734693877551
17.12904761904762
17.102312925170068
16.875374149659862
17.053945578231293
16.81448979591837
16.883537414965986
16.961632653061223
16.829795918367346
16.654285714285713
17.00829931972789
16.99809523809524
17.189115646258504
17.130544217687078
17.54768707482993
17.165850340136057
17.287074829931974
17.488843537414965
17.779387755102043
17.628095238095234
17.753469387755104
17.991632653061224
18.121904761904762
18.102585034013607
18.250952380952384
18.185510204081634
18.436258503401362
18.461836734693883
18.679047619047623
18.665102040816322
18.84176870748299
18.7378231292517
19.048367346938775
19.02149659863946
19.145986394557823
18.76265306122449
19.2830612244898
19.704489795918366
20.099115646258504
19.914693877551024
19.917210884353743
20.279251700680273
21.070884353741494
21.01925170068027
20.636530612244897
20.99476190476191
21.64857142857143
21.96265306122449
21.71496598639456
22.22040816326531
22.552448979591837
23.48816326530612
24.11496598639456
24.229115646258503
24.349523809523813
24.96496598639456
25.61530612244898
25.571496598639456
26.078163265306127
26.484897959183677
26.55768707482993
26.291768707482994
26.33278911564626
26.204353741496604
26.36591836734694
26.50714285714286
26.387755102040817
25.767823129251703
26.019115646258506
26.034897959183677
26.243197278911566
26.091836734693878
26.501496598639456
26.104353741496602
25.90673469387755
26.12904761904762
26.353809523809524
26.494625850340135
26.617006802721093
26.74809523809524
26.664013605442175
26.474897959183675
26.626938775510204
26.812925170068027
27.50360544217687
27.57884353741497
27.82700680272109
27.87707482993197
28.354285714285712
28.38034013605442
28.53510204081633
28.418231292517007
28.232857142857142
28.249591836734695
28.492585034013608
28.513877551020407
28.334965986394558
28.380408163265308
28.62816326530612
28.702721088435375
28.7278231292517
28.905646258503403
29.32047619047619
29.538503401360543
29.34374149659864
28.7843537414966
28.67721088435374
29.048639455782315
28.87591836734694
27.871700680272106
27.069999999999997
26.595374149659868
26.9065306122449
26.99176870748299
26.831224489795922
26.240272108843534
26.244693877551022
26.027414965986395
25.585918367346938
25.438095238095237
25.013061224489796
24.560272108843538
24.45190476190476
24.553129251700682
24.443401360544218
23.620408163265306
23.2308843537415
23.055034013605443
23.58632653061224
23.393333333333334
22.86687074829932
22.636802721088436
22.885986394557825
23.031020408163265
22.465918367346937
22.00612244897959
21.902789115646257
22.000612244897958
22.33843537414966
22.453809523809525
22.080408163265307
21.351088435374148
21.08374149659864
21.521156462585033
21.89639455782313
21.81421768707483
21.27761904761905
20.992857142857144
21.2687074829932
21.16809523809524
21.231156462585034
20.843061224489794
20.715986394557824
20.090000000000003
19.859047619047615
19.310238095238084
