113.08734693877557
113.3125170068027
113.33122448979593
113.20945578231293
112.93142857142857
112.49258503401362
112.1308163265306
111.94489795918366
111.88095238095238
111.98653061224489
112.01142857142857
112.03129251700682
111.81183673469388
111.69557823129253
111.57591836734694
111.6487074829932
111.53877551020409
111.44755102040817
111.37476190476191
111.22210884353743
111.07068027210886
110.95054421768708
110.97387755102041
110.96755102040817
110.95027210884355
110.99408163265306
111.06965986394559
111.09394557823128
110.95700680272108
110.78850340136054
110.75285714285715
110.68435374149661
110.58190476190477
110.28877551020409
110.13428571428571
110.04585034013606
110.04197278911565
109.95258503401361
109.85217687074831
109.88333333333334
110.12673469387755
110.71394557823129
111.05734693877551
111.09687074829931
111.06809523809524
111.29074829931974
111.32578231292518
111.22721088435374
111.2078231292517
111.2261224489796
111.14115646258503
111.06380952380952
111.1395918367347
111.1526530612245
111.12183673469389
111.01108843537415
111.06952380952382
111.05414965986395
111.0538775510204
111.00421768707483
111.03673469387755
110.97040816326532
110.86843537414967
110.8952380952381
111.09564625850342
111.29510204081633
111.28605442176871
111.18272108843539
110.98387755102043
110.83496598639456
110.69353741496599
110.44013605442177
110.26551020408164
110.28557823129253
110.31442176870749
110.25666666666666
110.22244897959183
110.35326530612244
110.23891156462585
110.13217687074831
109.89659863945579
109.71469387755103
109.4761224489796
109.34455782312925
109.33816326530614
109.278231292517
109.24224489795918
109.24836734693878
109.21401360544218
109.1952380952381
109.13707482993198
109.08442176870747
108.82918367346939
108.70551020408165
108.73551020408165
108.86061224489796
108.77517006802721
108.55102040816325
108.45319727891156
108.37748299319728
108.31877551020408
108.22224489795919
108.08197278911564
107.99666666666667
108.07489795918367
108.23142857142858
108.2691836734694
108.48891156462585
108.75755102040816
109.02870748299321
109.27448979591838
109.6191836734694
109.79639455782313
109.90346938775511
109.98149659863947
110.13666666666667
110.37380952380951
110.57367346938776
110.74993197278911
110.80707482993198
110.87972789115646
110.86367346938776
110.89231292517007
110.85986394557823
111.01510204081633
111.40428571428572
111.74721088435375
111.94578231292518
112.0565306122449
112.16285714285715
112.12414965986395
112.23496598639457
112.32115646258504
112.52333333333333
112.67115646258505
112.74401360544219
112.81285714285714
113.00061224489795
113.13095238095238
113.2030612244898
113.39421768707484
113.63612244897959
113.8822448979592
114.10945578231292
114.29074829931973
114.40074829931973
114.46170068027212
114.54843537414966
114.66857142857143
114.90843537414968
115.08000000000001
115.30931972789116
115.3447619047619
115.37108843537415
115.25938775510204
115.29795918367346
115.41
115.63210884353742
115.70183673469388
115.86088435374151
116.07265306122449
116.30122448979593
116.41904761904763
116.58918367346939
116.89557823129252
117.41884353741497
118.03979591836735
118.51965986394559
118.6334693877551
118.66700680272109
118.82034013605441
119.11278911564625
119.42251700680272
119.59272108843537
119.84421768707483
119.99891156462586
120.30925170068028
120.58585034013605
121.20993197278912
121.80836734693878
122.39789115646259
122.88210884353742
123.3082993197279
123.90040816326533
124.59102040816327
125.36952380952383
126.15836734693879
127.31258503401362
128.5022448979592
129.96979591836737
131.4876190476191
132.8181632653061
133.95401360544219
135.2290476190476
136.59918367346938
138.05979591836734
139.50863945578232
141.05850340136055
142.5873469387755
144.3495918367347
145.94544217687076
147.77006802721087
149.5192517006803
151.27061224489796
152.7174149659864
154.2804761904762
155.80074829931976
157.2952380952381
158.63938775510206
159.95557823129252
161.2131972789116
162.47727891156464
163.70238095238093
164.82680272108846
165.76707482993197
166.68061224489793
167.56721088435373
168.48265306122448
169.34843537414966
170.15285714285713
170.77448979591836
171.46925170068027
172.1831972789116
172.89061224489797
173.33462585034016
173.75836734693877
174.17884353741496
174.66489795918366
174.95993197278912
175.23591836734695
175.5452380952381
175.8100680272109
175.93319727891156
176.09312925170067
176.26374149659864
176.34510204081633
176.46680272108844
176.54632653061225
176.565306122449
176.56537414965987
176.56401360544217
176.5038775510204
176.37836734693877
176.17421768707482
175.8776870748299
175.63639455782314
175.45557823129252
175.245306122449
175.01877551020408
174.82775510204084
174.55319727891157
174.2587755102041
173.97401360544217
173.70306122448977
173.30680272108845
172.96510204081633
172.68401360544215
172.39877551020408
171.9390476190476
171.54544217687072
171.25482993197278
171.04823129251702
170.67068027210885
170.17081632653063
169.74231292517007
169.33476190476193
169.0117006802721
168.57176870748302
168.14578231292518
167.56367346938777
167.04986394557824
166.46768707482994
165.9996598639456
165.4048979591837
164.84408163265306
164.186462585034
163.68857142857146
163.15979591836737
162.64306122448983
162.09741496598642
161.6174829931973
161.18455782312927
160.73408163265307
160.34238095238095
160.0465986394558
159.7922448979592
159.53646258503403
159.32795918367347
159.18102040816328
159.09217687074832
159.16068027210886
159.2891836734694
159.3269387755102
159.35857142857142
159.56421768707483
159.80911564625848
159.98809523809524
160.2744217687075
160.69414965986397
161.09156462585034
161.46326530612248
161.83421768707484
162.29734693877555
162.78027210884355
163.27551020408163
163.8095238095238
164.39156462585035
165.09136054421768
165.74965986394557
166.43619047619046
167.03
167.66843537414965
168.28721088435375
169.04646258503402
169.7522448979592
170.41503401360546
170.96068027210885
171.5366666666667
172.13102040816327
172.7544897959184
173.3495918367347
173.9178911564626
174.46272108843536
175.02605442176872
175.6013605442177
176.20074829931974
176.66564625850341
177.1519047619048
177.58986394557826
178.06965986394562
178.46768707482994
178.95231292517008
179.39285714285717
179.82680272108843
180.07999999999998
180.4044217687075
180.81020408163266
181.1521768707483
181.39993197278912
181.72632653061225
182.09054421768707
182.32965986394558
182.56421768707486
182.8552380952381
183.0956462585034
183.25850340136054
183.3901360544218
183.54102040816326
183.81074829931973
184.09721088435376
184.28727891156464
184.37612244897957
184.47564625850342
184.45965986394557
184.40836734693875
184.50312925170067
184.77972789115648
184.98938775510203
185.11503401360545
185.2051700680272
185.2839455782313
185.33809523809524
185.38258503401363
185.4265306122449
185.38591836734696
185.3092517006803
185.421768707483
185.52727891156465
185.5826530612245
185.565306122449
185.6531292517007
185.68394557823132
185.6917006802721
185.73285714285714
185.84993197278914
185.85639455782314
185.79292517006803
185.8304761904762
185.94782312925173
186.0146258503401
186.05979591836734
186.1130612244898
186.13020408163266
186.17442176870748
186.2861224489796
186.26034013605442
186.18068027210884
186.1291836734694
186.1614285714286
186.0608843537415
186.00142857142856
185.96721088435373
186.06945578231293
186.05510204081634
186.0885714285714
185.9792517006803
185.9018367346939
185.8665986394558
185.8461224489796
185.8251700680272
185.8060544217687
185.78571428571428
185.68142857142857
185.54292517006803
185.45156462585032
185.39462585034016
185.38551020408164
185.33952380952383
185.22115646258504
185.09673469387758
184.97333333333333
184.8917006802721
184.80387755102043
184.7736054421769
184.64727891156463
184.57931972789117
184.54986394557824
184.52462585034013
184.3204761904762
184.1125170068027
183.90897959183673
183.84673469387758
183.767074829932
183.6457142857143
183.45292517006806
183.28312925170067
183.0474149659864
182.86795918367346
182.7751020408163
182.6444217687075
182.47673469387755
182.3561224489796
182.29108843537415
182.18340136054422
182.01612244897962
181.80537414965988
181.59625850340137
181.52727891156462
181.35625850340136
181.13061224489797
180.87387755102043
180.70659863945576
180.44653061224489
180.23231292517008
180.00489795918367
179.78585034013608
179.56986394557822
179.38938775510204
179.1652380952381
178.9509523809524
178.7342857142857
178.48755102040818
178.22272108843538
177.8987074829932
177.6095918367347
177.30326530612246
177.23455782312925
177.04571428571427
176.89190476190478
176.4244217687075
176.1404761904762
175.75891156462586
175.5578911564626
175.2596598639456
175.00285714285715
174.62659863945578
174.23551020408163
173.9012925170068
173.6234013605442
173.30115646258503
172.94231292517009
172.71755102040817
172.4974829931973
172.1840136054422
171.8387074829932
171.5195918367347
171.21013605442178
170.87945578231293
170.55571428571432
170.23564625850338
169.97108843537416
169.61469387755105
169.26
168.86993197278912
168.5961904761905
168.1908843537415
167.94244897959183
167.66455782312926
167.49972789115645
167.13510204081635
166.80836734693878
166.3965306122449
166.0965306122449
165.79891156462588
165.5029931972789
165.06707482993198
164.7343537414966
164.49278911564625
164.20204081632653
163.82979591836735
163.54074829931972
163.30496598639456
162.97374149659865
162.56707482993198
162.20544217687075
161.94734693877552
161.70088435374151
161.36326530612243
160.97054421768706
160.6305442176871
160.27768707482994
159.95074829931974
159.61374149659866
159.35095238095238
158.88421768707485
158.39129251700683
157.92639455782313
157.6348979591837
157.36190476190475
157.0351700680272
156.68755102040816
156.31061224489795
155.90156462585034
155.4134693877551
155.02292517006805
154.55646258503404
154.12027210884355
153.62782312925174
153.20448979591833
152.68204081632652
152.32020408163265
151.98700680272108
151.5751700680272
151.03523809523813
150.58
150.08857142857144
149.58251700680273
148.95333333333335
148.43761904761902
147.86884353741496
147.44027210884354
146.9043537414966
146.2979591836735
145.73442176870748
145.2096598639456
144.62312925170068
144.00646258503403
143.41632653061225
142.69340136054421
142.00904761904764
141.40360544217688
140.7861224489796
140.04496598639457
139.35843537414968
138.6061224489796
137.83632653061224
137.03952380952384
136.2560544217687
135.48877551020408
134.72068027210884
133.98768707482992
133.20115646258503
132.42469387755102
131.66761904761904
131.00551020408165
130.28095238095239
129.52945578231294
128.8187755102041
128.1229931972789
127.49129251700681
126.9100680272109
126.42115646258505
125.91938775510204
125.45578231292518
125.05068027210885
124.70639455782313
124.25775510204082
123.88292517006803
123.67469387755104
123.55197278911565
123.27346938775511
123.13170068027212
123.0170068027211
122.91102040816327
122.6847619047619
122.50510204081633
122.37986394557822
122.20823129251703
122.05380952380952
121.88857142857142
121.6969387755102
121.39591836734694
121.27632653061225
121.1644217687075
120.87346938775511
120.51666666666668
120.19680272108845
119.80925170068026
119.3731292517007
118.95231292517006
118.62027210884354
118.39074829931974
118.01727891156462
117.58687074829932
117.20312925170069
116.90054421768708
116.3491836734694
115.8347619047619
115.24959183673468
114.78639455782313
114.3743537414966
114.03891156462585
113.6230612244898
113.2578231292517
112.90775510204082
112.3752380952381
111.82054421768709
111.42653061224489
111.16585034013605
110.69129251700681
110.17319727891157
109.71727891156463
109.26870748299321
108.78707482993198
108.42360544217686
107.94238095238096
107.37809523809526
106.90619047619047
106.59809523809525
106.1670068027211
105.71768707482994
105.2078911564626
104.78115646258503
104.32707482993197
103.7226530612245
103.14925170068027
102.70557823129252
102.46183673469388
102.13979591836737
101.74061224489796
101.24380952380953
100.64571428571428
100.1247619047619
99.62850340136055
99.24027210884354
98.77258503401362
98.32952380952382
97.94340136054421
97.5713605442177
97.14578231292518
96.64034013605442
96.19761904761906
95.78448979591836
95.39061224489797
95.10414965986395
94.8095238095238
94.33714285714285
93.80333333333333
93.49809523809523
93.14721088435374
92.70034013605444
92.15632653061225
91.71863945578231
91.19224489795918
90.81870748299319
90.52680272108843
90.18231292517007
89.73278911564626
89.39863945578232
89.06673469387755
88.62380952380953
88.23108843537415
87.89489795918368
87.38306122448981
86.88380952380953
86.48414965986396
86.09884353741498
85.60687074829931
85.17537414965986
84.81027210884353
84.51646258503402
84.20891156462585
83.76020408163265
83.39319727891157
83.12455782312924
82.73523809523809
82.25081632653061
81.88380952380953
81.67278911564625
81.26680272108844
80.81591836734694
80.35462585034013
80.08027210884353
79.78081632653061
79.41374149659865
78.97687074829932
78.66863945578231
78.48489795918368
78.21911564625852
77.81884353741498
77.4347619047619
77.18278911564626
76.92693877551021
76.63061224489797
76.37748299319728
76.0678231292517
75.7412925170068
75.39687074829934
75.17530612244899
74.9344217687075
74.63884353741497
74.32904761904761
74.08727891156462
73.84979591836733
73.52428571428572
73.19
73.01272108843537
73.02714285714288
72.93204081632652
72.6565306122449
72.37544217687073
72.1569387755102
71.93102040816326
71.69333333333334
71.42244897959185
71.08727891156462
70.83224489795919
70.63721088435372
70.46020408163264
70.27891156462584
70.123537414966
70.00272108843538
69.80081632653062
69.54333333333334
69.28319727891156
69.14170068027212
68.92544217687076
68.5952380952381
68.27428571428571
68.13503401360543
68.0439455782313
67.94931972789115
67.7704761904762
67.56891156462586
67.40183673469389
67.33605442176871
67.11095238095238
66.83897959183673
66.65414965986396
66.56687074829932
66.3878231292517
66.28149659863946
66.23068027210886
66.07585034013606
65.76795918367347
65.51687074829933
65.30700680272109
65.01687074829933
64.77326530612245
64.81251700680272
64.82190476190478
64.71020408163264
64.4978231292517
64.43863945578232
64.33666666666667
64.11843537414966
63.8934693877551
63.7852380952381
63.59374149659864
63.28142857142858
63.09346938775511
63.07693877551021
62.98408163265306
62.70319727891157
62.520884353741494
62.4365306122449
62.3295918367347
62.22503401360545
62.174965986394554
62.15380952380953
62.0934693877551
62.041496598639455
61.8561224489796
61.75292517006803
61.71714285714285
61.6808163265306
61.59142857142857
61.452380952380956
61.3730612244898
61.424625850340135
61.40061224489796
61.29061224489796
61.18551020408164
61.150340136054425
60.97020408163266
60.91857142857143
60.943061224489796
60.86149659863946
60.77176870748299
60.75959183673469
60.83292517006802
60.64836734693878
60.60408163265306
60.52836734693878
60.51544217687075
60.454897959183675
60.44401360544218
60.35727891156462
60.37578231292517
60.325034013605446
60.13829931972789
59.98034013605442
60.00945578231293
60.1721768707483
60.31061224489796
60.34578231292517
60.171768707483
60.042857142857144
59.978639455782314
60.02408163265306
59.99714285714286
59.94734693877551
60.10945578231293
60.152517006802725
60.04319727891157
59.90761904761905
59.95142857142858
59.96707482993198
60.03945578231292
60.18965986394558
60.26877551020408
60.39755102040817
60.421224489795925
60.29619047619048
60.20115646258503
60.32251700680271
60.36265306122449
60.348775510204085
60.41748299319728
60.613129251700684
60.73836734693877
60.701904761904764
60.651972789115646
60.749047619047616
61.03503401360545
61.317414965986394
61.458503401360545
61.62625850340136
61.5874149659864
61.530952380952385
61.59421768707483
61.9865306122449
62.2191156462585
62.330884353741496
62.412789115646255
62.59877551020409
62.648435374149656
62.76462585034013
62.84537414965986
62.945238095238096
63.03687074829932
63.28258503401361
63.28965986394557
63.3774149659864
63.5052380952381
63.68816326530613
63.57190476190476
63.74340136054422
63.959863945578235
64.13707482993198
64.16149659863946
64.27068027210885
64.29795918367347
64.44557823129253
64.5591156462585
64.71482993197279
64.81823129251701
64.96047619047619
65.21251700680273
65.44074829931972
65.60197278911565
65.52755102040817
65.58544217687076
65.65748299319728
65.76414965986396
65.95755102040818
66.11585034013606
66.16863945578231
66.12925170068029
66.23489795918367
66.29374149659864
66.31639455782312
66.26632653061225
66.22312925170068
66.1612925170068
66.26054421768708
66.41251700680272
66.52591836734693
66.43326530612245
66.27292517006802
66.36802721088435
66.52102040816327
66.57319727891156
66.42693877551021
66.41659863945577
66.4191156462585
66.46122448979591
66.58836734693878
66.6778231292517
66.66836734693877
66.52755102040817
66.40986394557822
66.45721088435374
66.49714285714285
66.53462585034013
66.38999999999999
66.21265306122447
66.1121768707483
66.16965986394558
66.23156462585035
66.14673469387755
66.04925170068027
66.03517006802721
66.04755102040816
65.99285714285713
65.8260544217687
65.6826530612245
65.51884353741498
65.42891156462585
65.3229931972789
65.14170068027212
64.94340136054421
64.84761904761905
64.80612244897961
64.82380952380953
64.7821768707483
64.52925170068028
64.44482993197279
64.3195918367347
64.28034013605442
64.17578231292518
64.17727891156463
63.96687074829932
63.88734693877552
63.80204081632653
63.62714285714287
63.39938775510204
63.37380952380953
63.3095918367347
63.27231292517006
63.167210884353736
63.04510204081632
62.92367346938775
62.87469387755102
62.90564625850341
62.76081632653061
62.59108843537415
62.21768707482993
62.10231292517007
62.134897959183675
62.28761904761905
62.08244897959184
61.86333333333334
61.72190476190477
61.72680272108843
61.76578231292517
61.66632653061225
61.467891156462585
61.2865306122449
61.317482993197274
61.2025850340136
61.11714285714286
61.05727891156463
61.0404761904762
60.84238095238096
60.729727891156465
60.71761904761905
60.64231292517007
60.46034013605443
60.29646258503402
60.22993197278912
60.077278911564626
59.79884353741497
59.59034013605443
59.564965986394554
59.62013605442177
59.45095238095238
59.24442176870748
59.04829931972789
58.994285714285716
58.87231292517007
58.79836734693878
58.733809523809526
58.6461224489796
58.44299319727891
58.341564625850346
58.272993197278915
58.18040816326531
57.91619047619048
57.76748299319728
57.610408163265305
57.523537414965986
57.51217687074829
57.460680272108846
57.37945578231293
57.233809523809526
57.1295918367347
57.01428571428571
57.009455782312926
56.953265306122454
56.8604761904762
56.77816326530612
56.73625850340136
56.647006802721094
56.508639455782316
56.503877551020416
56.4569387755102
56.5361224489796
56.41340136054421
56.43244897959183
56.49401360544218
56.53034013605443
56.51557823129252
56.44795918367347
56.42442176870748
56.39605442176871
56.49231292517007
56.444557823129244
56.36693877551021
56.35047619047619
56.508639455782316
56.56204081632654
56.60775510204082
56.6765306122449
56.87986394557823
56.97931972789116
56.92013605442177
56.90510204081633
56.98897959183674
57.141836734693875
57.210136054421774
57.13442176870748
57.14598639455782
57.416598639455785
57.52557823129251
57.49721088435375
57.52340136054422
57.71938775510204
57.745170068027214
57.88727891156462
58.12238095238095
58.30551020408164
58.36081632653061
58.53965986394557
58.5934693877551
58.6543537414966
58.71312925170068
58.98789115646258
59.117210884353746
59.22591836734694
59.31551020408163
59.606462585034016
59.82918367346939
60.04047619047619
60.18952380952382
60.442993197278916
60.58054421768708
60.84265306122449
61.110952380952384
61.335578231292516
61.582585034013604
61.82068027210884
61.9487074829932
62.11374149659865
62.42836734693877
62.76156462585034
62.936190476190475
63.14231292517007
63.28972789115647
63.621088435374155
63.871156462585034
64.14993197278912
64.3004761904762
64.49863945578232
64.78476190476191
65.14156462585035
65.27659863945578
65.32326530612245
65.52183673469389
65.74755102040817
66.0712925170068
66.4378231292517
66.77489795918368
66.9482993197279
67.26244897959185
67.63136054421769
68.07734693877552
68.54727891156463
68.9865306122449
69.34714285714287
69.67387755102041
69.97802721088435
70.32931972789116
70.58993197278912
70.72170068027211
70.94455782312926
71.17360544217686
71.59251700680272
71.77428571428572
72.03721088435374
72.0865306122449
72.42578231292518
72.61571428571429
72.82823129251702
73.04244897959182
73.29857142857142
73.37408163265307
73.55761904761906
74.00183673469387
74.40217687074829
74.57557823129252
74.77612244897958
74.93850340136055
75.18517006802722
75.3656462585034
75.61367346938775
75.84619047619047
76.13074829931972
76.44374149659863
76.65374149659864
76.86142857142858
77.06
77.32768707482994
77.51918367346939
77.62734693877552
77.84666666666666
78.01360544217688
78.14585034013606
78.25428571428571
78.44925170068028
78.7731292517007
79.17945578231293
79.49353741496597
79.66292517006802
79.87761904761905
80.05517006802722
80.43401360544217
80.79408163265306
81.10687074829931
81.46809523809523
81.98115646258503
82.35965986394558
82.47748299319728
82.7404081632653
83.11850340136054
83.58585034013606
83.89571428571429
84.19047619047619
84.55850340136055
85.03027210884353
85.34068027210884
85.84721088435373
86.35326530612245
87.06721088435376
87.62959183673469
88.24170068027212
88.66204081632652
89.30659863945579
90.16435374149661
91.10619047619048
91.9882993197279
93.01544217687075
94.24238095238096
95.47197278911565
96.71251700680273
98.07428571428571
99.4730612244898
100.96809523809524
102.61965986394557
104.14775510204082
105.40557823129254
106.4578911564626
107.44761904761904
108.26496598639456
108.69408163265307
108.79843537414966
108.8396598639456
108.90272108843538
108.81557823129252
108.69108843537416
108.56102040816327
108.33993197278912
108.18387755102042
108.08931972789117
107.98353741496598
107.73074829931971
107.53625850340134
107.54088435374149
107.75591836734694
108.111768707483
108.59571428571428
109.2343537414966
109.72714285714287
110.04
110.18340136054422
110.36210884353741
110.51149659863947
110.67292517006803
110.82578231292517
110.97836734693877
111.14768707482992
111.2499319727891
111.37714285714287
111.60095238095238
112.00272108843538
112.43979591836735
112.66775510204083
112.7812925170068
112.67761904761906
112.42666666666668
111.82054421768707
110.80557823129251
109.76408163265306
108.75897959183673
107.88129251700681
106.82006802721088
105.91816326530613
104.82469387755101
103.60489795918367
102.43319727891156
101.16897959183672
99.55197278911564
97.79034013605443
95.91061224489796
93.92680272108845
91.72265306122449
90.09843537414966
88.6
87.22244897959183
85.5209523809524
83.98367346938777
82.37931972789116
81.00156462585034
79.65448979591837
78.15673469387755
76.7151700680272
75.39544217687074
74.07000000000001
72.59115646258503
71.05945578231292
69.596462585034
68.34360544217687
67.23278911564626
65.79632653061225
64.39034013605442
63.21938775510204
62.19353741496599
61.09496598639456
59.93517006802722
58.543333333333344
57.248775510204084
56.148843537414976
55.10836734693878
54.091972789115644
52.970068027210885
51.97714285714285
51.221700680272114
50.960136054421774
50.64904761904762
50.28210884353742
49.59292517006803
48.78551020408163
47.99142857142858
47.055170068027216
45.990476190476194
44.83489795918368
43.703469387755106
42.23952380952381
40.88238095238094
39.87523809523809
