124.7790816326531
124.86224489795916
125.03639455782313
125.2409523809524
125.51231292517006
125.53591836734694
125.33163265306122
125.20040816326531
125.21727891156462
125.44462585034013
125.501768707483
125.4391156462585
125.12401360544217
124.94326530612244
124.82074829931973
124.7638775510204
124.72054421768708
124.7839455782313
124.87455782312927
124.90455782312925
124.73986394557824
124.46802721088436
124.27734693877551
124.22836734693877
124.22823129251701
124.38625850340136
124.66414965986397
124.72231292517007
124.50408163265308
124.36585034013606
124.27870748299321
124.09816326530611
123.82789115646258
123.73231292517008
123.56204081632653
123.4265306122449
123.18231292517007
122.97482993197279
122.74707482993198
122.73761904761905
122.80850340136054
123.00353741496599
123.00734693877551
123.0113605442177
122.94843537414965
122.85278911564626
122.728231292517
122.76244897959182
122.69176870748299
122.53795918367348
122.48755102040816
122.57068027210883
122.5247619047619
122.47482993197278
122.39571428571429
122.44469387755102
122.57231292517008
122.77496598639456
122.80891156462584
122.71217687074828
122.6665306122449
122.78442176870749
122.85163265306124
122.75619047619048
122.65312925170068
122.67442176870748
122.75122448979592
122.89034013605443
122.99408163265306
122.9440136054422
122.77428571428571
122.59149659863947
122.55462585034014
122.701768707483
122.96251700680273
123.1004761904762
123.19857142857144
123.24108843537417
123.28537414965987
123.27278911564626
123.20591836734694
122.96312925170068
122.66374149659863
122.50047619047619
122.51292517006803
122.60340136054421
122.66551020408166
122.79299319727892
122.99523809523811
123.0699319727891
122.991768707483
122.88925170068028
122.88707482993198
122.8912925170068
122.72993197278913
122.5047619047619
122.36292517006802
122.39972789115646
122.42108843537414
122.50863945578232
122.56108843537415
122.64625850340136
122.65435374149659
122.73979591836735
122.76503401360543
122.85442176870748
122.93176870748302
123.11619047619048
123.38414965986395
123.69265306122449
123.99782312925169
124.08503401360544
124.0942857142857
124.05503401360544
123.97197278911565
123.84142857142858
123.91068027210883
124.15360544217688
124.28897959183675
124.52224489795918
124.77102040816327
125.14006802721089
125.36863945578233
125.6213605442177
125.69639455782314
125.81816326530614
125.91333333333334
126.04904761904761
126.14972789115646
126.12380952380951
126.00680272108842
126.1678231292517
126.47727891156462
126.64877551020409
126.67843537414967
126.85585034013604
127.01448979591838
127.19863945578231
127.35809523809525
127.58659863945579
127.71503401360545
127.96122448979591
128.14367346938775
128.37299319727893
128.4928571428572
128.55190476190478
128.66421768707482
129.0399319727891
129.53510204081635
129.99367346938777
130.4668707482993
130.91693877551018
131.19081632653064
131.45129251700683
131.7459863945578
132.01346938775512
132.14231292517007
132.28619047619048
132.46843537414964
132.7440816326531
133.05721088435376
133.30047619047616
133.63714285714286
134.0512244897959
134.5366666666667
135.00244897959186
135.59292517006804
136.21680272108844
136.79632653061225
137.3595918367347
137.93455782312927
138.53870748299323
139.04142857142858
139.47027210884352
139.9200680272109
140.4691836734694
140.95299319727894
141.44129251700681
142.05204081632652
142.83020408163267
143.67401360544218
144.58326530612246
145.46244897959184
146.35591836734693
147.23836734693876
148.12074829931976
149.03619047619048
150.1531292517007
151.37462585034015
152.71428571428572
154.07251700680274
155.33938775510205
156.55469387755102
157.91136054421767
159.32006802721088
160.70319727891157
162.00435374149663
163.31952380952382
164.617074829932
165.9307482993197
167.10285714285715
168.2395918367347
169.32802721088433
170.37551020408162
171.36156462585035
172.35115646258504
173.29673469387754
174.16000000000003
174.90013605442175
175.5643537414966
176.29530612244898
177.13714285714286
177.87190476190477
178.44448979591834
178.92074829931974
179.5477551020408
180.13149659863947
180.6573469387755
181.04129251700678
181.4855102040816
181.93210884353743
182.391156462585
182.73285714285714
183.07748299319726
183.37959183673473
183.5999319727891
183.76809523809524
184.03557823129253
184.26353741496598
184.42170068027212
184.49421768707484
184.60408163265305
184.63210884353742
184.65809523809526
184.66544217687076
184.71687074829933
184.72292517006804
184.6678231292517
184.61850340136056
184.5630612244898
184.48401360544216
184.37891156462584
184.18632653061226
183.98081632653063
183.7961224489796
183.6412925170068
183.46448979591838
183.2278231292517
183.00789115646262
182.84979591836736
182.76591836734696
182.5260544217687
182.1683673469388
181.88510204081632
181.75829931972788
181.6474149659864
181.49816326530612
181.23333333333332
180.9417006802721
180.75680272108843
180.61721088435377
180.32163265306124
180.0057823129252
179.7305442176871
179.47823129251702
179.13306122448978
178.94666666666666
178.76619047619047
178.4804081632653
178.08258503401362
177.79666666666668
177.501768707483
177.16537414965987
176.87108843537416
176.63850340136054
176.32809523809524
175.9790476190476
175.61823129251704
175.27625850340138
175.10761904761904
174.94489795918366
174.63088435374152
174.2721088435374
174.20823129251698
174.20904761904762
174.1425850340136
174.01353741496598
174.03204081632654
174.10149659863947
174.30108843537417
174.54360544217687
174.77081632653062
174.84360544217688
174.93428571428572
175.1639455782313
175.5704761904762
175.84843537414966
176.13693877551023
176.4486394557823
176.88285714285715
177.2500680272109
177.63367346938776
178.0904081632653
178.50619047619048
178.8329931972789
179.1674149659864
179.6042857142857
179.9160544217687
180.205306122449
180.63081632653063
181.1139455782313
181.464693877551
181.85666666666665
182.44884353741497
183.0470068027211
183.56258503401364
183.95891156462585
184.45251700680274
184.91401360544216
185.36020408163267
185.71510204081633
186.07387755102042
186.46782312925168
186.9182993197279
187.31312925170067
187.72530612244898
188.00714285714287
188.3026530612245
188.52326530612245
188.8521088435374
189.06068027210884
189.29319727891158
189.5234013605442
189.75367346938776
189.92442176870748
190.0844217687075
190.25034013605443
190.3974829931973
190.5608163265306
190.80319727891157
191.05455782312924
191.2074829931973
191.26360544217687
191.30251700680273
191.30612244897958
191.39999999999998
191.50850340136054
191.677074829932
191.7934693877551
191.88285714285718
191.8474149659864
191.87156462585034
191.96673469387758
192.10000000000002
192.23170068027213
192.2957823129252
192.1692517006803
192.15659863945578
192.18585034013606
192.30367346938777
192.3501360544218
192.43938775510205
192.4313605442177
192.36625850340138
192.29931972789117
192.2544217687075
192.21877551020407
192.22299319727892
192.27523809523808
192.3252380952381
192.31721088435376
192.26551020408164
192.281768707483
192.27571428571426
192.2668707482993
192.14360544217686
192.10054421768706
192.1182993197279
192.1840136054422
192.23741496598643
192.24972789115648
192.22040816326532
192.16013605442177
192.07149659863947
192.04829931972787
192.09503401360544
192.08721088435374
191.96571428571428
191.90408163265303
191.96625850340138
191.99170068027212
191.96578231292517
191.88414965986397
191.84020408163263
191.75619047619045
191.60721088435378
191.44979591836736
191.41448979591837
191.4178231292517
191.40353741496597
191.4248299319728
191.38843537414968
191.2747619047619
191.11469387755102
190.98789115646258
190.7904081632653
190.6981632653061
190.65625850340135
190.6451020408163
190.5361224489796
190.476462585034
190.4417006802721
190.33775510204083
190.1408843537415
189.97748299319727
189.92979591836735
189.87789115646257
189.76238095238097
189.59244897959184
189.4391836734694
189.30142857142857
189.2095918367347
189.18421768707486
189.15476190476193
188.9578911564626
188.66204081632654
188.47850340136054
188.36190476190478
188.26265306122448
188.02829931972786
187.85530612244898
187.7777551020408
187.7174829931973
187.49054421768705
187.22585034013605
187.16530612244898
187.11013605442176
186.97068027210884
186.6555782312925
186.49054421768707
186.2657142857143
185.96564625850343
185.61027210884353
185.39537414965986
185.2817006802721
185.19727891156464
185.07068027210886
184.8147619047619
184.59897959183672
184.41360544217687
184.24278911564625
183.97122448979593
183.72034013605443
183.42557823129252
183.22448979591837
183.0570068027211
182.88585034013607
182.58598639455784
182.23897959183677
181.9578231292517
181.66414965986394
181.30299319727894
180.96986394557823
180.74190476190475
180.5396598639456
180.27632653061224
179.88911564625852
179.5608843537415
179.2061904761905
178.80340136054423
178.49074829931976
178.28687074829932
177.94374149659865
177.43442176870747
176.99897959183673
176.64115646258503
176.35700680272112
176.07462585034014
175.79421768707482
175.44578231292516
175.09884353741495
174.7074149659864
174.28734693877553
173.8778231292517
173.59034013605444
173.3308843537415
173.08462585034016
172.7208163265306
172.43666666666664
172.0265306122449
171.60374149659864
171.18809523809523
170.88761904761904
170.55809523809523
170.14673469387756
169.7995918367347
169.3874149659864
168.9391156462585
168.52510204081634
168.16496598639458
167.8104761904762
167.49421768707484
167.1861224489796
166.95231292517008
166.61496598639457
166.254693877551
165.72972789115647
165.3670068027211
164.9831292517007
164.63612244897962
164.21625850340138
163.87986394557822
163.6496598639456
163.32673469387754
162.77863945578233
162.19891156462586
161.79884353741497
161.37911564625853
160.89721088435374
160.5296598639456
160.21367346938774
159.73170068027213
159.1978231292517
158.81802721088437
158.46462585034013
157.99326530612245
157.51469387755105
157.11850340136053
156.6887074829932
156.22843537414968
155.8352380952381
155.42238095238096
154.96428571428572
154.40170068027209
153.9461224489796
153.45755102040818
153.05659863945579
152.4942857142857
151.94482993197278
151.36700680272108
150.86571428571432
150.32333333333332
149.79020408163265
149.24061224489796
148.67646258503402
148.11455782312925
147.61278911564625
146.9787074829932
146.2800680272109
145.5760544217687
144.93040816326533
144.22163265306125
143.51551020408164
142.805306122449
142.11625850340138
141.46897959183673
140.82142857142858
140.11632653061224
139.37027210884355
138.7060544217687
138.07850340136054
137.43
136.76891156462585
136.0252380952381
135.43564625850343
134.7448299319728
134.05462585034016
133.41258503401363
132.97625850340137
132.48462585034017
131.97102040816327
131.46149659863943
130.9025850340136
130.3691156462585
129.9185714285714
129.53190476190474
129.2473469387755
129.07013605442177
128.77149659863946
128.4704761904762
128.11897959183673
127.88476190476189
127.6012925170068
127.37693877551021
127.17428571428573
127.11292517006802
126.9539455782313
126.6891836734694
126.44666666666669
126.286462585034
126.00537414965987
125.68319727891158
125.50068027210884
125.39639455782314
125.10938775510205
124.80340136054423
124.4965306122449
124.20244897959184
123.88789115646259
123.6470068027211
123.26129251700681
122.87224489795918
122.46795918367346
122.13136054421769
121.85761904761904
121.58197278911565
121.09421768707485
120.63741496598641
120.36979591836734
120.05340136054421
119.62904761904761
119.21850340136055
118.80299319727891
118.41625850340137
118.02598639455783
117.58122448979591
117.13408163265306
116.72496598639455
116.41891156462586
116.07489795918369
115.75374149659864
115.29850340136055
114.8647619047619
114.42081632653061
114.02374149659863
113.53530612244899
113.12156462585034
112.73911564625851
112.36482993197279
111.86204081632653
111.3565306122449
110.90462585034014
110.5526530612245
110.28224489795919
109.88721088435373
109.50020408163266
109.09285714285714
108.64687074829934
108.2465306122449
107.89088435374151
107.58326530612244
107.0412925170068
106.53020408163266
106.02748299319728
105.62544217687075
105.18
104.6665306122449
104.29993197278912
103.8912925170068
103.41904761904762
102.8256462585034
102.34530612244896
101.98945578231293
101.64489795918368
101.17891156462585
100.7704081632653
100.40448979591837
100.02448979591837
99.68136054421768
99.39190476190477
98.99761904761905
98.48659863945578
98.01469387755103
97.62068027210884
97.32408163265306
97.03707482993198
96.64680272108845
96.28823129251701
95.98544217687075
95.63585034013606
95.20965986394557
94.89721088435374
94.59551020408162
94.13142857142859
93.61544217687074
93.30238095238096
92.90428571428572
92.40707482993199
91.92761904761906
91.56380952380952
91.23020408163265
90.93326530612245
90.56836734693877
90.14272108843537
89.82680272108844
89.53081632653061
89.09544217687076
88.6504081632653
88.39020408163266
88.29755102040816
88.01408163265306
87.5974149659864
87.23040816326531
86.96224489795918
86.60578231292516
86.13312925170068
85.7338775510204
85.4909523809524
85.26802721088436
85.01170068027211
84.7421768707483
84.42210884353742
84.04074829931974
83.66081632653061
83.30952380952381
83.00877551020409
82.79972789115646
82.47979591836734
82.05013605442177
81.69687074829932
81.46863945578231
81.25469387755102
80.99068027210885
80.80163265306123
80.66517006802721
80.52251700680272
80.28918367346938
80.10666666666667
79.87904761904761
79.64108843537416
79.4
79.16802721088436
78.82700680272109
78.41802721088436
78.07394557823129
77.79836734693879
77.54455782312925
77.34068027210884
77.0852380952381
76.78551020408163
76.56585034013605
76.43789115646258
76.23231292517008
75.97489795918368
75.7139455782313
75.45789115646258
75.2087074829932
75.01380952380953
74.85625850340136
74.6726530612245
74.49700680272107
74.34238095238095
74.11517006802723
73.83510204081634
73.76795918367347
73.73952380952382
73.4947619047619
73.18013605442177
73.15863945578232
73.09129251700679
72.9286394557823
72.65639455782313
72.39768707482995
72.08802721088435
71.85006802721088
71.7487074829932
71.66972789115647
71.4765306122449
71.32925170068027
71.35727891156462
71.32408163265305
71.06142857142856
70.87993197278911
70.96659863945578
71.00401360544217
70.76081632653062
70.46537414965987
70.24578231292517
70.03387755102042
69.74986394557823
69.59843537414966
69.54523809523809
69.46346938775511
69.3287074829932
69.29122448979592
69.22360544217688
69.09571428571428
68.80020408163266
68.59108843537415
68.57006802721088
68.66687074829932
68.71741496598639
68.65210884353742
68.54265306122448
68.36816326530612
68.24809523809523
68.18979591836735
68.04938775510205
68.00775510204082
67.88857142857142
67.7512925170068
67.53551020408163
67.39319727891156
67.27666666666667
67.26707482993197
67.34680272108844
67.38843537414968
67.4195918367347
67.40367346938775
67.41775510204081
67.35646258503401
67.26224489795919
67.20891156462585
67.19108843537416
67.06911564625851
66.9239455782313
66.88564625850341
66.81482993197278
66.66945578231294
66.52952380952382
66.56448979591836
66.73639455782313
66.86802721088436
66.8244217687075
66.76068027210884
66.88891156462586
66.87503401360544
66.73632653061225
66.59
66.63619047619049
66.55979591836736
66.48646258503402
66.54013605442177
66.72659863945577
66.80136054421769
66.78238095238095
66.74367346938776
66.84755102040816
66.94414965986394
66.97020408163264
66.99374149659863
67.09108843537415
67.17414965986396
67.11428571428573
67.11945578231291
67.19571428571429
67.3474149659864
67.5508843537415
67.7348299319728
67.92156462585034
68.05918367346939
68.20448979591836
68.2508843537415
68.29258503401361
68.40918367346939
68.68170068027212
69.02700680272109
69.24231292517007
69.4308843537415
69.60530612244898
69.79285714285714
69.89659863945579
70.0387074829932
70.20448979591836
70.42414965986396
70.58646258503401
70.76673469387757
71.0139455782313
71.20993197278912
71.30455782312926
71.51027210884354
71.86088435374151
72.2548299319728
72.52789115646259
72.69755102040817
72.80551020408163
73.01068027210886
73.21891156462586
73.44326530612244
73.65333333333334
73.84428571428572
74.12659863945578
74.27891156462584
74.51836734693879
74.74081632653062
75.0739455782313
75.24911564625852
75.50095238095238
75.67340136054422
75.94340136054421
76.18904761904761
76.24102040816327
76.2278231292517
76.35482993197279
76.4851700680272
76.53489795918367
76.82380952380953
77.17176870748298
77.42421768707483
77.49238095238096
77.62197278911566
77.59081632653063
77.64693877551021
77.70748299319729
77.86061224489795
77.9086394557823
78.03625850340136
78.07006802721088
78.06625850340137
78.04680272108845
78.10734693877552
78.15775510204082
78.18979591836735
78.23224489795919
78.25353741496599
78.14857142857143
78.04993197278911
78.18537414965988
78.3652380952381
78.32857142857142
78.3756462585034
78.44625850340137
78.46190476190476
78.37115646258502
78.30755102040817
78.31285714285715
78.35333333333334
78.42836734693878
78.33258503401359
78.33224489795919
78.26632653061225
78.12884353741497
77.91170068027212
77.77442176870747
77.67278911564625
77.65047619047618
77.60578231292519
77.56904761904764
77.49802721088435
77.3930612244898
77.1461224489796
77.02020408163266
76.9534693877551
76.8525850340136
76.67748299319729
76.50823129251702
76.34387755102041
76.2187074829932
76.04503401360543
75.87285714285713
75.59850340136055
75.43272108843539
75.23585034013605
75.24510204081633
75.14448979591837
74.94850340136054
74.81802721088437
74.86965986394557
74.81748299319729
74.48285714285714
74.2569387755102
74.17503401360544
74.13884353741497
74.05068027210883
73.96496598639456
73.78585034013605
73.68360544217687
73.5734693877551
73.52523809523811
73.48768707482992
73.3752380952381
73.08455782312926
72.761768707483
72.55687074829932
72.37795918367347
72.28884353741495
72.23775510204082
72.13911564625852
72.01292517006803
71.89727891156463
71.74081632653062
71.59102040816326
71.34319727891157
71.15421768707483
71.04959183673469
71.00965986394559
70.79925170068029
70.67367346938777
70.59224489795919
70.37523809523809
70.0904081632653
69.95448979591838
69.90544217687076
69.77095238095238
69.64462585034013
69.49081632653062
69.33945578231292
69.04061224489797
68.77340136054421
68.60102040816327
68.53414965986394
68.45578231292518
68.4070068027211
68.29537414965986
67.99333333333334
67.72557823129252
67.57156462585036
67.45748299319727
67.18741496598639
66.9934693877551
66.86122448979592
66.72931972789115
66.55380952380952
66.4425850340136
66.27503401360545
66.01455782312925
65.79918367346939
65.76727891156463
65.79414965986395
65.70925170068028
65.57272108843537
65.54809523809524
65.5626530612245
65.5012925170068
65.44755102040817
65.4987074829932
65.45632653061224
65.33170068027212
65.21761904761905
65.31006802721089
65.36748299319729
65.2921768707483
65.1187074829932
65.19517006802721
65.21326530612245
65.25911564625851
65.27231292517007
65.3995918367347
65.35782312925171
65.2612925170068
65.19299319727891
65.12231292517008
65.17414965986396
65.31496598639455
65.55707482993196
65.67734693877551
65.62557823129251
65.55435374149661
65.65931972789116
65.84775510204082
65.95251700680274
66.08210884353741
66.11659863945579
66.07428571428571
66.13333333333333
66.36265306122449
66.51659863945578
66.6395918367347
66.83156462585033
66.97768707482993
66.97414965986394
67.031768707483
67.26972789115646
67.51945578231292
67.66816326530612
67.76564625850341
67.9430612244898
68.01020408163265
68.1343537414966
68.26387755102041
68.57870748299321
68.85564625850341
69.12904761904763
69.37027210884354
69.51931972789116
69.7077551020408
69.96102040816328
70.34156462585035
70.68904761904761
71.04925170068027
71.31197278911564
71.5070068027211
71.69986394557823
72.00537414965987
72.42823129251701
72.7318367346939
72.91421768707482
73.0895238095238
73.34802721088435
73.66401360544216
74.12829931972789
74.54897959183674
74.84020408163266
75.028231292517
75.3634693877551
75.62299319727892
75.99108843537417
76.27149659863946
76.62244897959184
76.85503401360543
77.18040816326531
77.55863945578233
77.83965986394558
78.09625850340134
78.43068027210884
78.82850340136054
79.01333333333332
79.08482993197278
79.36619047619048
79.78721088435374
80.18251700680273
80.45448979591836
80.77591836734695
81.17850340136056
81.64755102040817
82.13802721088436
82.44285714285715
82.83496598639456
83.12401360544217
83.54163265306124
83.87564625850341
84.28251700680272
84.4834013605442
84.68272108843539
84.98278911564626
85.34659863945578
85.67244897959185
85.85408163265306
85.98972789115646
86.20238095238095
86.45414965986394
86.69360544217687
86.92231292517008
87.28210884353743
87.55551020408163
87.74462585034013
87.84537414965986
88.15115646258505
88.36986394557823
88.73891156462585
89.12979591836735
89.49714285714286
89.62380952380954
89.77081632653062
89.99414965986396
90.25340136054422
90.49863945578231
90.7221768707483
90.98795918367345
91.30877551020407
91.51285714285714
91.82775510204083
92.27312925170068
92.70836734693877
92.85659863945578
92.92551020408163
93.04721088435375
93.32102040816328
93.67938775510206
94.1825850340136
94.51408163265306
94.73931972789116
94.95346938775509
95.22965986394557
95.6447619047619
96.24863945578231
96.90068027210884
97.36081632653062
97.74183673469388
98.08088435374151
98.47673469387756
99.0147619047619
99.54585034013606
99.98775510204082
100.54319727891158
101.12149659863947
101.77360544217689
102.39517006802723
103.36789115646259
104.2956462585034
105.13231292517008
106.0757142857143
107.37401360544217
108.72115646258503
109.98993197278911
111.48591836734693
113.031768707483
114.55734693877551
115.9917006802721
117.56850340136054
119.06761904761905
120.57653061224491
121.87952380952382
123.06836734693877
123.84170068027213
124.42972789115646
124.73027210884354
124.97530612244898
125.12972789115648
125.29619047619047
125.31693877551021
125.42074829931974
125.6922448979592
125.99925170068028
126.32374149659864
126.68414965986395
126.93605442176872
126.96108843537417
126.9295918367347
126.98238095238096
127.01993197278912
127.21108843537417
127.3504761904762
127.45952380952383
127.58210884353741
127.76680272108844
127.98442176870749
128.25646258503403
128.47843537414965
128.49278911564625
128.61714285714288
128.8079591836735
129.0029931972789
129.30673469387756
129.66544217687076
129.98469387755102
130.36292517006802
131.18482993197279
131.92544217687077
132.32136054421767
132.41530612244898
132.48843537414967
132.38979591836735
131.85687074829934
131.11585034013606
130.13040816326532
129.02666666666667
127.70829931972787
126.48734693877552
125.03544217687076
123.40421768707483
121.57530612244898
119.57619047619048
116.9804761904762
114.15299319727892
111.47836734693878
109.35707482993197
107.28795918367348
105.21088435374149
102.91816326530613
100.75714285714287
98.72170068027211
96.7686394557823
95.02197278911565
93.29190476190477
91.65809523809524
90.1404081632653
88.77639455782314
87.54340136054422
86.23040816326531
84.90353741496598
83.56224489795918
82.251768707483
81.14136054421769
79.93346938775511
78.86904761904762
77.87551020408162
76.86482993197279
75.7274149659864
74.49823129251702
73.46625850340136
72.44850340136054
71.53775510204082
70.64156462585035
69.72095238095238
68.9978231292517
68.2626530612245
67.78972789115647
67.54530612244898
67.21612244897959
66.4704081632653
65.44748299319727
64.60102040816327
63.540680272108844
62.368027210884364
61.01857142857143
59.52945578231293
57.79687074829933
56.072721088435344
54.710986394557786
