128.44241496598644
128.7398639455782
129.04496598639454
129.41795918367347
129.65537414965988
129.68755102040814
129.54401360544216
129.46489795918367
129.42414965986396
129.67333333333335
129.8556462585034
129.75755102040816
129.39768707482992
129.12244897959184
128.9855102040816
129.02632653061227
129.1834693877551
129.29748299319726
129.27068027210885
129.25537414965987
129.0195238095238
128.82625850340133
128.58666666666664
128.617074829932
128.67265306122448
128.8791836734694
129.045306122449
129.12768707482994
128.93102040816325
128.64108843537414
128.4577551020408
128.47823129251702
128.38911564625852
128.13938775510204
127.96952380952382
127.83700680272109
127.72408163265307
127.42115646258503
127.31687074829932
127.22857142857143
127.31197278911566
127.41272108843538
127.53761904761905
127.55408163265307
127.46244897959184
127.31333333333333
127.20646258503402
127.21979591836734
127.2095238095238
127.10591836734694
126.96068027210885
126.9221768707483
126.99244897959184
127.08666666666666
127.12489795918367
127.12884353741495
127.12034013605442
127.15251700680273
127.24000000000001
127.37993197278912
127.3787755102041
127.28510204081633
127.25251700680272
127.2674149659864
127.28986394557823
127.26170068027213
127.34129251700679
127.44210884353743
127.58591836734695
127.5356462585034
127.27102040816327
126.96469387755101
126.9408843537415
127.12843537414967
127.45619047619049
127.70306122448979
127.80748299319728
127.73632653061226
127.63564625850341
127.66666666666666
127.69857142857146
127.6325850340136
127.39680272108843
127.22517006802721
127.13061224489797
127.2095238095238
127.34034013605442
127.47591836734694
127.48591836734694
127.48353741496598
127.39061224489795
127.3344217687075
127.22088435374151
127.15278911564626
127.04285714285714
126.99585034013607
126.93408163265308
126.81721088435376
126.72408163265308
126.76272108843538
126.85244897959184
126.9070068027211
126.97414965986395
127.01333333333332
127.11884353741496
127.29836734693879
127.49829931972789
127.66074829931972
127.90401360544217
128.18911564625853
128.32945578231295
128.39170068027212
128.49
128.6981632653061
128.70095238095237
128.44258503401363
128.27653061224493
128.49088435374148
128.82911564625851
129.08945578231294
129.42755102040815
129.7300680272109
130.01102040816326
130.1255782312925
130.22823129251702
130.28292517006804
130.47741496598638
130.5453741496599
130.56823129251703
130.53476190476192
130.6595918367347
130.7878911564626
130.99244897959184
131.0873469387755
131.23530612244897
131.38278911564626
131.51721088435377
131.6604761904762
131.89197278911564
132.17884353741496
132.3886394557823
132.65292517006804
132.8665306122449
133.10544217687078
133.2261224489796
133.40251700680273
133.6595918367347
134.05027210884356
134.4556462585034
134.96721088435373
135.5091836734694
135.92918367346937
136.08503401360545
136.43721088435376
136.83
137.22496598639458
137.35503401360546
137.5187074829932
137.76074829931974
138.0500680272109
138.266462585034
138.46727891156462
138.9408843537415
139.51129251700678
139.8878231292517
140.40761904761902
141.0774829931973
141.85979591836733
142.44156462585036
143.0882993197279
143.60278911564626
144.1456462585034
144.7221088435374
145.32544217687075
145.86843537414967
146.30972789115646
146.6738775510204
147.2022448979592
147.86646258503404
148.6178231292517
149.33102040816325
150.19510204081632
151.03299319727893
151.99748299319728
152.90993197278914
153.84517006802722
154.85897959183671
155.94687074829932
157.0491836734694
158.24462585034013
159.60673469387757
160.85598639455782
162.0852380952381
163.46836734693875
164.8987074829932
166.35721088435378
167.72088435374152
169.05081632653062
170.18693877551019
171.3951700680272
172.46428571428572
173.60544217687078
174.67666666666668
175.76190476190476
176.61408163265307
177.60312925170066
178.4691836734694
179.29285714285714
180.01442176870748
180.89823129251704
181.71857142857144
182.50687074829932
183.17755102040815
183.75836734693877
184.23319727891158
184.81986394557822
185.4244897959184
186.00054421768706
186.4003401360544
186.86414965986395
187.35693877551017
187.76421768707482
188.0821768707483
188.41986394557821
188.73986394557824
188.9970068027211
189.246462585034
189.45639455782316
189.57925170068026
189.70680272108845
189.87448979591835
190.01605442176873
190.0678911564626
190.11108843537417
190.13986394557824
190.2340136054422
190.2838095238095
190.29823129251702
190.21925170068025
190.16632653061225
190.17061224489794
190.05836734693878
189.90578231292517
189.71571428571428
189.55986394557826
189.33183673469387
189.19190476190477
189.10802721088436
189.05340136054423
188.90020408163264
188.65285714285716
188.38210884353742
188.19829931972788
188.06251700680275
187.901768707483
187.6422448979592
187.3891836734694
187.20272108843537
186.99721088435373
186.7187074829932
186.47278911564626
186.21585034013606
186.01081632653063
185.7438775510204
185.56897959183675
185.3665986394558
185.1479591836735
184.8236054421769
184.44884353741497
184.094693877551
183.76673469387757
183.5645578231293
183.3729931972789
183.10367346938776
182.77666666666667
182.3621768707483
182.03551020408165
181.7791156462585
181.49591836734695
181.25197278911565
181.0687755102041
180.8665986394558
180.5687074829932
180.4156462585034
180.37367346938777
180.2187074829932
180.1386394557823
180.1943537414966
180.31707482993198
180.35217687074828
180.41020408163266
180.49680272108844
180.6348299319728
180.87809523809526
181.13619047619045
181.38088435374146
181.55816326530612
181.83020408163264
182.15993197278914
182.53877551020412
182.80925170068028
183.19564625850342
183.64108843537417
184.0401360544218
184.33333333333331
184.58455782312927
184.84136054421768
185.18795918367348
185.58823129251704
185.93639455782312
186.26
186.57156462585036
186.9574829931973
187.38265306122452
187.87013605442178
188.33802721088435
188.8059863945578
189.1800680272109
189.47210884353743
189.91727891156464
190.3417006802721
190.68687074829933
190.93170068027212
191.3657142857143
191.8287074829932
192.22809523809525
192.3853741496599
192.58523809523808
192.77340136054423
193.09843537414966
193.37972789115645
193.57482993197277
193.61714285714288
193.79775510204084
194.08897959183673
194.27673469387756
194.3839455782313
194.44061224489795
194.5181632653061
194.66850340136054
194.87829931972792
195.0430612244898
195.21108843537417
195.41795918367347
195.54197278911565
195.52591836734697
195.48027210884356
195.51625850340136
195.6813605442177
195.7895918367347
195.8604761904762
195.89551020408163
195.94884353741497
195.96816326530615
195.97904761904763
196.02142857142857
196.08299319727888
196.11551020408163
196.125306122449
196.14823129251704
196.23149659863947
196.2821088435374
196.35204081632654
196.33544217687077
196.26891156462585
196.26435374149662
196.25986394557822
196.21952380952382
196.20591836734695
196.3152380952381
196.3531292517007
196.36993197278912
196.3914965986395
196.34000000000003
196.23850340136056
196.18285714285713
196.2031292517007
196.25122448979593
196.2625850340136
196.2669387755102
196.26122448979595
196.30714285714285
196.30761904761906
196.2756462585034
196.19653061224489
196.12659863945578
196.1087755102041
196.04931972789117
195.94510204081632
195.88850340136054
195.9038095238095
195.93571428571428
195.91707482993198
195.91734693877552
195.77462585034016
195.57394557823127
195.3878231292517
195.36142857142858
195.36312925170068
195.35700680272112
195.31727891156464
195.2447619047619
195.14687074829936
195.048231292517
194.90414965986395
194.73258503401362
194.6461904761905
194.59721088435373
194.53551020408162
194.44210884353743
194.4351700680272
194.40034013605444
194.28115646258505
194.11156462585035
193.95891156462585
193.91544217687076
193.87843537414966
193.80156462585032
193.6352380952381
193.4844217687075
193.3725850340136
193.2987755102041
193.18741496598642
193.01285714285711
192.85401360544216
192.71013605442178
192.53578231292516
192.39993197278912
192.29040816326528
192.0947619047619
191.8747619047619
191.7257142857143
191.64496598639457
191.48095238095237
191.2525850340136
191.07755102040815
190.97306122448978
190.81027210884355
190.64850340136056
190.47040816326532
190.23693877551023
189.92965986394563
189.70789115646258
189.50734693877553
189.36802721088432
189.23945578231292
189.0114285714286
188.81904761904764
188.643537414966
188.41585034013605
188.16
187.9939455782313
187.82319727891155
187.51108843537418
187.2362585034014
187.0295918367347
186.86748299319729
186.70353741496598
186.4148299319728
186.07374149659864
185.73931972789114
185.46544217687077
185.18244897959184
184.92707482993197
184.7674149659864
184.4323129251701
183.99816326530612
183.58278911564628
183.33530612244897
183.0336734693878
182.72619047619048
182.473537414966
182.20503401360546
181.79523809523812
181.38027210884354
181.07387755102042
180.7434693877551
180.3042857142857
179.941768707483
179.64816326530615
179.34795918367348
178.93564625850343
178.57721088435372
178.1725170068027
177.87312925170068
177.6074829931973
177.4278231292517
177.08857142857144
176.72884353741495
176.3308163265306
176.0182993197279
175.7710884353741
175.49272108843536
175.09591836734694
174.59183673469386
174.16809523809525
173.8087755102041
173.4804761904762
173.06965986394556
172.6334693877551
172.30993197278912
172.045306122449
171.71809523809526
171.37340136054422
171.0338095238095
170.64551020408163
170.2551700680272
169.87571428571425
169.52142857142854
169.0675510204082
168.66761904761904
168.26931972789117
167.99312925170068
167.71904761904761
167.33408163265307
166.7925170068027
166.25034013605443
165.83367346938775
165.38897959183674
164.998231292517
164.60333333333335
164.23346938775512
163.82714285714286
163.40687074829933
162.9587074829932
162.51142857142855
162.06537414965987
161.62476190476193
161.192925170068
160.8398639455782
160.44605442176874
160.01591836734696
159.4882993197279
159.00734693877553
158.6042857142857
158.1404761904762
157.5687755102041
156.9766666666667
156.52244897959184
156.0023129251701
155.4287074829932
154.88591836734693
154.40938775510202
153.86156462585035
153.27551020408163
152.7269387755102
152.18251700680273
151.54931972789115
150.84537414965985
150.12115646258505
149.39836734693878
148.7325850340136
148.1391836734694
147.45775510204084
146.6927210884354
146.01734693877552
145.32877551020408
144.564693877551
143.82115646258504
143.15204081632652
142.49517006802722
141.84891156462584
141.19380952380953
140.5134693877551
139.87503401360544
139.13782312925173
138.40591836734694
137.78462585034015
137.2691156462585
136.7065306122449
136.08755102040817
135.48578231292518
134.93741496598642
134.48544217687078
134.06829931972788
133.67877551020405
133.4085714285714
133.16639455782314
132.9259863945578
132.57938775510203
132.28122448979593
131.9551020408163
131.64965986394557
131.4848299319728
131.21993197278914
130.88380952380953
130.5478231292517
130.3548299319728
130.15605442176872
129.9904761904762
129.86380952380955
129.62428571428575
129.37319727891156
129.07938775510206
128.70142857142858
128.33421768707484
128.10224489795917
127.86095238095238
127.59251700680272
127.31414965986396
127.05142857142857
126.60129251700681
126.18748299319726
125.86925170068027
125.55020408163264
125.10000000000001
124.65122448979594
124.25850340136056
123.83748299319728
123.43292517006802
123.1191836734694
122.74591836734693
122.28428571428572
121.90428571428572
121.58469387755102
121.12850340136055
120.60802721088434
120.2452380952381
119.91285714285715
119.51469387755103
119.09278911564627
118.67360544217686
118.211768707483
117.72108843537414
117.35380952380953
116.96074829931973
116.54482993197279
116.0182993197279
115.55299319727892
115.12469387755101
114.67605442176871
114.16755102040815
113.73571428571428
113.38918367346938
113.0069387755102
112.52442176870747
112.121768707483
111.6991156462585
111.36843537414967
110.97625850340137
110.59877551020408
110.1365306122449
109.75
109.24312925170068
108.73659863945578
108.1587074829932
107.57782312925171
107.04346938775511
106.77380952380952
106.42224489795919
105.97115646258503
105.41727891156462
104.98108843537416
104.4795918367347
104.04591836734696
103.65020408163267
103.3351700680272
102.95843537414966
102.49510204081632
102.03326530612244
101.70115646258503
101.32163265306123
100.92448979591836
100.49333333333334
100.1791156462585
99.78122448979592
99.39578231292516
99.03251700680272
98.74040816326531
98.38612244897959
97.93510204081632
97.52428571428571
97.08272108843538
96.75993197278912
96.37224489795919
96.03571428571428
95.53197278911564
95.13176870748299
94.77163265306123
94.44306122448981
94.06102040816327
93.68312925170069
93.3791836734694
93.05340136054421
92.56857142857142
92.08380952380953
91.72931972789115
91.47938775510204
91.16612244897959
90.81244897959184
90.52489795918368
90.18367346938776
89.82258503401361
89.45666666666666
89.16836734693877
88.80469387755102
88.41632653061225
88.09693877551021
87.8456462585034
87.54823129251702
87.21360544217687
86.87836734693877
86.51374149659864
86.27401360544218
86.04027210884354
85.72598639455782
85.24482993197279
84.83163265306123
84.55367346938777
84.32544217687075
84.07074829931972
83.84761904761905
83.57952380952382
83.4308843537415
83.29156462585036
83.10346938775511
82.81517006802721
82.6765306122449
82.47823129251701
82.21047619047619
81.9844217687075
81.78448979591838
81.44530612244898
81.05095238095238
80.63047619047619
80.3344217687075
80.08836734693878
79.91108843537415
79.57986394557824
79.25836734693877
78.99108843537415
78.85251700680273
78.65435374149659
78.50530612244899
78.31673469387755
78.07244897959184
77.74360544217687
77.54462585034015
77.37020408163266
77.18408163265306
76.90149659863945
76.71
76.59034013605442
76.48571428571428
76.3544217687075
76.22891156462585
75.93
75.66741496598641
75.59585034013607
75.57367346938776
75.35095238095239
75.08578231292518
74.78204081632654
74.57857142857142
74.35285714285715
74.2613605442177
74.10931972789115
73.96938775510203
73.82095238095238
73.84877551020408
73.82340136054421
73.6826530612245
73.44857142857143
73.42619047619047
73.39374149659864
73.17020408163265
72.81965986394559
72.61462585034013
72.55687074829932
72.32149659863946
72.00108843537416
71.75952380952381
71.78054421768707
71.87108843537416
71.80326530612246
71.68435374149661
71.585306122449
71.43088435374149
71.24891156462584
71.12809523809523
71.10816326530612
71.05367346938775
70.99448979591835
70.9595238095238
70.9825850340136
70.95612244897958
70.79802721088436
70.64272108843537
70.66578231292516
70.46095238095239
70.1634693877551
69.8921768707483
69.87006802721088
69.76197278911565
69.73884353741497
69.72721088435374
69.80755102040817
69.91374149659865
69.93367346938777
69.88034013605443
69.84326530612245
69.71782312925168
69.626462585034
69.5657142857143
69.51265306122448
69.22272108843538
69.11993197278913
69.02136054421769
69.12802721088435
69.09435374149659
69.15761904761904
69.14401360544217
69.22448979591837
69.24503401360545
69.3295238095238
69.37741496598639
69.36979591836734
69.27666666666667
69.11244897959185
68.971768707483
69.0204081632653
69.1734693877551
69.28360544217688
69.32795918367347
69.43278911564626
69.45489795918368
69.40925170068027
69.39115646258503
69.52748299319728
69.62149659863945
69.70027210884354
69.74857142857144
69.74047619047619
69.69496598639455
69.8
70.00789115646259
70.11639455782313
70.23197278911564
70.38408163265305
70.59850340136055
70.64979591836735
70.73938775510203
70.89047619047619
71.09639455782315
71.2252380952381
71.35646258503401
71.53149659863946
71.68911564625851
71.86374149659864
72.13768707482993
72.47925170068028
72.74251700680273
72.93367346938777
73.14299319727891
73.29591836734696
73.48775510204082
73.67469387755102
73.9295238095238
74.093537414966
74.34625850340137
74.67476190476191
75.1248299319728
75.278231292517
75.36795918367348
75.4769387755102
75.76496598639456
75.90244897959184
76.12448979591838
76.34183673469387
76.55598639455783
76.78448979591838
76.94462585034015
77.05428571428571
77.12775510204082
77.38122448979593
77.70979591836735
78.06374149659865
78.36863945578233
78.60809523809525
78.8422448979592
78.92333333333335
79.02503401360545
79.21850340136055
79.44204081632654
79.4956462585034
79.53462585034013
79.72122448979593
79.92142857142858
80.08462585034013
80.25891156462586
80.44802721088435
80.57278911564626
80.59571428571428
80.58333333333334
80.5713605442177
80.69272108843538
80.81598639455783
80.93088435374149
80.96034013605441
80.94510204081634
80.991768707483
81.11156462585033
81.176462585034
81.12755102040816
81.14340136054422
81.12585034013605
81.14707482993198
81.20020408163265
81.23183673469389
81.18204081632653
81.24986394557824
81.28877551020409
81.3134693877551
81.22836734693877
81.231768707483
81.20551020408163
81.23891156462585
81.24904761904762
81.22238095238095
81.13741496598641
81.04809523809524
81.02816326530612
80.91265306122449
80.76897959183674
80.63891156462586
80.57414965986396
80.48768707482995
80.38380952380953
80.28972789115646
80.25353741496599
80.1712925170068
80.09319727891157
79.91299319727892
79.74108843537415
79.52285714285713
79.43891156462584
79.28068027210884
79.08952380952381
78.87639455782313
78.65421768707483
78.4174149659864
78.1448299319728
77.87142857142857
77.83210884353741
78.00653061224489
78.07183673469387
77.86768707482995
77.64074829931974
77.44727891156462
77.17455782312925
76.93802721088436
76.79863945578231
76.87666666666667
76.8860544217687
76.79768707482992
76.60020408163265
76.41149659863946
76.27721088435375
76.20639455782313
76.19476190476192
76.12054421768708
75.99557823129251
75.73190476190476
75.41197278911564
75.16068027210885
75.07448979591837
75.01816326530613
74.971768707483
74.85761904761904
74.7351700680272
74.56428571428572
74.4187074829932
74.19993197278912
73.9378911564626
73.70251700680274
73.53448979591836
73.50353741496598
73.4725850340136
73.2908843537415
73.05000000000001
72.88353741496599
72.76850340136056
72.59360544217688
72.36231292517007
72.09170068027211
71.93789115646258
71.89523809523811
71.81115646258505
71.70210884353742
71.48163265306123
71.32857142857144
71.19816326530614
71.04156462585034
70.89768707482992
70.7378231292517
70.49761904761905
70.22122448979593
69.97537414965987
69.90224489795918
69.79034013605443
69.66204081632652
69.41517006802721
69.2626530612245
69.04748299319728
68.80775510204082
68.7056462585034
68.57857142857142
68.43442176870748
68.29285714285714
68.23292517006803
68.22231292517006
68.23551020408163
68.18238095238095
67.99204081632652
67.7995238095238
67.69034013605442
67.74326530612245
67.71945578231293
67.82666666666668
67.90197278911563
67.91591836734693
67.79612244897959
67.70544217687075
67.71367346938776
67.77727891156462
67.86136054421769
67.8621768707483
67.88299319727892
67.74884353741497
67.55129251700681
67.60829931972789
67.8104081632653
67.91326530612244
67.9221768707483
68.14278911564625
68.30877551020409
68.33455782312924
68.31482993197278
68.45238095238096
68.55897959183673
68.55782312925172
68.60993197278913
68.68639455782314
68.81632653061224
68.9308843537415
69.04183673469387
69.02857142857144
69.12081632653062
69.29748299319728
69.46714285714286
69.62442176870749
69.7360544217687
69.80925170068028
69.9417006802721
70.1681632653061
70.40816326530613
70.51891156462585
70.66979591836734
70.8170068027211
71.04918367346939
71.31462585034014
71.62537414965988
71.77537414965987
71.91721088435375
72.1287074829932
72.45557823129252
72.73190476190476
73.04802721088436
73.34979591836735
73.68367346938776
73.9370068027211
74.1648299319728
74.35319727891158
74.67136054421769
75.04251700680271
75.41721088435374
75.62809523809524
75.8912925170068
76.1491836734694
76.56027210884355
76.89591836734695
77.32571428571428
77.58068027210884
77.83605442176871
78.0686394557823
78.47163265306122
78.76578231292517
79.03469387755102
79.16231292517007
79.4552380952381
79.73544217687075
80.23816326530613
80.46455782312924
80.74809523809523
81.046462585034
81.49925170068028
81.76360544217688
82.08551020408163
82.35707482993197
82.71795918367347
83.04625850340136
83.335306122449
83.53789115646258
83.94768707482993
84.45795918367347
84.95775510204084
85.35428571428571
85.7170068027211
86.1156462585034
86.48231292517006
86.89891156462585
87.20748299319727
87.58585034013606
87.87074829931973
88.19476190476192
88.45081632653063
88.67911564625851
88.92074829931974
89.21142857142857
89.52455782312926
89.64809523809524
89.66224489795918
89.85755102040818
90.30836734693878
90.66748299319728
90.90149659863945
91.01163265306123
91.20231292517008
91.4574149659864
91.818231292517
92.08870748299321
92.37795918367348
92.66789115646259
92.8795918367347
93.066462585034
93.30884353741496
93.66326530612244
93.99646258503401
94.21993197278911
94.36353741496599
94.59204081632653
95.03333333333333
95.3274149659864
95.5787074829932
95.77945578231294
96.01190476190476
96.20360544217687
96.5548299319728
96.88979591836735
97.20687074829932
97.60931972789115
97.9782993197279
98.17102040816326
98.4682993197279
98.93312925170068
99.41755102040817
99.92632653061226
100.33306122448981
100.62585034013607
100.96217687074831
101.53197278911566
102.05013605442177
102.53442176870749
103.03768707482993
103.65714285714286
104.22503401360544
104.89448979591837
105.68789115646258
106.56197278911566
107.41877551020407
108.31312925170067
109.32809523809523
110.51748299319728
111.93557823129251
113.56081632653061
115.0934693877551
116.47639455782313
117.85775510204083
119.36006802721089
120.84517006802722
122.28319727891156
123.67068027210885
124.94496598639455
125.85251700680273
126.4144217687075
126.75979591836736
127.01258503401361
127.19387755102039
127.22911564625849
127.29034013605443
127.11285714285715
127.02292517006802
127.0370068027211
127.34693877551021
127.60380952380953
127.75367346938776
127.76571428571428
127.89122448979592
128.09129251700682
128.2025850340136
128.23721088435374
128.26646258503405
128.26496598639457
128.17272108843537
128.125306122449
127.94020408163267
127.79789115646258
127.79367346938777
127.92061224489795
128.0144897959184
128.03238095238095
128.06238095238095
128.19285714285715
128.36054421768708
128.5373469387755
128.69659863945577
129.05625850340135
129.37639455782315
129.75238095238092
130.07945578231295
130.44687074829932
130.42122448979592
130.1126530612245
129.57530612244898
129.09979591836733
128.30278911564625
127.38993197278911
126.57993197278913
125.96952380952382
124.90496598639457
123.43292517006803
121.79897959183674
120.06380952380951
117.97408163265307
115.76530612244899
113.6508843537415
111.82557823129252
110.06027210884353
108.30517006802721
106.46401360544218
104.75258503401362
103.02258503401362
101.55088435374151
100.21027210884353
98.80088435374148
97.23897959183672
95.73755102040818
94.49251700680273
93.18646258503401
91.98707482993198
90.67897959183674
89.51986394557824
88.27115646258504
87.08775510204083
85.82925170068027
84.79530612244898
83.76700680272108
82.52156462585035
81.19666666666666
79.87319727891156
78.5865306122449
77.27850340136055
76.093537414966
75.11346938775509
74.01666666666667
73.0004081632653
72.23707482993197
71.90578231292515
71.39503401360544
70.82401360544218
70.19462585034015
69.18374149659866
68.09149659863945
67.18013605442177
66.03897959183674
64.50462585034013
62.84931972789116
61.28857142857143
59.54571428571424
57.83976190476186
