111.08639455782321
111.34965986394558
111.41836734693878
111.55666666666667
111.63380952380953
111.38700680272109
110.86340136054423
110.53095238095239
110.45605442176871
110.56448979591838
110.59496598639456
110.54877551020408
110.45455782312925
110.321768707483
110.1873469387755
109.9604761904762
109.74897959183673
109.66768707482993
109.71537414965985
109.58925170068026
109.36959183673468
109.0752380952381
108.89965986394559
108.89972789115646
108.89952380952381
108.90510204081633
109.06299319727893
109.20897959183674
109.06809523809524
108.94659863945577
108.79156462585034
108.57891156462586
108.41108843537414
108.3291836734694
108.0961224489796
107.94442176870749
107.81795918367348
107.66251700680272
107.51707482993197
107.56088435374149
107.69299319727891
107.99204081632654
108.10938775510205
108.1052380952381
107.94476190476189
107.99802721088436
107.8178231292517
107.74265306122449
107.55367346938776
107.63272108843537
107.60455782312926
107.55945578231294
107.3704761904762
107.34108843537413
107.43585034013606
107.5665306122449
107.67734693877551
107.85224489795918
107.91632653061224
107.9252380952381
107.79537414965986
107.76700680272108
107.68102040816328
107.66326530612244
107.64993197278912
107.7240136054422
107.79734693877552
107.87503401360544
107.83258503401362
107.68517006802719
107.41857142857144
107.27027210884353
107.20170068027211
107.52850340136055
107.86789115646259
108.06972789115648
108.0652380952381
108.11639455782313
108.07612244897959
107.99700680272109
107.87857142857143
107.61659863945579
107.36380952380952
107.29489795918367
107.33714285714285
107.2882993197279
107.23360544217688
107.05421768707482
107.02231292517007
107.14340136054422
107.35061224489795
107.32231292517008
107.32884353741497
107.28557823129252
107.28292517006803
107.29931972789116
107.26244897959185
107.05231292517007
106.93272108843539
106.93108843537416
106.89911564625851
106.91251700680272
106.88326530612245
106.86061224489795
106.85659863945578
107.01000000000002
107.14789115646258
107.45469387755102
107.79047619047618
108.0230612244898
108.2290476190476
108.46870748299318
108.68170068027212
108.7582993197279
108.65210884353742
108.43591836734694
108.45115646258503
108.64952380952383
108.87238095238095
109.02564625850341
109.39693877551021
109.77333333333334
110.09367346938775
110.23959183673469
110.27455782312926
110.32625850340136
110.38476190476189
110.49122448979593
110.56231292517006
110.61632653061224
110.56877551020409
110.62557823129252
110.88414965986394
111.1165306122449
111.27183673469389
111.40557823129254
111.7248299319728
111.99115646258502
112.17163265306122
112.29061224489797
112.53530612244899
112.74408163265306
112.78238095238095
112.76598639455781
112.83231292517007
112.87115646258505
113.01578231292517
113.2856462585034
113.64285714285714
113.81095238095239
114.16904761904762
114.53244897959185
114.9370068027211
115.05578231292519
115.1452380952381
115.1322448979592
115.26965986394558
115.37972789115646
115.50367346938775
115.70278911564625
115.85673469387756
116.02061224489798
116.27802721088436
116.56775510204082
116.79285714285714
117.1191836734694
117.56170068027211
117.971768707483
118.3456462585034
118.74625850340138
119.10564625850341
119.53625850340137
119.89340136054422
120.1978231292517
120.42265306122448
120.6778911564626
120.92755102040817
121.17721088435376
121.5574149659864
122.25013605442177
123.0921768707483
123.81591836734694
124.43585034013606
125.20551020408163
125.9909523809524
126.68170068027212
127.53190476190477
128.58496598639456
129.68632653061223
130.7843537414966
132.04700680272106
133.43965986394556
134.79408163265305
136.2342857142857
137.6204081632653
138.92673469387756
140.27088435374148
141.93333333333334
143.52326530612245
145.11061224489794
146.66755102040815
148.39632653061224
149.99108843537414
151.62938775510202
153.18931972789116
154.72510204081632
156.15870748299318
157.6178911564626
158.95027210884354
160.23020408163268
161.4326530612245
162.60095238095238
163.55591836734692
164.41251700680272
165.29897959183674
166.1695238095238
167.09061224489795
167.84149659863948
168.5400680272109
169.1736054421769
169.90768707482994
170.6325850340136
171.2974829931973
171.80149659863946
172.20925170068028
172.68414965986395
173.24537414965988
173.6929931972789
173.99319727891157
174.2522448979592
174.5052380952381
174.62598639455783
174.69993197278913
174.84911564625853
175.10414965986394
175.32312925170066
175.39843537414967
175.28299319727893
175.1973469387755
175.183537414966
175.22095238095238
175.18544217687077
175.02190476190478
174.79292517006803
174.57530612244898
174.36707482993197
174.27414965986395
174.10183673469388
173.89000000000001
173.57265306122449
173.38367346938776
173.11870748299322
172.86598639455786
172.5829931972789
172.28095238095239
171.9480272108844
171.6408843537415
171.35734693877552
171.07768707482995
170.7743537414966
170.41585034013607
170.18414965986395
169.89823129251704
169.61353741496598
169.15986394557825
168.82578231292516
168.44598639455782
168.13482993197277
167.76299319727894
167.29020408163265
166.8027210884354
166.2804761904762
165.82714285714286
165.31986394557822
164.8907482993197
164.38013605442177
163.8485714285714
163.30346938775511
162.83503401360545
162.35081632653063
161.99802721088437
161.65285714285713
161.26319727891158
160.84414965986397
160.57857142857142
160.43217687074832
160.33857142857144
160.1770068027211
160.16897959183672
160.3030612244898
160.44408163265308
160.47897959183675
160.60272108843537
160.80802721088435
161.07931972789117
161.40945578231293
161.66843537414965
161.95414965986396
162.39775510204083
162.9126530612245
163.2895918367347
163.67965986394557
164.18775510204082
164.80238095238096
165.2104761904762
165.62231292517006
166.03408163265306
166.65625850340138
167.2353741496599
167.8512925170068
168.3761224489796
169.04102040816326
169.6792517006803
170.38734693877552
171.04333333333332
171.70367346938775
172.2872789115646
172.91149659863945
173.54346938775512
174.1625850340136
174.80408163265307
175.4195918367347
175.9965306122449
176.5138775510204
176.98278911564626
177.5043537414966
178.00387755102042
178.368843537415
178.60639455782314
178.9887074829932
179.49571428571429
179.96972789115648
180.37551020408165
180.68632653061223
181.01673469387754
181.24081632653062
181.48210884353745
181.71843537414966
182.09020408163263
182.41904761904763
182.74659863945578
182.89326530612246
183.13544217687075
183.33292517006802
183.58278911564625
183.66224489795917
183.85680272108843
184.03972789115645
184.26666666666665
184.4105442176871
184.57149659863944
184.72931972789115
184.81374149659862
184.83605442176872
184.9310884353742
185.04578231292516
185.1270068027211
185.15210884353743
185.23768707482995
185.27503401360548
185.33836734693878
185.40721088435376
185.47918367346938
185.4769387755102
185.45904761904762
185.46979591836734
185.49551020408163
185.57380952380953
185.6309523809524
185.64802721088435
185.6467346938776
185.70503401360543
185.68734693877553
185.6630612244898
185.68435374149658
185.7342857142857
185.67149659863946
185.68748299319728
185.79414965986393
185.8791156462585
185.8629931972789
185.9005442176871
185.96959183673468
185.95843537414964
185.8829931972789
185.83156462585038
185.87115646258502
185.93170068027212
185.90292517006802
185.87190476190477
185.7843537414966
185.77829931972792
185.75319727891156
185.76782312925172
185.6218367346939
185.4448979591837
185.29299319727892
185.33496598639456
185.35707482993197
185.32904761904763
185.21068027210885
185.10870748299322
185.0312244897959
185.00578231292516
184.9225850340136
184.76061224489797
184.60013605442177
184.51469387755103
184.51108843537415
184.49809523809526
184.38823129251702
184.23408163265307
184.13653061224488
184.0909523809524
184.00564625850342
183.91693877551023
183.72809523809525
183.4691156462585
183.3047619047619
183.32068027210886
183.27251700680273
183.0914285714286
182.9018367346939
182.90727891156462
182.83231292517007
182.62938775510204
182.33714285714285
182.208231292517
182.07727891156463
181.87040816326532
181.69687074829932
181.61891156462585
181.54578231292516
181.3938775510204
181.1869387755102
181.03707482993195
180.8538775510204
180.67687074829934
180.488231292517
180.36585034013603
180.2278911564626
180.06272108843538
179.81034013605444
179.56557823129253
179.3244897959184
179.0795238095238
178.83619047619047
178.70142857142858
178.51000000000002
178.2817006802721
178.13136054421767
177.9443537414966
177.62292517006804
177.25414965986397
176.9553741496599
176.69081632653064
176.47000000000003
176.31278911564627
176.1840136054422
175.96428571428572
175.60408163265305
175.1687755102041
174.82
174.428231292517
174.2165306122449
173.93326530612245
173.60326530612244
173.1404761904762
172.7660544217687
172.33292517006805
171.97102040816327
171.7712925170068
171.57204081632653
171.25081632653058
170.90938775510205
170.57585034013607
170.27142857142857
169.91938775510204
169.58578231292518
169.18027210884355
168.9181632653061
168.60176870748302
168.26571428571427
167.76489795918366
167.46224489795918
167.13013605442177
166.86972789115646
166.4395918367347
166.10945578231292
165.78748299319727
165.48938775510203
165.16469387755103
164.9048299319728
164.60625850340136
164.26870748299322
163.86421768707484
163.47401360544217
163.0804081632653
162.7458503401361
162.3361224489796
161.91251700680272
161.57775510204084
161.34428571428572
161.11156462585035
160.73455782312925
160.32836734693876
159.92108843537414
159.5255782312925
159.18414965986398
158.82496598639457
158.5142857142857
158.13904761904763
157.86149659863946
157.4761224489796
157.04884353741497
156.62938775510204
156.2278911564626
155.84639455782315
155.50462585034012
155.13782312925173
154.6930612244898
154.15102040816328
153.73551020408163
153.39129251700678
153.05911564625848
152.6404761904762
152.22680272108843
151.86183673469387
151.4225170068027
150.9148299319728
150.45374149659867
149.95190476190479
149.4297278911565
148.86625850340135
148.39571428571432
147.95319727891157
147.491768707483
146.91517006802724
146.3678231292517
145.84829931972791
145.33537414965988
144.71476190476193
144.08673469387753
143.48503401360543
142.89122448979592
142.29210884353742
141.64993197278912
141.00857142857143
140.38496598639455
139.70877551020408
139.03551020408165
138.29802721088436
137.59510204081633
136.83605442176872
136.04680272108845
135.24959183673468
134.48319727891158
133.6843537414966
133.0109523809524
132.42469387755102
131.758231292517
130.87857142857143
129.95816326530613
129.12714285714287
128.29319727891158
127.5913605442177
126.93775510204082
126.39190476190477
125.77911564625852
125.2057142857143
124.65414965986393
124.10102040816328
123.57190476190476
123.15238095238097
122.78585034013605
122.37285714285716
122.02659863945578
121.78639455782312
121.6156462585034
121.3956462585034
121.22863945578231
121.07598639455782
120.91517006802721
120.65061224489796
120.44816326530612
120.30374149659863
120.0821768707483
119.85700680272109
119.66224489795918
119.46190476190476
119.22183673469388
118.97428571428573
118.7313605442177
118.4534693877551
118.24278911564627
117.95020408163265
117.66802721088436
117.30761904761904
116.98387755102041
116.64136054421769
116.27374149659863
115.77340136054423
115.30945578231292
114.90299319727892
114.5309523809524
114.03326530612246
113.53353741496599
113.10789115646259
112.79006802721088
112.37755102040816
111.8587074829932
111.38054421768709
110.93027210884355
110.56095238095239
110.18993197278911
109.85517006802722
109.421768707483
109.01265306122451
108.5048979591837
108.0330612244898
107.68863945578231
107.27401360544218
106.75122448979592
106.21843537414966
105.83925170068026
105.39986394557823
104.98455782312925
104.5052380952381
104.01462585034014
103.53326530612246
103.06544217687076
102.59714285714287
102.15578231292517
101.78693877551021
101.37034013605442
100.8760544217687
100.3804081632653
99.9347619047619
99.60408163265306
99.19081632653061
98.75183673469388
98.22380952380952
97.86455782312925
97.3978231292517
96.91931972789115
96.3573469387755
95.87285714285716
95.40523809523809
95.00034013605442
94.53027210884353
93.96972789115647
93.50340136054422
93.14578231292516
92.78707482993198
92.46183673469389
92.0995918367347
91.778231292517
91.33394557823128
90.94714285714285
90.49931972789116
90.0438775510204
89.56721088435374
89.05482993197278
88.67761904761905
88.35761904761905
88.036462585034
87.58408163265307
87.20122448979592
86.91503401360544
86.60496598639456
86.17054421768708
85.77102040816327
85.42639455782313
85.05408163265307
84.46918367346939
83.91244897959183
83.46380952380953
83.14537414965987
82.80775510204083
82.42448979591836
82.03836734693878
81.66367346938776
81.23034013605442
80.81448979591838
80.42578231292518
80.08136054421769
79.75278911564627
79.4695238095238
79.09367346938775
78.66809523809523
78.32142857142857
78.0943537414966
77.73244897959185
77.34306122448979
76.89891156462585
76.56993197278912
76.21945578231292
75.97510204081634
75.69972789115647
75.35659863945578
75.10040816326529
74.76707482993197
74.44217687074831
74.0874149659864
73.90741496598639
73.58571428571429
73.18884353741497
72.77455782312924
72.4299319727891
72.10850340136054
71.94163265306122
71.67775510204082
71.41034013605443
71.13741496598641
71.08843537414967
70.91149659863947
70.56421768707483
70.33795918367348
70.16843537414965
69.92768707482992
69.57625850340136
69.41102040816327
69.11061224489795
68.71666666666667
68.52374149659863
68.39115646258503
68.1573469387755
67.74020408163265
67.43421768707483
67.15693877551021
66.97061224489796
66.7247619047619
66.68666666666667
66.45074829931973
66.19972789115647
65.91700680272109
65.78006802721089
65.48646258503402
65.23986394557824
65.03136054421769
64.85183673469388
64.76972789115646
64.69775510204082
64.47006802721089
64.19142857142857
63.93210884353742
63.66646258503401
63.49265306122449
63.492448979591835
63.39598639455783
63.15598639455783
62.84448979591836
62.59891156462585
62.44272108843537
62.35312925170068
62.14687074829932
61.96068027210884
61.83761904761905
61.64517006802721
61.54965986394558
61.47074829931974
61.36265306122449
61.16993197278911
61.211768707482996
61.16795918367347
60.93054421768707
60.67115646258504
60.47482993197279
60.342993197278915
60.05680272108844
59.91231292517007
59.75448979591837
59.66367346938776
59.46482993197279
59.354761904761915
59.35734693877551
59.211292517006804
58.992380952380955
58.81707482993197
58.891292517006804
58.917619047619056
58.91530612244898
58.81727891156462
58.67843537414966
58.561292517006805
58.49448979591837
58.46768707482993
58.42972789115646
58.35727891156462
58.238231292517
58.04122448979592
57.84346938775511
57.72210884353741
57.62319727891157
57.605578231292526
57.72469387755102
57.79530612244898
57.76136054421769
57.62129251700681
57.505646258503404
57.41340136054422
57.42360544217688
57.510068027210885
57.49374149659863
57.42721088435374
57.26571428571429
57.206530612244904
57.013605442176875
56.97714285714286
56.954149659863944
57.027074829931976
56.933129251700684
56.963469387755104
56.94863945578231
56.91551020408164
56.883537414965986
56.897619047619045
56.87142857142857
56.766938775510205
56.659387755102046
56.694693877551025
56.70537414965986
56.78714285714286
56.83884353741497
56.926802721088436
56.85469387755102
56.8352380952381
56.868231292517
56.79442176870748
56.64836734693878
56.564285714285724
56.76027210884354
56.93108843537416
57.057619047619056
57.06387755102041
57.213401360544225
57.21102040816327
57.25993197278912
57.25789115646259
57.41319727891157
57.407551020408164
57.48040816326531
57.474965986394565
57.63115646258504
57.81034013605443
58.023265306122454
58.105714285714285
58.231156462585034
58.38081632653061
58.58387755102041
58.68292517006803
58.87707482993197
59.03789115646259
59.22877551020409
59.28278911564626
59.432857142857145
59.54068027210885
59.631224489795926
59.77333333333334
60.012176870748306
60.317074829931975
60.55074829931973
60.576122448979596
60.65625850340136
60.777959183673474
60.93462585034014
60.88945578231293
61.04244897959184
61.25721088435374
61.47326530612245
61.63829931972789
61.759659863945586
61.90843537414966
62.02598639455782
62.177006802721095
62.409455782312925
62.547006802721086
62.569523809523815
62.6838775510204
62.885238095238094
63.08068027210885
63.23972789115646
63.3956462585034
63.30897959183673
63.30795918367347
63.37979591836735
63.68598639455782
63.78612244897959
63.96258503401361
63.975918367346935
64.09632653061225
64.07
64.1169387755102
64.11680272108843
64.02360544217689
64.10408163265305
64.32251700680273
64.55013605442177
64.42884353741498
64.48598639455783
64.49251700680271
64.49775510204083
64.42755102040817
64.58884353741496
64.56251700680272
64.51414965986395
64.50197278911564
64.68557823129252
64.66
64.6561224489796
64.47993197278912
64.48231292517008
64.46047619047619
64.60006802721088
64.57598639455782
64.50442176870749
64.38789115646259
64.46775510204083
64.51448979591837
64.60326530612244
64.50802721088436
64.4270068027211
64.31040816326532
64.24163265306123
64.16380952380953
64.12414965986395
64.05632653061225
63.887414965986395
63.805578231292515
63.698095238095235
63.68741496598639
63.54183673469388
63.329251700680274
63.098231292517006
63.039591836734694
63.02734693877551
62.96918367346939
62.865102040816325
62.7021768707483
62.51925170068027
62.40299319727892
62.30857142857143
62.29517006802721
62.26102040816326
62.21462585034014
62.093061224489794
61.76897959183674
61.4639455782313
61.33789115646259
61.37693877551021
61.24013605442177
61.16102040816326
61.179863945578234
61.21469387755103
61.04374149659864
60.94360544217688
60.80891156462585
60.739863945578236
60.62122448979592
60.5778231292517
60.44517006802722
60.38700680272109
60.1843537414966
60.03551020408163
59.8778231292517
59.75006802721089
59.64993197278912
59.61408163265307
59.65843537414966
59.54632653061225
59.40340136054422
59.19156462585035
59.039251700680275
59.016938775510205
58.851564625850344
58.70156462585034
58.62238095238096
58.64251700680272
58.4839455782313
58.379455782312924
58.367823129251704
58.18911564625851
57.98013605442177
57.87789115646258
57.82224489795919
57.7604081632653
57.58891156462585
57.33850340136054
57.131020408163266
56.95734693877551
56.898775510204075
56.881836734693884
56.963741496598644
56.76380952380953
56.61517006802722
56.376938775510204
56.298911564625854
56.149795918367346
56.03061224489796
55.943129251700675
55.87598639455783
55.765510204081636
55.65190476190476
55.45945578231293
55.300000000000004
55.25551020408164
55.15850340136054
55.037074829931974
55.03632653061224
54.97959183673469
54.910272108843536
54.97326530612245
54.98843537414966
54.723605442176876
54.55857142857143
54.58809523809524
54.646190476190476
54.70285714285714
54.61231292517007
54.6043537414966
54.53727891156462
54.541496598639455
54.48666666666667
54.694489795918365
54.77319727891157
54.75680272108844
54.61952380952381
54.546054421768716
54.44707482993197
54.38673469387755
54.55496598639456
54.62149659863946
54.83285714285715
54.89802721088435
55.001428571428576
54.99931972789116
55.018911564625846
55.063469387755106
55.124625850340145
55.200748299319734
55.25442176870749
55.312108843537416
55.39190476190477
55.46312925170068
55.613945578231295
55.6382993197279
55.60190476190476
55.70034013605442
55.917414965986396
56.157551020408164
56.25244897959183
56.2887074829932
56.33938775510204
56.48149659863945
56.52700680272109
56.62448979591838
56.856734693877556
57.07938775510204
57.199183673469385
57.360952380952384
57.50333333333333
57.68619047619048
57.89020408163266
58.125782312925175
58.2508843537415
58.5012925170068
58.83993197278912
59.254965986394566
59.50571428571429
59.569319727891155
59.655782312925176
59.82197278911565
60.10333333333334
60.44510204081634
60.75904761904762
61.019999999999996
61.198095238095235
61.39278911564626
61.6265306122449
62.074013605442175
62.47278911564626
62.799931972789125
63.015034013605444
63.29353741496599
63.52176870748299
63.76156462585034
63.99986394557823
64.21598639455783
64.42605442176871
64.64598639455782
65.08802721088436
65.39972789115646
65.62843537414966
65.71455782312925
66.0412925170068
66.48741496598639
66.82965986394558
67.15414965986395
67.44925170068028
67.95013605442176
68.16462585034014
68.54530612244898
68.93068027210884
69.30755102040817
69.60210884353742
69.93965986394558
70.3108843537415
70.44721088435374
70.71013605442178
70.96748299319728
71.33340136054423
71.74197278911565
72.10292517006803
72.27979591836734
72.64292517006803
72.96809523809523
73.19482993197279
73.22074829931972
73.44938775510204
73.68244897959184
73.95482993197278
74.05224489795918
74.1339455782313
74.46482993197279
74.86965986394559
75.14639455782313
75.2661224489796
75.56462585034015
75.86591836734694
76.16891156462586
76.40156462585034
76.71462585034013
77.01639455782313
77.29088435374149
77.52442176870747
77.68857142857144
77.94183673469388
78.2830612244898
78.60585034013606
78.71761904761905
78.95721088435374
79.42326530612246
79.8187074829932
79.94816326530612
80.10326530612245
80.3447619047619
80.63857142857142
80.98346938775511
81.31904761904761
81.66653061224488
82.01598639455783
82.4951700680272
82.82163265306122
83.19911564625852
83.51809523809524
83.98911564625851
84.4312925170068
84.8712925170068
85.2112925170068
85.64163265306122
86.093537414966
86.82122448979592
87.4551700680272
88.06442176870749
88.61136054421769
89.23625850340136
89.91795918367347
90.51108843537416
91.44149659863945
92.40333333333334
93.63312925170068
94.8525850340136
96.2195238095238
97.58115646258504
98.99850340136054
100.63986394557824
102.27510204081634
103.97469387755103
105.55891156462586
107.28544217687075
108.92448979591838
110.46374149659864
111.87829931972789
113.04755102040816
113.84285714285716
114.3174149659864
114.72210884353743
114.86768707482993
114.84136054421768
115.00047619047619
115.25537414965986
115.4499319727891
115.49530612244898
115.68095238095239
115.73557823129251
115.81251700680272
115.83448979591837
115.98163265306124
115.99748299319728
116.19380952380952
116.26312925170069
116.49251700680273
116.59768707482993
116.82462585034014
116.80551020408163
116.90632653061225
117.07054421768706
117.35081632653062
117.57149659863944
117.53802721088437
117.47925170068027
117.51972789115646
117.7778911564626
118.03455782312926
118.21074829931973
118.4273469387755
118.66965986394558
118.88319727891157
118.88557823129253
118.83129251700682
118.59625850340136
118.02340136054423
117.1134693877551
116.20000000000002
115.33843537414967
114.47809523809525
113.79455782312925
113.27802721088436
112.70469387755102
111.69149659863946
110.40034013605442
108.77959183673471
106.83721088435374
104.62306122448979
102.541768707483
100.65278911564626
98.82231292517007
96.94136054421769
95.1756462585034
93.15925170068029
91.31537414965986
89.68816326530612
88.44557823129253
87.09156462585034
85.65537414965988
84.1257142857143
82.54013605442177
81.05204081632652
79.55061224489796
78.27006802721088
76.94707482993198
75.50789115646258
74.03319727891157
72.85312925170068
71.5874149659864
70.23299319727892
69.00925170068027
67.93891156462585
66.8047619047619
65.58074829931974
64.43217687074831
63.14619047619048
61.995714285714286
61.140748299319725
60.21591836734694
59.16115646258503
58.39374149659864
58.210748299319725
58.11102040816327
57.842176870748304
57.19646258503403
56.31353741496599
55.456258503401365
54.5865306122449
53.3665306122449
51.970408163265304
50.459591836734695
49.07585034013606
47.68911564625848
46.28367346938772
