113.21054421768713
113.87210884353742
113.76564625850341
113.71918367346939
114.02034013605441
113.65244897959184
113.19068027210885
112.92095238095237
113.05938775510205
113.19319727891155
113.2651700680272
113.13646258503404
113.00448979591837
112.85761904761905
112.65625850340136
112.47911564625849
112.35292517006802
112.38965986394558
112.45251700680274
112.44183673469388
112.20911564625851
112.03823129251703
111.94863945578231
111.79333333333334
111.70469387755102
111.87462585034012
112.11884353741496
112.10646258503402
112.02707482993198
111.91993197278912
111.69673469387756
111.37904761904763
111.25285714285714
111.245306122449
111.1526530612245
110.91034013605443
110.68863945578232
110.56829931972788
110.41857142857143
110.32224489795918
110.51115646258503
110.83884353741499
111.028231292517
111.05816326530612
110.97380952380952
110.73061224489797
110.57653061224491
110.4487074829932
110.43401360544219
110.45544217687075
110.38034013605443
110.15986394557822
110.09054421768708
110.14401360544218
110.1334693877551
110.20360544217688
110.32006802721088
110.39925170068028
110.37911564625851
110.39380952380952
110.49380952380952
110.5070068027211
110.59693877551021
110.60061224489797
110.74707482993199
110.70795918367348
110.6826530612245
110.57877551020408
110.52442176870748
110.56748299319727
110.52292517006804
110.30122448979591
110.03428571428572
110.24537414965987
110.78020408163266
111.14251700680272
111.24197278911566
111.17925170068028
111.0442857142857
110.86380952380952
110.80061224489796
110.57585034013606
110.4431292517007
110.25843537414966
110.20829931972787
110.08625850340135
110.2161224489796
110.21054421768707
110.23197278911564
110.23149659863945
110.39414965986394
110.39673469387755
110.28850340136054
110.19707482993196
110.28428571428572
110.28040816326532
110.15850340136053
109.9604081632653
109.93319727891156
109.90326530612245
109.8634693877551
109.69469387755103
109.74530612244898
109.86231292517007
110.01775510204081
110.08870748299319
110.288231292517
110.47326530612244
110.8278231292517
111.19197278911565
111.48530612244897
111.5791156462585
111.60428571428571
111.59224489795919
111.46925170068027
111.2804081632653
111.22557823129252
111.49408163265306
111.71401360544218
111.98278911564626
112.3860544217687
112.79741496598639
112.94795918367348
112.96632653061224
113.16904761904763
113.21510204081632
113.31115646258503
113.33829931972791
113.41272108843538
113.32455782312925
113.38251700680271
113.5825850340136
113.83360544217686
113.92163265306124
113.99816326530612
114.12442176870749
114.39680272108845
114.66163265306123
114.95836734693879
115.13421768707484
115.26843537414966
115.41687074829933
115.65530612244899
115.71693877551022
115.76537414965986
115.91136054421769
116.08891156462585
116.2169387755102
116.5291156462585
116.97700680272109
117.46367346938777
117.8860544217687
118.30149659863945
118.51278911564626
118.69272108843536
118.65421768707483
118.7487074829932
118.88517006802722
119.06034013605444
119.00748299319729
119.07619047619048
119.37836734693877
119.70734693877552
120.01340136054422
120.21619047619048
120.61823129251701
121.12455782312927
121.6091156462585
121.99074829931973
122.365306122449
122.69687074829933
123.00938775510204
123.37578231292517
123.73646258503402
124.00190476190475
124.27918367346939
124.59204081632653
125.01224489795919
125.60115646258502
126.16489795918369
126.70292517006803
127.35809523809525
128.12605442176874
128.8927210884354
129.60734693877552
130.37489795918367
131.14156462585032
132.11700680272108
133.10319727891158
134.13013605442177
135.27496598639456
136.66727891156464
138.01585034013607
139.26183673469387
140.4648299319728
141.8
143.2009523809524
144.68938775510208
146.0838775510204
147.55408163265307
149.05455782312924
150.62802721088437
152.17850340136056
153.6157142857143
154.85299319727892
156.08197278911564
157.46102040816328
158.64714285714285
159.67877551020408
160.64530612244897
161.83421768707484
162.8521088435374
163.8473469387755
164.66353741496596
165.4478911564626
166.1186394557823
166.7526530612245
167.41585034013605
168.0672789115646
168.71387755102043
169.4174149659864
170.15442176870746
170.79680272108845
171.25380952380954
171.66408163265305
172.05537414965985
172.44986394557824
172.7621768707483
172.9608843537415
173.18714285714285
173.45455782312925
173.68204081632655
173.8552380952381
173.95068027210885
173.9956462585034
174.0291156462585
174.20761904761906
174.2691156462585
174.19714285714286
174.05904761904762
173.96367346938774
173.90551020408165
173.82782312925173
173.79632653061225
173.64612244897958
173.44503401360544
173.14598639455784
172.99102040816328
172.78829931972788
172.62401360544217
172.3522448979592
172.15068027210884
171.90020408163264
171.64401360544218
171.3675510204082
171.11095238095237
170.9452380952381
170.63823129251702
170.28278911564627
169.9921088435374
169.76163265306124
169.6065306122449
169.20816326530615
168.88503401360543
168.51034013605442
168.3478231292517
168.0326530612245
167.71965986394557
167.3012925170068
166.95278911564625
166.59952380952382
166.2301360544218
165.84700680272107
165.42108843537414
164.93380952380954
164.38551020408164
163.936462585034
163.52285714285716
163.17027210884353
162.79224489795916
162.44809523809525
162.08346938775512
161.83163265306123
161.6090476190476
161.40748299319728
161.1909523809524
161.11938775510205
161.09721088435376
161.1078231292517
161.25115646258504
161.4673469387755
161.5968707482993
161.6360544217687
161.75557823129253
161.9439455782313
162.24102040816325
162.56149659863945
162.873537414966
163.11945578231294
163.55156462585035
163.99952380952382
164.46782312925168
164.9878231292517
165.58197278911564
165.93687074829933
166.20020408163265
166.58700680272108
167.12401360544214
167.61489795918368
168.16523809523812
168.82673469387757
169.49278911564625
170.06115646258502
170.64707482993197
171.27476190476193
171.87013605442178
172.45503401360546
173.1009523809524
173.70034013605442
174.29224489795922
174.90292517006802
175.46204081632652
175.89353741496598
176.30557823129251
176.77632653061227
177.22074829931972
177.6474149659864
178.0591156462585
178.4242857142857
178.73190476190476
179.08585034013606
179.47734693877553
179.79442176870748
180.11857142857144
180.41251700680272
180.7039455782313
180.9492517006803
181.28054421768707
181.5430612244898
181.868231292517
182.12204081632652
182.29904761904763
182.43884353741498
182.72673469387757
182.93455782312924
183.08761904761906
183.25619047619048
183.46680272108844
183.52435374149658
183.59476190476192
183.8047619047619
183.96904761904761
183.99598639455783
184.02503401360545
184.2147619047619
184.37741496598642
184.40095238095236
184.40176870748297
184.49884353741498
184.58802721088435
184.63414965986394
184.69462585034015
184.74394557823126
184.7308843537415
184.72653061224491
184.73721088435371
184.7121768707483
184.72346938775513
184.8108843537415
184.95027210884356
184.94482993197278
184.87918367346938
184.9018367346939
185.04761904761904
184.97204081632654
184.86721088435374
184.85176870748302
185.0029931972789
184.99938775510202
185.06210884353743
185.0843537414966
185.098231292517
184.98115646258503
184.9742857142857
185.0595238095238
185.05020408163267
184.92285714285714
184.86374149659866
184.93306122448982
185.04156462585036
185.07278911564626
185.04074829931974
184.91360544217687
184.741768707483
184.64027210884353
184.61863945578233
184.56836734693877
184.4859863945578
184.43380952380954
184.35761904761904
184.2791156462585
184.23768707482992
184.16619047619048
184.03632653061226
183.9995238095238
183.91414965986394
183.79115646258504
183.69904761904763
183.63156462585033
183.4708163265306
183.3508163265306
183.28843537414966
183.248231292517
183.1795238095238
183.0948299319728
182.96863945578232
182.821768707483
182.68904761904764
182.53517006802724
182.47897959183672
182.36340136054423
182.20802721088438
182.0231972789116
181.96401360544218
181.8085714285714
181.6557823129252
181.4225170068027
181.32326530612247
181.18299319727893
181.06285714285715
180.83197278911567
180.7029931972789
180.59476190476192
180.46863945578232
180.2892517006803
180.15727891156462
179.95401360544219
179.75979591836736
179.5829931972789
179.48244897959182
179.30278911564625
179.04054421768706
178.81217687074832
178.63210884353742
178.37156462585034
178.06387755102043
177.8487755102041
177.76074829931974
177.63244897959183
177.393537414966
177.12074829931973
176.9038095238095
176.65972789115645
176.36591836734695
176.07238095238097
175.86360544217686
175.6178231292517
175.54292517006803
175.31979591836733
174.94095238095238
174.46503401360545
174.2122448979592
173.95353741496598
173.67462585034014
173.36367346938775
173.05455782312924
172.74108843537414
172.41285714285715
172.0226530612245
171.62503401360544
171.2695238095238
170.91707482993198
170.6056462585034
170.30013605442176
169.92489795918368
169.56292517006804
169.31421768707483
169.03027210884355
168.6630612244898
168.30238095238093
167.99408163265306
167.65503401360544
167.3382993197279
167.04755102040818
166.7844217687075
166.38809523809522
166.09482993197278
165.77768707482994
165.52163265306126
165.09217687074832
164.73190476190476
164.31190476190477
164.03462585034015
163.78095238095239
163.4142857142857
162.927074829932
162.54244897959182
162.1791836734694
161.76802721088438
161.39190476190475
161.07190476190476
160.76360544217687
160.48210884353742
160.24170068027212
159.90299319727893
159.59190476190474
159.23727891156466
158.84476190476192
158.37319727891156
157.993537414966
157.63401360544216
157.37455782312924
157.03462585034012
156.6521768707483
156.26503401360543
155.94727891156464
155.5756462585034
155.1261904761905
154.7543537414966
154.3595918367347
154.0214965986395
153.53061224489795
153.0634693877551
152.55659863945579
152.30863945578233
151.93557823129254
151.5279591836735
151.05578231292517
150.72102040816327
150.32598639455784
149.89285714285717
149.37278911564627
148.86843537414967
148.3414285714286
147.9004081632653
147.32999999999998
146.8469387755102
146.32027210884354
145.84210884353743
145.26020408163265
144.8122448979592
144.29469387755103
143.6987755102041
143.09197278911563
142.56380952380954
141.94027210884354
141.23027210884354
140.58442176870747
139.99884353741498
139.28863945578232
138.5278231292517
137.89469387755105
137.2418367346939
136.51047619047617
135.8287074829932
135.1943537414966
134.44408163265308
133.59231292517006
132.82632653061225
132.10197278911565
131.58040816326533
130.9083673469388
130.11149659863946
129.2034013605442
128.47843537414968
127.83510204081634
127.14680272108845
126.54367346938776
125.95190476190476
125.42387755102041
124.79265306122448
124.32142857142857
123.91544217687074
123.49727891156463
123.13632653061224
122.87619047619047
122.63081632653062
122.2648299319728
121.96809523809524
121.80238095238096
121.67333333333333
121.44394557823131
121.24972789115647
121.06319727891157
120.86068027210884
120.69047619047619
120.50931972789117
120.19027210884353
119.90530612244899
119.72421768707484
119.50231292517009
119.24272108843537
118.97993197278912
118.78156462585034
118.5208843537415
118.32408163265306
118.08367346938776
117.85251700680271
117.57795918367349
117.25659863945579
116.91000000000001
116.56095238095239
116.20986394557823
115.83374149659865
115.43108843537415
115.02551020408163
114.4604761904762
113.97578231292518
113.66659863945577
113.44598639455782
113.09727891156463
112.56721088435374
112.01374149659864
111.6938775510204
111.418231292517
111.09272108843537
110.5208163265306
110.01891156462585
109.52578231292517
109.15272108843538
108.7487755102041
108.29986394557824
107.86326530612246
107.47904761904762
107.11163265306122
106.72993197278913
106.40646258503402
106.04054421768708
105.64244897959185
105.12795918367347
104.65931972789116
104.3034693877551
103.96408163265306
103.46897959183673
102.92054421768708
102.51816326530613
102.04000000000002
101.6434693877551
101.26068027210883
100.94265306122449
100.44884353741497
100.01095238095238
99.56857142857143
99.20911564625851
98.72231292517007
98.22551020408163
97.72741496598638
97.1634693877551
96.72680272108845
96.28857142857143
95.84476190476191
95.33877551020407
95.00795918367348
94.6304761904762
94.17523809523809
93.79006802721089
93.5670068027211
93.1470068027211
92.63931972789116
92.14503401360545
91.80054421768709
91.43
91.11244897959183
90.76027210884354
90.39244897959183
90.0221768707483
89.74843537414965
89.51231292517006
89.17755102040816
88.63074829931973
88.21578231292517
87.85700680272109
87.61952380952381
87.18850340136055
86.8112925170068
86.26312925170069
85.73680272108844
85.32006802721088
84.98809523809524
84.63979591836735
84.21578231292517
83.92625850340136
83.52557823129251
83.18836734693878
82.89857142857143
82.59666666666666
82.08857142857144
81.67557823129252
81.33448979591837
81.0821768707483
80.64149659863946
80.3325850340136
80.06068027210884
79.78727891156463
79.31421768707483
78.89183673469387
78.55945578231292
78.3009523809524
78.0021768707483
77.71095238095239
77.45020408163265
77.10054421768706
76.67585034013607
76.33312925170068
76.18768707482994
75.93034013605443
75.61408163265307
75.1512925170068
74.82748299319726
74.54149659863945
74.32380952380953
73.97503401360545
73.71714285714287
73.61993197278912
73.49768707482994
73.21408163265306
72.86748299319729
72.58761904761906
72.44115646258504
72.2852380952381
72.01476190476191
71.65387755102041
71.41333333333333
71.15367346938777
70.8222448979592
70.47469387755103
70.3217006802721
70.07081632653062
69.7056462585034
69.30197278911564
69.12414965986395
68.95639455782313
68.79707482993197
68.64
68.45639455782313
68.20789115646258
67.89068027210885
67.61884353741496
67.34510204081633
67.21585034013606
67.13884353741497
66.99544217687074
66.69714285714286
66.4322448979592
66.28850340136054
66.17585034013605
66.01074829931973
65.80047619047619
65.72299319727892
65.61931972789117
65.3843537414966
65.00238095238095
64.68843537414966
64.49680272108844
64.39061224489797
64.27190476190475
64.06517006802721
63.92442176870749
63.8370068027211
63.82000000000001
63.744285714285716
63.53108843537415
63.33238095238095
63.35333333333333
63.355374149659866
63.10884353741497
62.855374149659866
62.59034013605442
62.30340136054422
62.027959183673474
61.82102040816327
61.76897959183673
61.778503401360545
61.7582993197279
61.628299319727894
61.56680272108843
61.45204081632654
61.21972789115647
60.98489795918368
60.85585034013606
60.8834693877551
60.819659863945574
60.6804081632653
60.59673469387755
60.65721088435374
60.56591836734694
60.48666666666667
60.33074829931974
60.228639455782314
60.14034013605443
60.073197278911564
59.83680272108843
59.77918367346939
59.70571428571429
59.56034013605442
59.436666666666675
59.64496598639455
59.71387755102041
59.560136054421775
59.469863945578226
59.406938775510206
59.403401360544215
59.460476190476186
59.56802721088435
59.31972789115647
59.013673469387754
58.88455782312925
58.992380952380955
58.942721088435384
58.864285714285714
58.74666666666666
58.72877551020408
58.73142857142858
58.8752380952381
58.94374149659865
58.907482993197284
58.774421768707484
58.65646258503402
58.574217687074835
58.53414965986395
58.404013605442174
58.38170068027211
58.52068027210885
58.679319727891155
58.74095238095238
58.84700680272109
58.8952380952381
58.80789115646259
58.72578231292517
58.72659863945579
58.76625850340136
58.872517006802724
58.9304081632653
58.95802721088435
58.90380952380952
58.90795918367347
58.95367346938775
59.16251700680272
59.35544217687075
59.43761904761906
59.408367346938775
59.475306122448984
59.57210884353741
59.62564625850341
59.70632653061224
59.85292517006802
60.082585034013604
60.194625850340145
60.430952380952384
60.68442176870749
60.82918367346939
60.83251700680272
60.99197278911565
61.187210884353746
61.28721088435375
61.3639455782313
61.610680272108844
61.89204081632653
62.093197278911575
62.11258503401361
62.26619047619048
62.54081632653062
62.752653061224485
62.83163265306123
62.99809523809524
63.18918367346939
63.25421768707483
63.31061224489797
63.489183673469384
63.761360544217695
64.02863945578233
64.13775510204083
64.07319727891158
63.99993197278912
64.24578231292517
64.7461224489796
64.96340136054422
65.02299319727891
65.21482993197279
65.488231292517
65.57843537414966
65.75285714285715
66.03591836734694
66.07721088435375
66.01489795918367
66.10272108843537
66.30979591836734
66.43292517006803
66.52687074829933
66.5652380952381
66.59700680272108
66.66102040816327
66.82496598639456
66.9073469387755
66.90197278911563
67.02503401360545
67.13857142857144
67.20013605442179
67.27884353741497
67.20285714285716
67.0978911564626
66.9943537414966
67.14503401360544
67.13190476190476
67.2348299319728
67.14095238095237
67.13918367346938
67.27149659863946
67.45551020408163
67.39292517006803
67.28591836734694
67.28061224489797
67.35360544217687
67.38006802721088
67.42809523809524
67.46380952380952
67.40163265306123
67.33653061224489
67.3352380952381
67.35857142857142
67.17986394557823
67.2108843537415
67.19299319727892
67.14197278911564
66.98496598639457
66.98374149659864
66.77510204081632
66.59136054421768
66.48197278911564
66.57544217687075
66.48292517006803
66.318231292517
66.05809523809523
65.97061224489795
65.82061224489797
65.71231292517007
65.61639455782313
65.63054421768709
65.41544217687076
65.11374149659865
64.90918367346939
64.97081632653061
64.8691156462585
64.63578231292516
64.50884353741496
64.50156462585034
64.4612925170068
64.3573469387755
64.1625850340136
63.894013605442176
63.674557823129255
63.646802721088434
63.669047619047625
63.66823129251701
63.54061224489796
63.39605442176871
63.29346938775511
63.250340136054426
63.27170068027212
63.29823129251701
63.22544217687076
63.0095918367347
62.7408843537415
62.548299319727896
62.48442176870748
62.340272108843536
62.23319727891157
62.19503401360545
62.18986394557824
62.05925170068027
61.91122448979592
61.83251700680272
61.65224489795918
61.42482993197279
61.19537414965987
61.15136054421769
61.118299319727896
61.063197278911574
60.88360544217687
60.76510204081633
60.67843537414966
60.6330612244898
60.45945578231293
60.34931972789116
60.23374149659864
60.00809523809524
59.82027210884354
59.68238095238095
59.57571428571429
59.44156462585034
59.27877551020408
59.18442176870748
59.10578231292517
59.117210884353746
58.9360544217687
58.780748299319725
58.65204081632653
58.51517006802721
58.191768707483
57.974693877551026
57.93074829931973
57.93809523809524
57.749319727891155
57.65047619047619
57.55142857142857
57.32993197278912
57.10183673469388
57.090816326530614
57.15884353741497
57.094149659863945
56.99843537414966
56.99333333333334
56.975306122448984
56.83530612244898
56.71251700680273
56.652244897959186
56.724761904761905
56.66095238095238
56.636258503401365
56.65795918367347
56.661632653061226
56.598775510204085
56.43414965986395
56.49639455782314
56.48462585034014
56.60163265306122
56.467006802721095
56.506802721088434
56.52727891156462
56.67734693877551
56.730544217687076
56.776326530612245
56.72034013605443
56.74727891156462
56.934013605442175
57.120816326530615
57.12823129251701
57.127414965986404
57.166598639455785
57.211768707482996
57.1504761904762
57.29680272108844
57.40768707482994
57.53442176870748
57.586122448979594
57.788163265306125
57.88551020408164
57.96795918367347
58.11108843537416
58.16122448979592
58.1834693877551
58.2725850340136
58.51210884353741
58.68333333333333
58.753197278911564
58.930068027210886
59.11721088435374
59.32809523809524
59.34394557823129
59.51319727891156
59.770476190476195
59.9787074829932
60.06197278911565
60.28891156462585
60.49612244897959
60.66591836734694
60.876938775510204
61.284013605442176
61.55299319727891
61.83027210884354
61.94877551020409
62.28115646258504
62.510068027210885
62.857074829931975
63.002585034013606
63.38755102040816
63.71659863945578
63.97054421768708
64.13190476190476
64.39727891156463
64.81925170068027
65.1295918367347
65.42680272108845
65.62918367346938
65.86775510204082
66.14530612244899
66.47122448979592
66.74068027210885
66.97986394557824
67.23387755102041
67.52122448979593
67.754693877551
68.03673469387755
68.39707482993198
68.80095238095238
69.09020408163265
69.33823129251701
69.52965986394558
69.88020408163266
70.16190476190476
70.41768707482994
70.71156462585034
71.22251700680272
71.59884353741498
71.88238095238096
72.30142857142857
72.80333333333334
73.17530612244899
73.38183673469388
73.67115646258503
73.95761904761906
74.31040816326531
74.57850340136055
74.92068027210885
75.08938775510204
75.43931972789116
75.72605442176871
75.97034013605442
76.07027210884354
76.27850340136055
76.46387755102042
76.60136054421768
76.71693877551022
76.97013605442177
77.30673469387756
77.66952380952381
77.96857142857144
78.18013605442178
78.3991836734694
78.71802721088436
79.11537414965989
79.2943537414966
79.53551020408163
79.78156462585034
80.05278911564625
80.22639455782314
80.42571428571429
80.58537414965987
80.738231292517
81.11319727891157
81.38748299319728
81.52612244897959
81.80251700680272
82.23231292517006
82.45646258503402
82.56673469387755
82.79680272108844
82.98938775510204
83.19469387755103
83.69850340136055
84.09517006802722
84.40877551020408
84.56673469387755
84.91333333333333
85.29625850340136
85.8078231292517
86.21857142857144
86.62292517006802
86.91612244897959
87.28605442176871
87.61755102040817
88.02748299319728
88.54802721088436
89.2056462585034
89.83897959183673
90.49129251700681
91.1178911564626
91.62095238095239
92.47823129251702
93.49530612244898
94.5904761904762
95.55244897959184
96.73530612244899
97.97612244897958
99.36496598639457
100.7552380952381
102.16646258503403
103.7361224489796
105.18040816326531
106.75442176870749
108.40829931972789
110.07115646258504
111.29040816326531
112.27455782312924
113.08292517006804
113.64265306122448
113.93013605442178
113.98285714285714
114.00272108843538
114.05605442176872
114.0847619047619
114.1469387755102
114.36489795918366
114.60061224489796
114.51938775510204
114.40496598639456
114.48489795918368
114.59863945578232
114.66795918367347
114.87795918367347
115.01945578231293
115.05489795918368
115.08795918367346
115.06993197278913
114.96768707482994
114.90285714285713
114.90204081632653
114.8374149659864
114.78666666666666
114.70448979591836
114.54006802721088
114.49945578231294
114.53986394557825
114.74469387755104
114.95414965986396
115.0426530612245
114.95625850340136
115.00945578231293
114.99210884353742
114.70605442176871
114.34782312925171
113.9461224489796
113.16224489795918
112.05278911564628
111.01931972789114
110.13598639455782
109.4121768707483
108.7122448979592
108.07027210884354
107.18217687074831
106.02285714285715
104.4991156462585
102.64448979591837
100.5348299319728
98.54721088435375
96.70142857142858
94.94476190476192
93.17054421768708
91.4329931972789
89.67353741496598
87.95959183673469
86.38925170068026
85.05659863945579
83.9443537414966
82.55653061224491
81.10210884353742
79.57666666666665
78.35612244897959
76.9765306122449
75.6800680272109
74.19244897959184
73.06537414965987
71.79462585034014
70.56918367346938
69.36625850340137
68.43020408163265
67.52510204081632
66.56959183673469
65.53136054421769
64.37707482993197
63.357619047619046
62.44489795918368
61.61979591836735
60.74727891156462
59.844353741496604
59.034353741496595
58.37034013605442
58.08612244897959
57.9148299319728
57.76238095238096
57.12319727891156
56.33251700680272
55.523877551020405
54.564081632653064
53.39156462585034
52.14054421768707
50.80823129251701
49.28367346938776
47.81326530612241
46.584183673469326
