113.75938775510208
113.66244897959182
113.98727891156462
114.22061224489796
114.26809523809524
113.90496598639456
113.55312925170068
113.3017006802721
113.41789115646259
113.51503401360544
113.51346938775511
113.2234693877551
112.98197278911566
112.81020408163265
112.83238095238096
112.74020408163264
112.70197278911564
112.6495918367347
112.73585034013604
112.76088435374149
112.5978231292517
112.29421768707483
111.89551020408163
111.77027210884356
111.84278911564627
112.111768707483
112.21068027210885
112.29387755102042
112.30027210884353
112.15836734693879
111.86020408163265
111.57462585034014
111.3678231292517
111.27476190476192
111.18530612244898
111.1904081632653
111.14054421768708
110.95857142857143
110.71557823129253
110.62360544217688
110.65802721088436
110.86850340136056
111.13061224489796
111.20387755102041
111.01755102040816
110.84755102040816
110.56639455782313
110.54006802721088
110.67163265306122
110.78265306122448
110.4908843537415
110.19068027210884
110.12204081632652
110.1952380952381
110.26204081632653
110.2595918367347
110.39979591836735
110.58353741496599
110.75680272108843
110.84095238095237
110.79918367346937
110.831768707483
110.82591836734694
110.84136054421768
110.63938775510204
110.60571428571428
110.61571428571429
110.82972789115647
110.89965986394557
110.80619047619048
110.49428571428572
110.24367346938776
110.18088435374149
110.40142857142857
110.82768707482992
111.18625850340136
111.25
111.12210884353742
111.12469387755104
111.10510204081635
111.02666666666667
110.55700680272109
110.26965986394558
110.16428571428573
110.25836734693878
110.3526530612245
110.31102040816327
110.24115646258502
110.20231292517008
110.40489795918367
110.5577551020408
110.63204081632654
110.62578231292517
110.53551020408165
110.56448979591838
110.56659863945578
110.33578231292518
110.09414965986394
109.94823129251702
110.02945578231294
109.96632653061224
110.00163265306122
109.89891156462585
109.94489795918368
109.96857142857144
110.14938775510205
110.33020408163267
110.68673469387755
110.96755102040817
111.24448979591837
111.59496598639456
111.83061224489796
111.8712925170068
111.74952380952382
111.63517006802722
111.43163265306123
111.38197278911565
111.45380952380953
111.67571428571429
112.01469387755101
112.42006802721089
112.72666666666667
113.03972789115647
113.1304761904762
113.20040816326531
113.2621768707483
113.50578231292516
113.49591836734695
113.48319727891156
113.46503401360543
113.59108843537416
113.77142857142857
114.03340136054422
114.25448979591837
114.45387755102041
114.52659863945578
114.59462585034014
114.85414965986396
115.27993197278911
115.44462585034012
115.53693877551021
115.68938775510205
115.8347619047619
115.80816326530613
115.79
115.95761904761906
116.27802721088435
116.62482993197278
116.89292517006803
117.18809523809524
117.65108843537416
118.20639455782315
118.58523809523811
118.6842857142857
118.76183673469387
118.91217687074831
118.98687074829932
118.9769387755102
119.04993197278912
119.17979591836735
119.32081632653062
119.45612244897958
119.70707482993198
120.00632653061226
120.35299319727892
120.77204081632655
121.23170068027213
121.8178911564626
122.24401360544218
122.54598639455783
122.77925170068028
123.22421768707484
123.62687074829932
124.06326530612245
124.40829931972789
124.66714285714285
124.8325850340136
125.17802721088435
125.70544217687076
126.30217687074831
126.93897959183676
127.64326530612246
128.42034013605442
129.1722448979592
129.80074829931974
130.53326530612247
131.37034013605444
132.29979591836735
133.21068027210885
134.38244897959186
135.59020408163263
136.90292517006802
138.1548979591837
139.46721088435376
140.66646258503403
141.99040816326533
143.351768707483
144.8672789115646
146.3561224489796
147.83986394557823
149.33700680272108
150.91510204081632
152.40911564625853
153.81319727891156
155.08768707482992
156.36938775510203
157.63068027210886
158.8408843537415
159.9626530612245
161.05850340136055
162.04068027210886
163.04020408163265
164.0360544217687
164.88653061224494
165.55571428571432
166.25380952380954
166.9323129251701
167.54693877551023
168.13789115646262
168.77421768707484
169.5104761904762
170.17884353741496
170.80945578231294
171.29802721088436
171.73054421768708
172.0792517006803
172.4334693877551
172.87034013605444
173.17571428571426
173.42714285714285
173.6331292517007
173.7595238095238
173.7804081632653
173.8505442176871
174.0427210884354
174.2782993197279
174.40802721088437
174.40285714285713
174.185306122449
174.17115646258503
174.15068027210884
174.16537414965984
174.07877551020408
173.85938775510203
173.57251700680274
173.35326530612247
173.36693877551022
173.185306122449
172.95367346938775
172.63387755102042
172.4870068027211
172.30278911564625
172.09108843537416
171.74605442176872
171.4847619047619
171.25489795918367
171.0687074829932
170.81945578231293
170.54639455782313
170.19598639455785
169.89231292517007
169.621768707483
169.35503401360546
169.08999999999997
168.84367346938774
168.55115646258503
168.31081632653064
167.95183673469387
167.66000000000003
167.2199319727891
166.8196598639456
166.32578231292518
165.98054421768705
165.5504081632653
165.05979591836734
164.67108843537414
164.21605442176872
163.77319727891157
163.33496598639456
163.04557823129252
162.60537414965984
162.2321768707483
161.95673469387754
161.70448979591833
161.47503401360544
161.36680272108845
161.33653061224493
161.28945578231293
161.30721088435376
161.47517006802724
161.63850340136057
161.64428571428573
161.61442176870747
161.7538095238095
162.0168707482993
162.35836734693876
162.68748299319728
162.9940136054422
163.34149659863948
163.80612244897958
164.20020408163265
164.64632653061227
165.0674149659864
165.47775510204082
165.80680272108845
166.2881632653061
166.69585034013605
167.12387755102043
167.68108843537414
168.3117006802721
168.84605442176868
169.3794557823129
170.12775510204082
170.81904761904764
171.51068027210886
172.10108843537415
172.64612244897958
173.17034013605445
173.83979591836734
174.438231292517
174.96401360544218
175.52850340136055
176.03972789115647
176.4326530612245
176.89639455782316
177.31421768707486
177.69190476190477
177.9748979591837
178.3822448979592
178.81585034013608
179.27591836734695
179.60666666666668
179.91571428571427
180.30510204081634
180.61707482993197
180.89034013605445
181.10108843537415
181.37986394557822
181.57183673469387
181.8274149659864
182.00034013605443
182.26700680272108
182.49693877551022
182.836462585034
183.0795918367347
183.2698639455782
183.39462585034013
183.46605442176872
183.59455782312926
183.7212925170068
183.8747619047619
183.96149659863946
184.07285714285715
184.12333333333333
184.21061224489796
184.36353741496598
184.4895918367347
184.4708843537415
184.52591836734695
184.6148299319728
184.7382993197279
184.82986394557827
184.87761904761905
184.8782993197279
184.80768707482991
184.76374149659864
184.75972789115644
184.80707482993196
184.86292517006802
184.9236054421769
185.01530612244898
184.98585034013604
184.9004081632653
184.8777551020408
184.966462585034
184.98394557823127
184.97340136054424
184.9531292517007
185.0083673469388
185.03993197278913
185.11489795918368
185.0873469387755
185.06081632653064
185.09319727891156
185.10122448979592
184.9912925170068
184.9639455782313
185.03476190476192
185.01374149659864
184.96870748299318
184.97802721088433
185.06027210884355
185.08312925170068
185.038231292517
184.82394557823127
184.5955782312925
184.54619047619047
184.52544217687074
184.4787755102041
184.4609523809524
184.47061224489795
184.4029931972789
184.25081632653064
184.11387755102044
184.02312925170068
183.97755102040813
183.85673469387757
183.67986394557823
183.63265306122452
183.55197278911567
183.4001360544218
183.26850340136053
183.2631292517007
183.28877551020406
183.21931972789116
183.08054421768708
182.8583673469388
182.6843537414966
182.5283673469388
182.4874149659864
182.47761904761904
182.34591836734694
182.0808843537415
181.95530612244897
181.8769387755102
181.7336054421769
181.47401360544217
181.32149659863947
181.20578231292518
181.07748299319726
180.9
180.8194557823129
180.71680272108844
180.53197278911566
180.2609523809524
180.177074829932
180.05034013605444
179.88272108843537
179.6626530612245
179.54333333333335
179.40918367346939
179.2183673469388
178.94714285714286
178.6438775510204
178.36489795918368
178.13666666666666
177.9656462585034
177.76000000000002
177.5913605442177
177.4639455782313
177.34190476190477
177.08551020408163
176.78571428571428
176.46102040816328
176.16551020408164
175.93292517006805
175.7452380952381
175.57625850340136
175.40673469387755
175.19904761904763
174.85591836734696
174.37979591836736
173.97809523809525
173.73170068027207
173.51299319727894
173.17768707482995
172.7900680272109
172.49721088435373
172.17210884353742
171.72877551020406
171.26795918367347
170.92578231292515
170.6638095238095
170.40244897959184
170.16870748299323
169.85326530612247
169.5483673469388
169.17149659863946
168.82714285714286
168.47190476190474
168.23680272108842
167.87102040816328
167.49292517006802
167.12217687074832
166.84074829931973
166.49761904761905
166.15462585034015
165.75136054421768
165.49095238095242
165.21163265306126
164.8572789115646
164.42517006802723
164.191768707483
163.8534693877551
163.34244897959184
162.86646258503401
162.5439455782313
162.25428571428574
161.86258503401362
161.51904761904763
161.22047619047618
160.92013605442176
160.51360544217687
160.21578231292517
159.96537414965988
159.69891156462586
159.2814285714286
158.88360544217687
158.538231292517
158.13789115646262
157.7331292517007
157.3508163265306
157.05013605442176
156.69414965986394
156.3622448979592
156.02877551020407
155.57353741496598
155.18319727891156
154.73034013605442
154.3842857142857
154.0091836734694
153.71462585034016
153.22326530612244
152.7287755102041
152.29802721088436
152.0191836734694
151.66755102040818
151.2544217687075
150.77244897959184
150.38857142857142
149.93925170068024
149.40972789115645
148.8316326530612
148.36591836734692
147.91231292517006
147.4395238095238
146.9561224489796
146.4251700680272
145.9082993197279
145.33027210884353
144.79857142857145
144.277074829932
143.80666666666667
143.27013605442178
142.71972789115648
142.0761224489796
141.40326530612248
140.80700680272108
140.28510204081633
139.52360544217686
138.63857142857142
137.85537414965987
137.26061224489797
136.59646258503403
135.90496598639456
135.16687074829935
134.41850340136057
133.72714285714284
133.0508843537415
132.35993197278913
131.72183673469385
131.02680272108844
130.23149659863947
129.45530612244897
128.75489795918367
127.99993197278911
127.27088435374151
126.69816326530612
126.18585034013606
125.63340136054421
125.02768707482994
124.52142857142857
124.02578231292519
123.57312925170069
123.20700680272108
122.91639455782314
122.65251700680273
122.37231292517006
122.07986394557824
121.80489795918368
121.6278911564626
121.44442176870749
121.24755102040817
121.0438775510204
120.85965986394558
120.65387755102041
120.44979591836736
120.16598639455783
119.94809523809523
119.77687074829933
119.63612244897959
119.41081632653061
119.23272108843537
119.03857142857143
118.79843537414968
118.43931972789117
118.17401360544218
117.93469387755101
117.68557823129252
117.39537414965986
117.13993197278911
116.76401360544216
116.24646258503401
115.77530612244897
115.42292517006803
115.05367346938775
114.60945578231292
114.29074829931973
113.91448979591837
113.54367346938776
113.10680272108843
112.6560544217687
112.08850340136055
111.63945578231292
111.32081632653062
110.95891156462585
110.5461224489796
110.10517006802722
109.77020408163266
109.36095238095237
108.98054421768708
108.49401360544219
108.05244897959184
107.62816326530613
107.21285714285715
106.77027210884354
106.31210884353742
105.97693877551022
105.59238095238095
105.1617006802721
104.65489795918367
104.24897959183673
104.02557823129251
103.64340136054423
103.0648299319728
102.4678231292517
102.10319727891155
101.73952380952382
101.34646258503402
100.9961224489796
100.61639455782313
100.21727891156462
99.70333333333333
99.24836734693878
98.7287074829932
98.2744217687075
97.82979591836735
97.50061224489797
97.08190476190475
96.42040816326531
95.80204081632652
95.38115646258504
95.06244897959184
94.77156462585035
94.3695918367347
93.94904761904763
93.56544217687076
93.23469387755102
92.79938775510205
92.3265986394558
92.09183673469389
91.65965986394559
91.23190476190476
90.79108843537415
90.50421768707483
90.15503401360544
89.7870068027211
89.43197278911565
89.07210884353742
88.88163265306123
88.5200680272109
88.03721088435375
87.59843537414966
87.22027210884355
86.77544217687075
86.25006802721089
85.81755102040816
85.31591836734694
84.94489795918366
84.62625850340136
84.32401360544218
83.94945578231294
83.55823129251701
83.20707482993198
82.7691156462585
82.43
82.1617006802721
81.93503401360545
81.50591836734694
81.11727891156463
80.7438775510204
80.41190476190476
79.9839455782313
79.75034013605442
79.42326530612246
79.01278911564626
78.5191836734694
78.31401360544217
78.1969387755102
77.8778231292517
77.4530612244898
77.10374149659866
76.80197278911565
76.46435374149661
76.14299319727891
75.84836734693879
75.41197278911564
75.11346938775512
74.8161224489796
74.44979591836734
74.16068027210885
74.12748299319728
74.06727891156463
73.80727891156462
73.61965986394559
73.4043537414966
73.08482993197279
72.78925170068028
72.6652380952381
72.45768707482995
72.15333333333334
71.85204081632654
71.52537414965987
71.23816326530613
70.92911564625851
70.66374149659865
70.37666666666667
70.07816326530613
69.79258503401361
69.5421768707483
69.33755102040817
69.13102040816327
68.95931972789116
68.69809523809525
68.29340136054422
68.12931972789116
68.0509523809524
67.88768707482993
67.52190476190476
67.42469387755102
67.24156462585034
67.01006802721089
66.73299319727892
66.5957142857143
66.50680272108843
66.3708843537415
66.18251700680273
65.91836734693878
65.9043537414966
65.70136054421769
65.43027210884354
65.04925170068026
64.86319727891157
64.59102040816327
64.46530612244898
64.32040816326531
64.15401360544217
63.989387755102044
63.97272108843538
63.863945578231295
63.678979591836736
63.62680272108844
63.57108843537415
63.40183673469388
63.248163265306125
63.17340136054422
62.96544217687075
62.627482993197276
62.45170068027211
62.23006802721088
62.0834693877551
61.9491156462585
61.842721088435376
61.66401360544218
61.54102040816326
61.50319727891157
61.41727891156463
61.295850340136056
61.15891156462585
61.01789115646259
61.03034013605443
61.015782312925175
60.891496598639456
60.64081632653061
60.57142857142858
60.541496598639455
60.50721088435374
60.440272108843544
60.38748299319728
60.27183673469387
60.151700680272114
59.99217687074831
59.81170068027211
59.69673469387755
59.67571428571429
59.72489795918367
59.72306122448979
59.609591836734694
59.65020408163265
59.63299319727891
59.61489795918368
59.542244897959186
59.61108843537415
59.42768707482993
59.266734693877545
59.13816326530612
59.07972789115647
58.97095238095238
58.923809523809524
58.88517006802721
58.86605442176871
58.85523809523809
58.947278911564624
59.052448979591844
59.04278911564626
58.98190476190477
58.848503401360546
58.82489795918367
58.70918367346939
58.677142857142854
58.53918367346939
58.536802721088435
58.54993197278912
58.66183673469388
58.80251700680273
58.83891156462585
58.777959183673474
58.69102040816327
58.666054421768706
58.619795918367345
58.63850340136054
58.83680272108844
59.0126530612245
59.01367346938776
58.916598639455785
58.93761904761905
59.09510204081633
59.17319727891157
59.30877551020408
59.51646258503401
59.676530612244896
59.70170068027211
59.74312925170068
59.825034013605446
59.91557823129252
60.10605442176871
60.29061224489796
60.366666666666674
60.473945578231294
60.648911564625855
60.803945578231286
61.03312925170068
61.24387755102041
61.334761904761905
61.331496598639454
61.52700680272109
61.720340136054425
61.81551020408164
61.91789115646259
62.06027210884354
62.27068027210885
62.54190476190475
62.739931972789115
62.81496598639456
63.000748299319724
63.335102040816324
63.572653061224486
63.70353741496599
63.83183673469387
63.988843537414965
64.17401360544218
64.31204081632653
64.43408163265306
64.55945578231292
64.66340136054423
64.75380952380952
64.96040816326531
65.29979591836735
65.52972789115647
65.6126530612245
65.72938775510204
65.83408163265307
65.9565306122449
66.0970068027211
66.23673469387755
66.3204761904762
66.40734693877552
66.60612244897959
66.7913605442177
66.95285714285714
66.96904761904761
66.9021768707483
66.94265306122449
66.93768707482994
67.0456462585034
67.07176870748299
67.1213605442177
67.10421768707484
67.16210884353741
67.14102040816326
67.20340136054422
67.22795918367346
67.31612244897958
67.35653061224491
67.44367346938776
67.331768707483
67.24721088435375
67.30612244897958
67.45544217687075
67.62442176870749
67.59333333333333
67.41612244897959
67.33557823129252
67.41557823129253
67.56659863945578
67.47734693877551
67.41775510204081
67.3870068027211
67.44857142857143
67.5195238095238
67.5687074829932
67.47013605442177
67.24278911564625
67.1300680272109
67.09598639455783
67.0222448979592
66.82448979591837
66.8339455782313
66.77469387755102
66.60428571428571
66.35700680272109
66.32469387755103
66.29210884353742
66.13489795918366
65.95074829931974
65.91945578231294
65.79054421768707
65.61170068027212
65.45632653061226
65.41850340136055
65.2256462585034
65.0778231292517
64.90489795918369
64.89353741496599
64.87414965986395
64.7534693877551
64.48585034013605
64.45748299319729
64.36843537414966
64.02884353741496
63.76156462585034
63.76156462585035
63.87959183673469
63.849863945578235
63.66680272108844
63.602925170068026
63.54931972789115
63.442517006802724
63.3374149659864
63.375578231292515
63.29775510204082
63.01380952380953
62.826122448979596
62.71278911564626
62.63136054421769
62.505646258503404
62.44680272108844
62.42265306122449
62.37285714285714
62.239387755102044
61.973945578231294
61.80129251700681
61.71605442176871
61.7156462585034
61.585374149659856
61.346666666666664
61.19421768707483
61.07986394557823
61.032721088435366
60.89326530612245
60.97571428571428
60.81891156462586
60.64238095238095
60.36693877551021
60.30802721088436
60.16972789115646
60.0812925170068
59.830068027210885
59.740612244897974
59.57061224489796
59.42585034013606
59.30952380952381
59.44204081632654
59.201292517006806
58.9608843537415
58.78986394557823
58.88278911564626
58.70775510204082
58.565986394557825
58.39659863945578
58.25843537414966
57.98095238095239
57.81401360544218
57.69455782312925
57.591972789115644
57.34748299319728
57.34625850340136
57.380272108843535
57.28231292517007
57.04489795918368
56.97095238095238
56.999047619047616
56.951088435374146
56.945510204081636
56.92095238095238
56.956054421768705
56.81115646258503
56.77755102040817
56.695238095238096
56.679251700680275
56.673673469387765
56.76591836734694
56.738843537414965
56.73149659863946
56.74353741496599
56.77102040816327
56.784217687074836
56.77972789115646
56.648435374149656
56.588299319727895
56.73401360544218
56.69455782312926
56.72979591836735
56.768027210884355
57.00006802721089
57.09102040816326
57.226734693877546
57.22251700680272
57.26428571428571
57.226122448979595
57.31823129251701
57.40503401360545
57.58714285714285
57.66027210884353
57.81510204081633
57.77517006802721
57.85857142857144
57.93551020408164
58.12863945578231
58.22925170068027
58.43217687074831
58.519591836734705
58.642653061224486
58.7278231292517
58.80768707482993
58.98442176870749
59.15734693877551
59.356258503401364
59.457959183673466
59.77108843537415
59.825034013605446
60.044761904761906
60.20727891156462
60.51551020408163
60.59278911564627
60.91721088435374
61.20748299319728
61.602176870748295
61.859047619047615
62.04170068027211
62.1178231292517
62.324897959183666
62.561360544217685
62.87761904761905
63.24312925170069
63.6074149659864
63.809387755102044
64.06673469387755
64.2574829931973
64.56530612244899
64.94136054421769
65.39510204081633
65.51530612244898
65.67448979591836
66.00925170068028
66.36591836734694
66.62136054421768
66.79523809523809
67.15727891156463
67.35945578231292
67.65598639455783
67.92795918367347
68.19795918367348
68.35673469387754
68.77299319727894
69.18340136054422
69.41251700680272
69.49578231292517
69.78632653061224
70.04945578231293
70.41020408163266
70.76469387755103
71.23251700680272
71.76292517006803
72.30727891156462
72.69292517006802
72.76612244897959
72.97748299319728
73.37292517006803
73.91034013605443
74.22054421768706
74.52197278911565
74.88544217687075
75.21401360544218
75.35231292517007
75.65374149659864
75.98088435374152
76.32517006802722
76.44428571428571
76.58666666666667
76.65054421768707
76.72639455782314
76.87816326530613
77.12857142857142
77.543537414966
77.92448979591839
78.20442176870748
78.40292517006803
78.59585034013605
78.81496598639457
79.05190476190475
79.34639455782312
79.61721088435374
79.87401360544217
80.10231292517007
80.28068027210885
80.66414965986395
80.82925170068026
81.03380952380951
81.13326530612245
81.47544217687076
81.71523809523809
81.99346938775511
82.19510204081632
82.46809523809524
82.7848299319728
83.02442176870748
83.2534693877551
83.5525850340136
83.98285714285713
84.35707482993197
84.64047619047619
84.73884353741497
85.02639455782312
85.45149659863947
85.86224489795919
86.3521768707483
86.88755102040815
87.28340136054422
87.4765306122449
87.64925170068028
88.1786394557823
88.90469387755101
89.65367346938777
89.9821768707483
90.431768707483
91.12312925170068
91.93244897959184
92.68142857142857
93.5556462585034
94.59190476190476
95.62931972789116
96.7008843537415
98.10360544217687
99.49326530612245
100.83700680272109
102.17557823129252
103.82122448979591
105.44462585034015
106.92503401360544
108.38068027210883
109.8743537414966
111.38884353741497
112.5895918367347
113.30877551020407
113.7004761904762
114.03278911564627
114.14190476190475
114.15115646258504
114.20102040816327
114.27734693877551
114.19537414965987
114.36591836734695
114.58707482993198
114.71448979591838
114.5773469387755
114.66448979591837
114.78605442176871
115.04442176870748
115.14428571428573
115.31170068027211
115.34034013605442
115.25585034013606
115.01081632653063
114.9504761904762
114.98891156462585
115.0195238095238
115.0565306122449
115.0055782312925
114.78727891156463
114.47646258503403
114.53319727891157
114.80095238095238
115.01857142857143
115.06850340136054
115.09333333333333
115.04965986394558
115.04333333333332
115.06224489795918
115.02061224489796
114.66863945578231
114.01068027210884
113.21102040816326
112.343537414966
111.34170068027211
110.29897959183675
109.54353741496598
108.95897959183674
108.23891156462587
107.37231292517006
106.1547619047619
104.59659863945579
102.75537414965987
100.72544217687076
98.70367346938775
96.75442176870749
95.02251700680273
93.35843537414965
91.7730612244898
89.91
88.13721088435375
86.65952380952382
85.34673469387755
84.01224489795918
82.62632653061223
81.15741496598639
79.87829931972789
78.65285714285714
77.17510204081633
75.71374149659864
74.34074829931973
73.17414965986396
72.11136054421769
71.06931972789116
69.80081632653062
68.62857142857143
67.73816326530613
66.76836734693879
65.83680272108843
64.66163265306123
63.66972789115647
62.710748299319725
61.938639455782315
61.00020408163266
60.09408163265306
59.20428571428571
58.53061224489796
58.248775510204084
58.153401360544215
57.854353741496595
57.25197278911565
56.527619047619055
55.83047619047619
54.90340136054422
53.7061224489796
52.500408163265305
51.16394557823129
49.740476190476194
48.08333333333329
46.48452380952378
