25.392823129251703
25.585850340136037
25.54741496598639
25.225646258503403
24.886054421768705
24.908843537414967
25.300408163265306
25.700408163265305
25.33115646258504
24.66945578231293
24.611632653061225
24.944285714285716
24.76666666666667
24.414761904761907
24.33190476190476
24.28387755102041
24.033809523809524
23.93965986394558
23.74857142857143
24.000204081632653
24.09
23.847482993197282
23.620068027210884
23.557006802721087
23.56714285714286
23.031768707482996
23.361632653061225
23.286598639455782
23.50734693877551
23.251496598639456
23.665646258503404
23.31312925170068
23.229251700680273
23.27673469387755
23.236734693877555
23.13285714285714
23.109795918367347
23.3021768707483
22.965374149659866
22.9387074829932
22.915714285714287
23.244761904761905
23.15904761904762
23.21639455782313
22.829863945578232
22.779115646258504
22.355646258503402
22.56952380952381
22.431564625850342
22.616734693877554
22.621904761904762
23.13142857142857
22.76408163265306
22.623265306122452
22.49367346938776
22.829727891156466
22.78251700680272
23.101020408163265
23.160272108843536
22.98170068027211
22.38904761904762
22.052380952380954
22.028231292517006
22.020816326530614
22.01700680272109
21.922721088435374
22.254421768707484
22.34544217687075
22.392857142857146
22.111768707482995
22.236598639455785
22.286326530612243
22.316326530612248
22.064013605442177
22.22108843537415
22.136326530612244
22.212448979591837
22.151768707482994
21.91952380952381
21.749455782312925
21.531428571428574
21.59136054421769
21.428231292517008
21.39421768707483
21.29544217687075
21.23469387755102
21.55857142857143
21.686530612244898
21.78496598639456
21.437755102040818
21.068979591836737
21.265646258503402
21.16156462585034
21.127074829931974
20.831156462585035
21.17340136054422
20.968503401360547
21.008435374149663
21.10639455782313
21.225102040816324
21.297074829931972
21.100816326530612
21.168979591836738
21.013673469387758
21.015782312925168
20.659251700680272
20.725918367346942
20.46530612244898
20.539455782312924
20.621088435374148
20.778163265306127
20.379319727891158
20.66061224489796
21.04891156462585
21.063605442176872
20.51925170068027
20.64734693877551
21.059863945578233
21.153197278911563
20.860204081632652
20.807687074829932
20.930952380952384
21.185986394557823
20.90503401360544
20.768231292517008
20.853061224489796
20.778231292517006
20.914625850340137
21.179591836734694
21.779251700680273
21.47891156462585
21.389387755102042
21.16816326530612
21.06673469387755
20.88387755102041
20.869455782312926
20.92204081632653
20.87074829931973
20.65748299319728
20.77673469387755
20.748231292517005
21.027891156462584
20.739795918367346
20.488503401360546
20.51265306122449
20.90530612244898
21.169115646258504
20.806122448979593
20.678367346938774
20.678367346938778
20.966462585034016
21.202925170068028
20.99918367346939
20.80183673469388
20.96251700680272
21.013333333333332
20.643809523809523
20.322721088435376
20.600816326530612
20.76489795918367
21.11952380952381
21.326462585034015
21.56142857142857
21.341496598639452
21.19326530612245
20.874557823129255
20.900680272108843
20.737755102040815
20.64265306122449
20.474489795918366
20.66591836734694
21.39857142857143
21.281904761904762
20.98918367346939
20.801632653061226
21.28639455782313
20.902517006802718
21.04462585034014
21.09231292517007
21.139591836734695
20.884285714285713
21.267482993197277
21.481700680272112
21.27047619047619
21.095238095238095
21.32530612244898
22.077414965986396
22.046666666666667
22.03734693877551
22.101904761904763
22.314081632653064
22.21061224489796
22.41353741496599
22.75952380952381
23.10387755102041
23.100884353741495
23.247755102040816
23.263129251700683
23.866734693877554
23.499727891156464
23.67074829931973
23.801768707482996
24.41673469387755
24.305102040816326
24.42142857142857
24.46047619047619
24.764557823129252
25.493945578231294
25.50918367346939
25.54156462585034
25.643945578231296
26.454421768707487
26.677619047619046
26.584421768707482
26.626462585034016
26.857142857142854
27.39074829931973
27.74530612244898
28.330068027210885
28.210816326530615
28.433061224489798
28.897142857142857
29.107687074829933
28.940068027210884
29.245034013605444
29.64163265306123
29.497074829931975
29.45374149659864
30.001020408163264
30.41605442176871
30.812244897959182
30.535850340136054
30.740136054421768
30.5752380952381
30.66619047619048
30.273061224489798
30.943673469387754
31.353061224489796
31.382380952380952
30.98748299319728
31.213197278911565
31.593673469387756
31.62448979591837
31.582789115646257
31.174829931972788
30.745374149659867
30.693061224489796
30.841496598639456
31.203333333333333
30.979455782312925
30.932108843537417
30.37156462585034
30.50605442176871
30.2330612244898
29.98557823129252
29.604557823129255
29.76102040816327
29.287687074829932
28.76938775510204
28.68646258503401
29.062448979591835
29.08
29.029115646258504
28.624489795918365
28.16761904761905
27.689319727891156
27.43068027210884
27.13823129251701
27.248503401360544
27.034217687074836
26.95421768707483
26.49462585034014
26.375510204081635
26.23748299319728
26.454013605442178
26.46795918367347
26.244285714285716
25.85965986394558
25.467959183673468
25.41965986394558
25.29027210884354
25.217959183673468
25.44448979591837
25.446598639455786
25.28789115646259
25.244081632653064
25.417210884353743
25.490000000000002
25.202312925170066
25.057414965986396
25.136462585034018
25.3508843537415
25.04639455782313
25.022653061224492
25.065850340136056
25.18136054421769
24.994013605442177
25.02877551020408
25.184421768707487
25.349455782312923
25.38748299319728
25.361700680272108
25.550068027210884
25.679931972789117
25.766326530612247
25.63659863945578
25.598707482993195
25.790884353741497
25.701292517006802
25.277619047619048
25.274965986394555
25.667414965986392
25.894489795918368
26.04469387755102
26.322857142857146
26.569727891156464
26.474149659863947
26.56605442176871
26.787142857142854
27.238367346938777
27.017755102040816
26.981428571428573
27.276394557823128
27.717210884353744
27.63156462585034
27.58612244897959
27.609455782312924
27.55374149659864
27.744897959183675
28.048503401360545
28.27231292517007
28.681428571428576
28.83183673469388
28.95795918367347
29.14292517006803
29.483673469387757
29.103469387755105
29.07965986394558
29.798911564625854
30.18734693877551
30.268367346938774
30.52761904761905
30.716462585034016
30.724081632653064
30.93292517006803
31.25
31.221496598639455
31.349863945578228
31.749115646258502
31.5765306122449
31.72367346938776
31.961156462585038
32.14340136054422
32.10421768707483
32.44748299319728
32.92183673469388
32.9565306122449
33.03040816326531
33.01054421768707
33.10517006802721
33.74530612244898
34.33469387755102
34.57006802721089
34.35897959183673
34.415782312925174
34.31374149659864
34.850816326530605
35.124353741496606
35.21013605442177
35.137414965986395
35.61843537414966
35.79489795918367
35.44482993197279
35.68122448979592
36.2882993197279
36.7478231292517
36.63938775510204
36.97931972789115
37.34442176870749
37.35312925170068
37.58367346938775
37.79544217687075
37.847687074829935
37.71986394557823
38.0921768707483
38.21687074829932
38.393197278911565
38.33353741496599
38.714693877551014
38.90659863945579
39.20197278911564
39.06204081632653
39.4847619047619
39.70013605442177
39.82108843537415
39.763129251700676
39.923537414965985
39.9730612244898
39.828095238095244
40.07299319727891
40.38244897959184
40.68829931972789
40.61802721088436
40.7656462585034
40.88585034013606
40.992108843537416
40.92918367346938
41.213741496598644
41.287551020408166
41.04095238095238
40.841360544217686
41.042585034013605
41.48170068027211
41.37789115646258
41.436190476190475
41.6912925170068
42.11931972789115
42.133877551020404
41.86891156462585
41.79598639455783
42.00857142857143
42.402176870748306
42.48768707482993
42.5852380952381
42.811292517006805
42.73836734693877
42.838435374149654
42.86632653061225
42.8674149659864
43.02843537414966
43.3056462585034
43.4012925170068
43.05034013605442
43.42666666666667
43.81367346938775
44.136326530612244
44.216530612244895
44.39714285714285
44.39448979591837
44.05326530612245
44.32578231292517
44.44673469387755
44.57952380952381
44.57476190476191
44.809931972789116
44.62367346938776
44.567482993197274
44.7604761904762
44.825918367346944
44.630544217687074
44.994353741496596
45.519727891156464
45.56183673469388
45.09312925170069
45.2852380952381
45.50333333333333
45.76408163265306
45.830068027210885
46.02612244897959
45.77843537414965
45.61482993197279
45.7178231292517
45.90081632653061
45.61639455782313
45.30476190476191
45.28421768707483
45.56054421768708
45.73510204081633
45.71612244897959
45.57632653061225
45.342176870748304
45.38673469387755
45.21333333333334
45.42619047619047
45.368979591836734
45.541496598639455
45.4613605442177
45.45340136054422
45.5952380952381
45.475102040816324
45.42693877551021
45.17408163265306
45.21503401360545
44.97544217687076
45.01299319727892
44.976190476190474
44.97768707482993
44.935034013605446
45.00721088435374
44.89197278911565
44.77312925170068
44.54646258503401
44.81925170068027
44.79551020408164
44.93639455782313
44.68292517006803
44.65789115646258
44.50911564625851
44.74142857142857
44.871904761904766
45.00149659863946
44.786190476190484
44.80394557823129
44.54612244897959
44.588843537414974
44.52938775510204
44.801156462585034
44.59448979591837
44.537959183673465
44.24122448979592
43.987414965986396
43.88122448979592
44.40761904761905
44.601020408163265
44.43959183673469
43.92510204081633
43.67360544217687
43.60530612244898
43.589455782312925
43.60448979591836
43.66761904761904
43.67551020408163
43.533265306122445
43.387346938775515
43.45442176870749
43.30489795918368
43.19285714285715
43.14299319727891
43.41231292517007
43.078095238095244
42.90265306122449
42.73299319727891
42.67666666666667
42.44591836734694
42.44619047619048
42.04986394557824
41.947142857142865
41.90795918367347
42.0030612244898
41.55238095238095
41.911632653061226
42.02183673469388
41.8334693877551
41.2608843537415
41.044217687074834
40.94537414965987
40.83448979591836
40.49190476190476
40.16183673469388
40.07802721088435
39.93687074829932
39.824625850340134
39.96965986394558
40.12319727891157
39.61687074829932
39.091768707483
38.86789115646259
39.002108843537414
39.03421768707483
38.906666666666666
38.91278911564626
38.828095238095244
38.79557823129252
38.38265306122449
38.47210884353741
37.89857142857143
37.64251700680272
37.23952380952381
37.628299319727894
37.874421768707485
38.07299319727892
37.9682993197279
37.40605442176871
37.20680272108844
36.98598639455782
37.00673469387755
36.626938775510204
36.470408163265304
36.34040816326531
36.467074829931974
36.38197278911564
36.159387755102046
35.74693877551021
35.71496598639456
35.473401360544216
35.21748299319728
35.10503401360545
35.19863945578231
35.03387755102041
34.72047619047619
34.65455782312925
34.555170068027216
34.54659863945578
34.34510204081633
34.09639455782313
33.70938775510204
33.87061224489796
33.6521768707483
33.68544217687075
33.50571428571429
33.684829931972786
33.171836734693876
32.910204081632656
32.924965986394554
32.917142857142856
32.92639455782313
32.70659863945578
32.60360544217687
32.36938775510204
32.33176870748299
32.126666666666665
32.158367346938775
32.29333333333334
32.339251700680265
32.299183673469386
32.17972789115646
32.035646258503405
31.772585034013606
31.50768707482993
31.074965986394556
31.152380952380952
31.10013605442177
31.064625850340136
30.761632653061223
31.01925170068027
30.680748299319728
30.554149659863945
30.37687074829932
30.52482993197279
29.977891156462587
29.71482993197279
29.882857142857144
29.824081632653062
29.487074829931974
29.51421768707483
29.693061224489796
29.521972789115647
29.050204081632653
29.01680272108844
28.7978231292517
28.771020408163267
28.634013605442178
28.963401360544218
28.77020408163265
28.66299319727891
28.294761904761906
27.80170068027211
27.61387755102041
27.56278911564626
27.833469387755105
27.43795918367347
27.603265306122452
27.050204081632657
27.03965986394558
26.790748299319727
26.67952380952381
26.694489795918365
26.548027210884356
26.67421768707483
26.472925170068027
26.687891156462584
26.21210884353742
25.992857142857144
25.93965986394558
25.931836734693878
25.884625850340136
25.60891156462585
25.65374149659864
25.502448979591836
25.294761904761906
24.849727891156462
24.710884353741495
24.855510204081632
24.981768707483
25.09666666666667
24.793129251700684
24.6978231292517
24.555850340136054
24.64047619047619
24.295034013605445
24.24387755102041
24.08585034013605
24.295646258503403
24.130816326530613
23.950680272108844
23.574013605442175
23.384421768707483
22.975578231292516
23.01816326530612
22.944625850340135
23.073129251700678
22.98081632653061
23.03074829931973
23.048435374149662
23.109319727891155
22.86408163265306
22.53360544217687
22.76408163265306
22.939999999999998
22.712857142857143
22.34054421768708
22.03965986394558
21.971496598639458
22.127551020408166
22.07
21.527142857142856
21.34156462585034
21.477482993197277
21.664217687074828
21.648503401360543
21.692517006802724
21.371360544217687
20.970952380952383
20.90517006802721
21.18353741496599
21.239931972789115
20.9378231292517
20.662448979591836
21.01965986394558
20.73979591836735
20.72312925170068
20.503877551020405
20.491972789115643
20.02605442176871
19.995238095238097
20.173333333333332
20.26156462585034
20.268775510204083
20.060816326530613
19.806394557823126
19.439115646258504
19.081496598639454
19.202925170068028
19.281292517006804
19.538707482993196
19.45040816326531
19.57761904761905
19.444965986394557
19.489795918367346
19.187414965986395
18.915374149659865
18.620884353741495
18.554149659863945
18.528979591836737
18.562448979591835
18.387619047619047
18.23510204081633
18.316054421768712
18.379319727891158
18.721292517006802
18.844897959183676
18.889591836734695
18.40190476190476
18.314625850340136
18.321360544217686
18.38122448979592
18.09340136054422
18.085510204081636
18.191360544217687
18.267687074829933
18.154829931972785
17.750340136054422
17.58612244897959
17.45258503401361
17.63544217687075
17.520612244897958
17.60972789115646
17.367414965986395
17.361836734693874
17.180748299319724
17.082040816326533
16.90952380952381
17.127074829931974
17.004081632653065
16.848979591836734
16.679591836734694
16.948095238095238
16.744421768707483
16.608707482993196
16.478027210884356
16.82775510204082
16.5312925170068
16.524013605442175
16.51986394557823
16.74292517006803
16.765306122448983
16.75278911564626
16.656054421768708
16.850136054421768
16.798979591836734
16.842653061224492
16.637142857142855
16.591428571428573
16.211020408163265
16.276462585034015
16.387619047619047
16.404285714285713
16.37319727891156
16.193129251700682
16.263877551020407
16.13170068027211
15.991360544217688
15.682993197278911
15.702244897959183
15.940476190476192
15.941020408163267
15.810952380952381
15.722108843537416
15.914013605442179
15.809183673469388
15.781360544217687
15.668911564625851
15.816802721088436
15.666462585034013
15.69278911564626
15.737959183673471
15.587619047619047
15.460136054421769
15.247414965986394
15.276666666666667
15.357959183673469
15.313945578231294
15.47904761904762
15.53360544217687
15.737755102040817
15.441360544217687
15.396462585034014
15.282993197278913
14.944625850340138
15.003061224489795
15.206258503401362
15.736190476190476
15.544625850340136
15.306802721088435
15.102993197278913
15.376122448979594
15.164217687074832
15.157142857142857
15.044625850340136
15.198979591836734
15.031972789115645
15.261496598639457
15.226258503401361
15.10156462585034
15.061292517006803
15.047755102040815
15.286054421768709
15.12952380952381
15.10326530612245
14.794081632653063
15.12251700680272
14.984081632653062
14.954761904761906
14.766530612244898
14.821360544217686
14.754285714285714
14.752585034013606
15.119931972789116
15.061632653061226
15.137074829931972
15.100544217687077
15.093333333333334
15.011156462585035
14.686394557823128
14.767959183673469
14.530204081632652
15.069319727891157
15.21761904761905
15.123673469387755
14.710408163265308
14.862312925170068
14.911632653061226
14.603809523809524
14.53170068027211
14.71265306122449
14.91326530612245
14.911224489795918
15.016598639455783
15.03496598639456
14.938435374149659
14.961496598639455
14.818843537414967
14.830748299319728
14.999795918367347
15.126938775510203
14.491972789115648
14.509455782312925
15.04170068027211
15.270680272108843
14.775646258503402
14.658367346938775
14.439659863945579
14.46530612244898
14.337891156462586
14.842448979591836
14.657210884353741
14.298707482993198
14.113673469387756
14.616598639455782
14.9043537414966
14.739251700680274
14.753809523809524
14.635782312925171
14.438843537414966
14.533197278911565
14.546394557823128
14.72986394557823
14.56986394557823
14.690680272108846
14.620544217687074
14.811496598639456
14.837210884353741
14.901224489795919
14.315238095238096
14.315510204081633
14.50578231292517
14.864625850340136
14.38496598639456
14.174829931972791
14.33544217687075
14.61829931972789
14.492585034013606
14.38326530612245
14.444149659863946
14.751972789115646
14.64360544217687
14.773061224489798
14.740068027210885
14.91918367346939
15.083537414965988
15.072993197278912
14.610952380952382
14.497755102040816
14.640884353741498
14.627755102040815
14.35639455782313
14.48734693877551
14.462789115646258
14.666530612244896
14.71591836734694
14.682925170068028
14.680408163265305
14.683333333333334
14.70795918367347
14.689387755102041
14.537823129251702
14.512721088435375
14.552312925170067
14.91938775510204
14.448707482993196
14.196462585034013
13.985442176870748
14.481904761904763
14.733061224489795
15.122448979591837
14.83108843537415
14.947755102040816
14.556394557823129
14.605714285714285
14.328979591836736
14.50108843537415
14.43721088435374
14.492448979591837
14.427346938775512
14.483197278911565
14.622040816326532
14.485102040816326
14.453809523809525
14.597755102040816
14.9121768707483
14.847551020408163
14.60639455782313
14.378911564625852
14.291428571428572
14.519115646258502
14.511632653061223
14.48891156462585
14.228775510204082
14.590680272108843
14.80986394557823
14.461088435374151
14.171360544217688
14.612721088435373
14.353605442176871
14.047142857142859
14.297687074829932
14.969591836734693
14.434081632653061
14.034285714285716
13.991156462585035
14.603537414965988
14.830136054421768
15.189795918367347
14.677006802721088
14.429931972789115
14.367891156462585
14.553333333333335
14.405374149659863
14.408163265306122
14.620272108843537
14.566258503401361
14.453809523809525
14.76687074829932
15.300204081632653
15.152585034013606
14.814693877551019
14.831496598639456
15.006802721088436
14.727346938775511
14.552925170068029
14.397619047619047
14.659183673469387
14.762244897959183
15.188231292517006
15.042176870748301
14.936190476190477
14.461632653061226
14.563129251700682
14.528775510204081
14.796802721088435
14.867551020408163
14.720204081632652
14.610680272108844
14.728163265306124
14.828095238095239
14.544013605442178
14.883197278911567
14.740136054421768
14.889251700680273
14.819795918367348
15.219931972789118
15.00469387755102
14.963537414965987
15.012653061224489
15.172857142857143
15.002448979591836
14.597823129251701
14.47795918367347
14.841496598639456
14.885102040816328
14.810816326530611
14.632993197278912
14.501700680272108
14.756530612244898
14.988707482993197
14.810816326530613
14.492993197278913
14.871836734693877
15.069863945578232
14.912040816326531
15.200204081632654
15.310680272108844
15.504489795918369
15.379659863945578
15.383673469387755
15.315918367346939
15.298367346938777
15.335238095238097
15.114761904761906
15.070680272108845
14.812585034013605
15.163605442176872
15.103197278911564
15.222517006802722
14.932312925170068
15.025646258503402
15.009115646258502
15.440680272108843
15.825578231292516
15.241836734693877
14.998231292517008
14.851972789115647
15.272244897959185
15.111360544217689
15.426462585034013
15.530748299319729
15.74061224489796
15.741904761904761
15.70857142857143
15.561564625850341
15.67625850340136
15.636054421768709
15.823605442176873
15.864625850340138
15.96952380952381
15.853061224489796
16.290612244897957
16.374149659863946
16.363061224489797
15.941768707482995
15.818775510204082
15.952176870748302
15.961292517006804
15.800680272108842
15.90448979591837
16.44251700680272
16.08700680272109
15.86938775510204
16.16170068027211
16.68496598639456
16.758435374149663
16.81482993197279
16.99231292517007
16.829727891156466
16.915782312925174
16.870408163265306
16.92544217687075
16.42074829931973
16.55979591836735
16.40204081632653
16.58074829931973
16.184217687074835
16.681020408163267
16.95734693877551
17.260408163265307
16.65265306122449
16.636666666666667
16.952312925170066
17.347755102040818
17.31326530612245
17.12455782312925
16.965986394557824
17.341700680272112
17.63530612244898
17.783401360544218
17.344421768707488
17.148299319727894
16.868231292517006
17.312925170068027
17.577142857142857
17.598707482993202
17.382517006802722
17.47061224489796
17.604557823129248
17.669183673469387
17.861496598639455
18.20598639455782
18.24360544217687
18.240408163265307
17.865238095238094
17.92673469387755
18.415850340136053
19.032585034013607
18.796938775510203
18.437142857142856
18.370272108843537
18.49857142857143
18.553673469387757
18.955442176870747
18.99340136054422
19.388979591836737
19.64340136054422
19.9887074829932
19.89401360544218
19.478095238095236
19.494693877551022
19.785510204081632
20.140884353741498
19.729251700680273
19.88625850340136
20.579455782312927
20.976734693877553
21.16265306122449
21.481700680272112
21.629455782312924
21.411292517006807
21.852857142857143
22.35666666666667
22.512585034013604
22.72557823129252
23.33020408163265
23.156122448979595
23.30095238095238
24.15462585034014
24.988503401360546
24.981496598639456
25.1991156462585
25.588775510204083
26.308299319727894
26.885374149659867
27.42034013605442
27.293333333333337
27.6491156462585
28.125986394557824
28.698503401360547
28.681428571428572
28.537074829931974
28.25204081632653
28.26877551020408
28.394897959183673
28.575238095238095
28.562789115646257
28.66360544217687
28.703741496598642
28.768911564625853
28.70394557823129
29.081020408163266
29.502448979591836
29.81700680272109
29.73340136054422
29.79727891156463
30.096598639455788
30.408163265306126
30.705102040816328
30.977414965986398
32.131564625850345
32.76823129251701
32.80795918367347
32.62299319727891
32.67693877551021
33.005918367346936
33.672653061224494
34.28380952380952
33.92571428571429
33.52278911564626
33.48394557823129
33.38571428571429
33.310272108843535
33.32374149659864
33.60639455782313
33.53755102040816
33.21136054421768
33.0108843537415
32.83897959183673
32.43823129251701
32.23421768707483
32.45367346938775
32.45680272108844
32.328911564625855
32.029591836734696
31.757482993197282
31.40544217687075
31.053945578231293
30.477619047619047
30.476394557823127
30.17380952380952
29.831836734693876
29.21843537414966
28.948503401360547
28.586394557823127
28.44612244897959
28.09904761904762
27.87510204081633
27.663809523809526
27.15353741496599
26.465986394557824
26.249727891156464
26.5374149659864
26.480612244897966
25.851428571428574
25.22380952380953
25.075102040816326
24.762721088435377
24.399727891156463
24.434013605442182
24.670544217687077
24.666870748299317
24.212993197278912
23.928503401360544
23.343333333333334
23.389115646258503
23.182925170068028
23.08809523809524
22.6887074829932
22.74700680272109
22.462585034013607
22.39095238095238
22.35170068027211
22.596122448979592
22.308911564625852
22.031224489795918
21.67374149659864
21.98591836734694
21.939727891156465
21.90843537414966
21.62605442176871
21.336122448979594
20.73020408163265
20.57510204081631
20.740748299319705
