25.340748299319735
25.93938775510204
25.223061224489793
24.92278911564626
24.922721088435374
24.467687074829932
24.324489795918367
24.41122448979592
24.2721768707483
24.190680272108846
24.322312925170067
24.198503401360544
23.736870748299317
23.91761904761905
23.756734693877554
23.541156462585036
23.392721088435376
23.35142857142857
23.45727891156463
23.243265306122446
23.04938775510204
22.461904761904762
22.695782312925168
22.823741496598643
23.124421768707485
22.793129251700684
22.90986394557823
22.56421768707483
22.464897959183673
22.30687074829932
22.694761904761904
22.64027210884354
22.488027210884354
22.285850340136058
22.344353741496597
22.471632653061228
22.5165306122449
22.33061224489796
22.367074829931973
22.430544217687075
21.978911564625854
21.85557823129252
22.319591836734695
22.650816326530613
22.25340136054422
22.089727891156464
22.056802721088438
21.912448979591836
21.759999999999998
21.807142857142857
22.165442176870748
22.265714285714285
21.967006802721087
21.911020408163267
22.241088435374152
22.23204081632653
21.89938775510204
21.945578231292515
21.961904761904762
21.736122448979593
21.591700680272112
21.757891156462584
21.55292517006803
21.23251700680272
21.04469387755102
21.280204081632654
21.384489795918366
21.384965986394555
21.3921768707483
21.34829931972789
21.67006802721088
21.582585034013604
21.251496598639456
21.043469387755103
21.38972789115646
21.2552380952381
21.023333333333333
20.951292517006802
21.093197278911564
21.10544217687075
21.16312925170068
20.95061224489796
21.014149659863946
21.021564625850345
20.87428571428572
20.66149659863946
20.87251700680272
20.72503401360544
20.618163265306123
20.454353741496597
20.385782312925173
20.304149659863945
20.34700680272109
20.320068027210883
20.462312925170068
20.840204081632656
20.890408163265306
20.357346938775514
20.145374149659865
20.056122448979593
20.336462585034013
20.23122448979592
20.227755102040817
19.99108843537415
20.151496598639458
19.868843537414964
20.048571428571428
19.896938775510208
20.36904761904762
20.083605442176868
20.130680272108844
19.87210884353742
20.3856462585034
20.64748299319728
20.555170068027213
20.19238095238095
20.28204081632653
20.317755102040817
20.35170068027211
20.156870748299323
19.953333333333333
19.9012925170068
20.07503401360544
20.487142857142857
20.39224489795918
20.232176870748297
19.705714285714286
19.620340136054423
20.154965986394558
20.397687074829932
20.2643537414966
20.22374149659864
20.273537414965986
20.264013605442177
20.293673469387755
20.55938775510204
20.16938775510204
20.150068027210885
20.453809523809525
20.659251700680272
20.570204081632653
20.396734693877555
20.197278911564624
19.671632653061224
19.613605442176876
19.911224489795917
20.28251700680272
20.14619047619048
20.233469387755104
20.241292517006805
20.099251700680274
20.037278911564627
20.133673469387755
20.318707482993197
20.434761904761906
20.400816326530613
19.992244897959186
19.358775510204083
19.372040816326532
19.91326530612245
20.304897959183677
20.431088435374154
20.614489795918367
20.76142857142857
20.391292517006804
20.11047619047619
19.942993197278916
19.772244897959183
19.910544217687075
19.94571428571429
20.001020408163267
19.98884353741497
20.145102040816326
20.20047619047619
20.341292517006803
20.33401360544218
20.234217687074832
20.362380952380953
20.709115646258503
20.570952380952384
20.45278911564626
20.81530612244898
21.140204081632653
20.65054421768707
20.31299319727891
20.643401360544217
20.888843537414967
20.937210884353743
21.126462585034012
21.28530612244898
21.293537414965986
21.52027210884354
21.687346938775512
21.53265306122449
21.756258503401362
22.171292517006805
22.373333333333335
22.21312925170068
22.39326530612245
22.47278911564626
22.569931972789117
23.002517006802726
23.02156462585034
23.048571428571435
23.29462585034014
23.895034013605443
24.070476190476192
24.218367346938777
24.379931972789116
24.026598639455784
24.495374149659863
24.682244897959187
25.442925170068026
25.463809523809523
25.42952380952381
25.057959183673468
25.201904761904764
25.978843537414967
25.95231292517007
26.004557823129254
25.84061224489796
26.196054421768707
26.329319727891157
26.837142857142858
27.646326530612246
27.836870748299322
27.54931972789116
27.130000000000003
27.29578231292517
27.694081632653063
28.04795918367347
27.95795918367347
28.0134693877551
28.189115646258504
28.51809523809524
28.335782312925172
28.753265306122444
29.017482993197277
29.36965986394558
28.9830612244898
28.745918367346942
28.7365306122449
29.003333333333334
29.536598639455782
29.508979591836734
29.22231292517007
28.743673469387755
28.80544217687075
28.95727891156463
28.832244897959185
28.235986394557823
27.90673469387755
28.015850340136055
27.96081632653061
27.62292517006803
26.932653061224492
26.72931972789116
26.686530612244898
27.312925170068027
26.976326530612248
26.34122448979592
26.00421768707483
26.314217687074834
26.07387755102041
25.911496598639456
25.534829931972787
25.617142857142856
25.270068027210886
25.210952380952378
24.656598639455783
24.62700680272109
24.50857142857143
24.31326530612245
24.425170068027214
24.575986394557823
24.671020408163265
24.140884353741498
23.8508843537415
23.7891156462585
23.807278911564623
24.036598639455782
23.877823129251702
24.030544217687073
23.987414965986396
24.080544217687073
23.702517006802722
23.27326530612245
23.08204081632653
22.948095238095235
23.26210884353742
23.720680272108844
23.690408163265307
23.719931972789116
23.479115646258503
23.664489795918367
23.825306122448982
23.793401360544216
23.30367346938776
23.291972789115647
23.641768707482992
23.43530612244898
23.25795918367347
23.1643537414966
23.231632653061226
23.818231292517005
24.044285714285717
24.009591836734693
23.99340136054422
24.126394557823133
23.776938775510207
23.48061224489796
23.660748299319728
23.913537414965987
23.964761904761907
24.19938775510204
24.513605442176868
24.73183673469388
24.319863945578227
24.517891156462586
24.77
25.228639455782314
25.316734693877553
25.42918367346939
25.204285714285717
25.45605442176871
25.48183673469388
25.67666666666667
25.790884353741497
25.72374149659864
25.74823129251701
26.168979591836734
26.60278911564626
26.595170068027215
26.266462585034013
26.2556462585034
26.315510204081633
26.62795918367347
26.660884353741498
26.816258503401357
27.242244897959186
27.45639455782313
27.752244897959184
27.957210884353742
28.164761904761903
28.356598639455783
28.618027210884353
28.667551020408165
28.4221768707483
28.255510204081634
28.417687074829935
28.640816326530615
28.614625850340136
28.659659863945578
28.98598639455782
29.319455782312925
29.089115646258502
28.96122448979592
29.431496598639455
29.62673469387755
29.802176870748298
29.78965986394558
30.2808843537415
30.331156462585035
30.19238095238095
30.270340136054422
30.584489795918365
30.817346938775508
30.536598639455782
30.992653061224487
31.351496598639454
31.660476190476192
31.46503401360544
31.735578231292518
31.86360544217687
32.11469387755102
31.696190476190473
31.827891156462584
32.170476190476194
32.81034013605442
32.79911564625851
33.279319727891156
33.559931972789116
33.3608843537415
33.035646258503405
33.40108843537415
33.7665306122449
33.91591836734694
33.66591836734693
33.98897959183674
34.22857142857143
34.39312925170068
34.23149659863945
34.47428571428571
34.93673469387755
34.93027210884354
34.83183673469388
34.96299319727891
35.258367346938776
35.565170068027214
35.545034013605445
35.853197278911566
35.82639455782313
35.793673469387755
35.55544217687075
35.76510204081633
35.84210884353742
35.86421768707483
36.1956462585034
36.43115646258504
36.44319727891157
36.682925170068025
37.09972789115646
37.16972789115647
36.68374149659864
36.88938775510204
37.13183673469388
37.42367346938775
37.36102040816326
37.80428571428571
37.83197278911564
37.68510204081633
37.51707482993197
38.06727891156463
38.338299319727895
38.51598639455783
38.381360544217685
38.560476190476194
38.71605442176871
39.1656462585034
39.50163265306122
39.53591836734694
39.45353741496599
39.44020408163265
39.73823129251701
40.06965986394558
40.13367346938776
40.07843537414966
40.08904761904762
40.385238095238094
40.52163265306122
40.606258503401364
40.349047619047624
40.52891156462585
40.783129251700686
41.18346938775511
41.247891156462586
41.42680272108844
41.72551020408163
42.003741496598636
42.06149659863946
41.6756462585034
41.838571428571434
42.00380952380952
42.02775510204082
41.71095238095238
41.72299319727891
42.052993197278916
42.33081632653061
42.56503401360544
42.501224489795916
42.519455782312924
42.68238095238095
42.94428571428571
42.847414965986395
42.74081632653061
42.745034013605434
42.95258503401361
42.961836734693875
43.067346938775515
43.07979591836735
43.059387755102044
42.97687074829932
43.02183673469388
43.08802721088435
43.093605442176866
43.1730612244898
43.359863945578226
43.4765306122449
43.400000000000006
43.11816326530612
42.98836734693877
42.90163265306123
43.115850340136056
43.16027210884354
43.287346938775514
43.1530612244898
43.07775510204082
42.82408163265306
42.98340136054422
43.063265306122446
43.00272108843538
42.81204081632653
42.991224489795925
43.30149659863946
43.597755102040814
43.447959183673476
43.19183673469388
43.11884353741497
43.28972789115646
43.293945578231295
43.56945578231293
43.637619047619054
43.39959183673469
43.33360544217687
43.49639455782314
43.556598639455785
43.34829931972789
43.323129251700685
43.29102040816327
43.32727891156463
43.099115646258504
42.98673469387756
42.992925170068034
43.59482993197279
43.55210884353741
43.18523809523809
42.81061224489796
43.073401360544224
42.978367346938775
42.59006802721089
42.55401360544217
42.84578231292517
42.78850340136054
42.580068027210885
42.43047619047619
42.48455782312925
42.37122448979592
42.22149659863946
42.28993197278912
42.31836734693877
42.37816326530613
41.7934693877551
41.86414965986394
42.0378231292517
42.26795918367347
41.804693877551024
41.67020408163265
41.84367346938775
41.68027210884354
41.396734693877555
41.39673469387755
41.204081632653065
40.89891156462585
40.6826530612245
40.85625850340136
40.642108843537414
40.595510204081634
40.3556462585034
40.2047619047619
40.13027210884354
40.282653061224494
39.89204081632653
39.75809523809524
39.687278911564626
39.696938775510205
39.233333333333334
39.165238095238095
38.90380952380953
38.6565306122449
38.71748299319728
39.090816326530614
38.886598639455784
38.46585034013606
38.4878231292517
38.53551020408163
38.339115646258506
38.01047619047619
37.806598639455785
37.746870748299315
37.73428571428572
37.52251700680273
37.45632653061225
37.432857142857145
37.3743537414966
37.096326530612245
36.989659863945576
36.62503401360544
36.73789115646258
36.6887074829932
36.69414965986395
36.65843537414966
36.52204081632654
36.039795918367346
35.90986394557824
36.185374149659864
36.13462585034014
35.705170068027215
35.62673469387755
35.53857142857143
35.43462585034014
35.08680272108844
35.12619047619047
35.07122448979592
34.8356462585034
34.52013605442177
33.94632653061224
34.21027210884353
34.364489795918374
34.739863945578236
34.3612925170068
34.239387755102044
33.86
33.71197278911565
33.643537414965984
33.609591836734694
33.81197278911564
33.620068027210884
33.42591836734694
33.20292517006802
33.33993197278912
33.14251700680272
32.92605442176871
32.708231292517006
32.94877551020409
33.13401360544218
33.10462585034014
32.4478231292517
32.22707482993197
32.15102040816326
32.47591836734694
32.68802721088436
32.59578231292517
32.133809523809525
31.60843537414966
31.56482993197279
31.352244897959185
31.29863945578231
31.083061224489796
31.30639455782313
30.835442176870746
30.392040816326528
30.31374149659864
30.62544217687075
30.420680272108847
30.33612244897959
30.027755102040818
29.763469387755105
29.492653061224487
29.839659863945577
29.623333333333335
29.59829931972789
29.27299319727891
29.38775510204082
29.04959183673469
29.09462585034014
29.101564625850337
29.14047619047619
28.6634693877551
28.662312925170067
28.48904761904762
28.31809523809524
28.11544217687075
27.838503401360544
27.445578231292515
27.589591836734694
27.667074829931973
27.514965986394557
27.096666666666664
27.236938775510204
27.24625850340136
27.15340136054422
26.883809523809525
26.612585034013602
26.692857142857143
26.649455782312923
26.71965986394558
26.3565306122449
26.32578231292517
26.44952380952381
26.261496598639454
25.98938775510204
26.099455782312926
26.131564625850338
25.79421768707483
25.56353741496599
25.467210884353744
25.01544217687075
24.87374149659864
24.555850340136054
24.524761904761906
24.7056462585034
24.90136054421769
24.998027210884356
24.700884353741497
24.559931972789116
24.034829931972787
24.06251700680272
24.004013605442175
24.091632653061225
23.769455782312924
23.696054421768707
23.70625850340136
23.77510204081633
23.607006802721088
23.797074829931972
23.542108843537417
23.298027210884353
23.104421768707482
23.012448979591838
22.871020408163265
22.623809523809523
22.402789115646257
21.92639455782313
22.14326530612245
22.3965306122449
22.33544217687075
22.08108843537415
22.04394557823129
22.036666666666665
21.848231292517006
21.899183673469388
21.824489795918367
21.84142857142857
21.529591836734696
21.666122448979593
21.77965986394558
21.87183673469388
21.39496598639456
21.14666666666667
21.15265306122449
21.331428571428567
21.08721088435374
20.794285714285717
20.494149659863947
20.781156462585038
20.96360544217687
21.01918367346939
20.63285714285714
20.28829931972789
20.355986394557824
20.28530612244898
20.162380952380953
19.88891156462585
20.037891156462585
19.850340136054424
19.391224489795917
19.177414965986394
19.56231292517007
19.99904761904762
19.84816326530612
19.668911564625848
19.39
19.267414965986397
19.239931972789115
19.331768707482993
19.140544217687076
18.602925170068026
18.565034013605445
18.814693877551022
19.213877551020406
19.43149659863946
19.204625850340136
18.908503401360544
18.59421768707483
18.69122448979592
18.434421768707484
18.151156462585035
18.038027210884355
17.93659863945578
17.7834693877551
17.726938775510206
17.917891156462584
17.71197278911565
17.745578231292516
17.97292517006803
18.32136054421769
18.156666666666666
18.068027210884352
17.892448979591837
17.83891156462585
17.515102040816323
17.505442176870744
17.47
17.361156462585036
16.943197278911565
17.042380952380956
17.080680272108843
17.32
17.197074829931974
17.079115646258508
16.910068027210887
16.885850340136052
16.576190476190476
16.28625850340136
16.405646258503403
16.658571428571427
16.699183673469385
16.78612244897959
16.859659863945577
16.546462585034018
16.41095238095238
16.32156462585034
16.13482993197279
15.856190476190477
16.139591836734695
16.443197278911562
16.200408163265305
16.072108843537414
15.972244897959186
16.416122448979593
16.376462585034012
16.244829931972788
15.821360544217688
15.866530612244897
15.796938775510204
16.164353741496598
16.201972789115644
15.958979591836734
15.642380952380952
15.57625850340136
15.482857142857144
15.618503401360545
15.834693877551022
15.700748299319729
15.519319727891155
15.824081632653062
15.807074829931974
15.864557823129253
15.729523809523808
15.690680272108844
15.07761904761905
15.097619047619048
15.328367346938775
15.63204081632653
15.311904761904763
15.223945578231291
15.126122448979592
15.049659863945578
15.108435374149659
15.120544217687076
14.911360544217686
15.261632653061225
15.676802721088436
15.663945578231292
15.325306122448982
15.13421768707483
14.82795918367347
14.890136054421768
15.374693877551021
15.698843537414968
15.345714285714285
14.922993197278913
14.679795918367347
14.783605442176873
14.78734693877551
14.94625850340136
14.967210884353744
14.901496598639458
14.60795918367347
14.658027210884356
15.053333333333335
15.247755102040815
15.099795918367347
15.017074829931971
15.055986394557824
14.728027210884353
14.580612244897958
14.876462585034014
15.084625850340135
15.043401360544218
14.762721088435374
14.680952380952382
14.738911564625854
14.461836734693879
14.506598639455781
14.481360544217686
14.957891156462585
15.147482993197277
15.034829931972789
14.443333333333332
14.413333333333332
14.550272108843538
14.578979591836736
14.414285714285715
14.386598639455784
14.406462585034014
14.721224489795919
14.695986394557824
14.621224489795921
14.707278911564627
14.77530612244898
14.668843537414965
14.67421768707483
14.711292517006802
14.488911564625852
14.198639455782311
14.466530612244899
15.068299319727892
15.039591836734694
14.68108843537415
14.427074829931973
14.356054421768707
14.295374149659864
14.427414965986396
14.825510204081633
14.576326530612246
14.659659863945578
14.374965986394558
14.615442176870749
14.216530612244899
14.519115646258504
14.224013605442178
14.127959183673468
14.037210884353742
14.623945578231295
14.676462585034015
14.230748299319728
13.899931972789116
14.224897959183675
14.473945578231291
14.652993197278912
14.43823129251701
14.355102040816329
14.189387755102043
14.444965986394559
14.466462585034014
14.442380952380953
14.326598639455781
14.04421768707483
13.930204081632652
14.377891156462585
14.49482993197279
14.038639455782313
13.639727891156463
14.068095238095239
14.352993197278913
14.61823129251701
14.557006802721089
14.710272108843537
14.644829931972788
14.544421768707483
14.123673469387754
14.232380952380952
14.347687074829931
14.462857142857143
14.411836734693878
14.49530612244898
14.509863945578232
14.464557823129251
14.514149659863946
14.433333333333334
14.454557823129253
14.224897959183675
14.479863945578233
14.478843537414965
14.527687074829934
14.221768707482994
14.079251700680272
13.869863945578231
14.18625850340136
14.638571428571428
14.614625850340136
14.681428571428572
14.768231292517008
14.926530612244898
14.356598639455783
14.231632653061226
13.914625850340137
14.111768707482993
14.065034013605441
14.538843537414966
14.842925170068026
14.96265306122449
14.523197278911564
14.227414965986394
14.256666666666668
14.158027210884352
14.264897959183674
14.274285714285714
14.462585034013607
14.480272108843538
14.575238095238095
14.31918367346939
13.942993197278913
14.106938775510205
14.041496598639455
14.282857142857143
14.348775510204081
14.388639455782313
14.211156462585034
14.367687074829933
14.602380952380953
14.643537414965987
14.241292517006801
14.073673469387757
13.878843537414966
14.27625850340136
13.976666666666668
14.18530612244898
14.017278911564627
14.264489795918367
14.128979591836735
14.534625850340134
14.371632653061225
14.449591836734696
14.18312925170068
14.274285714285716
14.149115646258505
14.340408163265307
14.21721088435374
14.196462585034016
14.237414965986396
14.52904761904762
14.463809523809525
14.451156462585036
14.519591836734694
14.651360544217688
14.46891156462585
14.350408163265307
14.251224489795918
14.410136054421768
14.710476190476191
14.633469387755103
14.51265306122449
14.652108843537414
14.421904761904761
14.195646258503402
14.268911564625853
14.473605442176872
14.488163265306122
14.560680272108844
14.346802721088435
13.999931972789117
14.14891156462585
14.35952380952381
14.28251700680272
14.47795918367347
14.633537414965986
14.810340136054421
14.40639455782313
14.567142857142857
14.656054421768708
14.953197278911565
14.728367346938775
14.678435374149661
14.649115646258505
14.562517006802722
14.633605442176872
14.806598639455782
14.92360544217687
15.032993197278913
14.783469387755101
14.576258503401359
14.930408163265307
15.20700680272109
14.782448979591837
14.120136054421769
14.544013605442178
15.006666666666668
15.119319727891156
15.017755102040816
14.908435374149658
14.820340136054421
14.85530612244898
15.103401360544218
15.114421768707482
14.671292517006803
14.608027210884355
14.699387755102041
15.046530612244897
14.95278911564626
14.959795918367348
14.625782312925171
14.796258503401361
14.594897959183674
14.761496598639457
14.708775510204081
14.913061224489796
14.816122448979593
14.859659863945577
15.06
15.058911564625852
14.688707482993198
14.712585034013605
15.120068027210886
15.162789115646259
14.92952380952381
14.989727891156463
15.144897959183673
15.165374149659863
15.210476190476193
14.958707482993198
14.993469387755104
15.230340136054423
15.462448979591837
15.482993197278912
15.74591836734694
15.605850340136055
15.361904761904762
15.399591836734695
15.879795918367346
15.598707482993198
15.177551020408163
14.94156462585034
15.35013605442177
15.729727891156465
15.963129251700682
15.97292517006803
15.84095238095238
15.742108843537416
16.0643537414966
16.163265306122447
16.09387755102041
15.812517006802722
15.91952380952381
15.900612244897959
15.974421768707483
15.998979591836733
15.96795918367347
15.890408163265306
16.237414965986396
16.346870748299324
16.360340136054422
16.09578231292517
16.28421768707483
16.162108843537414
16.23673469387755
16.161768707482995
16.53197278911565
16.282585034013607
16.271292517006803
16.164285714285715
16.393129251700678
16.129931972789116
16.33408163265306
16.68877551020408
16.74972789115646
16.503605442176873
16.635102040816328
16.850340136054424
16.791972789115647
16.965986394557824
16.808027210884354
16.676530612244896
16.564965986394558
17.03891156462585
17.29877551020408
17.5978231292517
17.472244897959182
17.0791156462585
17.049659863945575
17.22503401360544
17.639387755102042
17.566530612244897
17.572244897959184
17.352721088435374
17.670136054421768
17.793945578231295
18.27510204081633
18.505034013605442
18.706666666666667
18.31170068027211
18.252857142857145
18.48442176870748
18.830544217687077
18.83544217687075
18.84734693877551
19.013401360544222
18.939727891156465
19.040680272108844
19.376394557823133
19.698367346938774
19.852448979591838
20.247959183673473
20.30095238095238
20.000136054421766
20.57857142857143
20.898435374149663
21.169455782312923
20.882585034013605
21.668163265306124
21.872517006802724
22.177414965986394
22.278231292517006
22.724557823129253
23.174761904761905
23.91061224489796
24.46775510204082
24.90210884353742
25.03047619047619
25.559591836734693
25.82204081632653
26.230068027210887
26.14884353741497
25.88585034013606
26.239931972789115
26.64265306122449
26.24721088435374
26.423333333333336
26.60639455782313
26.482380952380954
25.918027210884354
26.17462585034014
26.389863945578234
26.57333333333333
26.35959183673469
25.50251700680272
25.534761904761904
25.778979591836734
26.29448979591837
26.48258503401361
26.801088435374155
26.50993197278912
26.52285714285714
26.795510204081634
27.065374149659867
27.10074829931973
27.01115646258503
27.425850340136055
27.600952380952382
27.600272108843537
27.69142857142857
27.91578231292517
27.674013605442177
27.738979591836735
27.920816326530613
28.1043537414966
27.91204081632653
28.132380952380952
28.15503401360544
28.504557823129254
28.381020408163266
28.041836734693877
27.706734693877554
28.033673469387754
28.048231292517006
28.15006802721088
27.954693877551023
28.393061224489795
28.288571428571426
28.14795918367347
27.998027210884356
28.306258503401363
27.954421768707483
27.183333333333334
26.755238095238095
26.55482993197279
26.177551020408167
25.99408163265306
25.787551020408166
25.515102040816327
25.045714285714286
25.001224489795916
24.593333333333334
24.4087074829932
24.018775510204083
24.467619047619053
24.193673469387754
24.128639455782313
23.504421768707488
23.207823129251704
23.17278911564626
23.36462585034014
23.36122448979592
23.099115646258504
23.113673469387756
22.702040816326534
22.542108843537413
22.704013605442178
22.42340136054422
22.147619047619045
22.045238095238098
21.972380952380952
21.74183673469388
21.741632653061224
21.726530612244897
21.39544217687075
21.46843537414966
22.120340136054423
22.180068027210883
21.742721088435374
21.411632653061226
21.659659863945578
21.20517006802721
20.80292517006803
20.60673469387755
20.82544217687075
20.74687074829932
20.341768707482974
18.925272108843508
