106.11282312925167
106.4320408163265
106.4578911564626
106.42959183673469
106.40632653061225
106.15816326530613
105.72843537414965
105.5034693877551
105.49945578231294
105.68673469387755
105.74428571428572
105.55238095238094
105.20142857142856
104.95755102040818
104.77993197278911
104.72020408163266
104.70367346938775
104.70244897959185
104.52748299319728
104.6325850340136
104.59496598639456
104.31006802721089
103.78673469387756
103.64666666666666
103.67986394557823
103.93884353741497
104.10183673469389
104.1165306122449
103.98891156462585
103.89340136054423
103.7830612244898
103.5538775510204
103.40761904761905
103.25564625850339
103.12061224489797
103.01714285714286
102.94925170068026
102.79823129251702
102.54755102040818
102.47619047619048
102.55503401360545
102.77387755102042
102.98448979591838
103.13380952380953
103.16578231292517
103.17156462585034
103.07979591836735
102.89496598639455
102.80605442176872
102.79292517006805
102.6925850340136
102.548231292517
102.55272108843538
102.583537414966
102.49537414965988
102.46510204081633
102.44013605442177
102.54210884353742
102.66102040816327
102.81258503401361
102.76333333333334
102.78673469387756
102.82972789115647
102.84408163265306
102.84687074829931
102.98353741496598
102.96068027210885
102.90448979591838
102.93380952380953
103.01204081632655
102.7821768707483
102.49782312925171
102.41285714285715
102.67299319727891
103.05374149659865
103.30938775510204
103.29482993197279
103.18142857142857
102.98163265306124
102.83503401360545
102.75469387755102
102.58551020408163
102.40993197278911
102.35102040816327
102.44333333333333
102.39360544217688
102.3970068027211
102.35741496598641
102.34061224489797
102.29489795918369
102.36122448979592
102.37013605442178
102.30340136054423
102.20897959183674
102.17748299319729
102.09517006802723
102.03850340136054
102.02210884353741
101.93972789115645
101.93034013605443
101.94564625850342
102.00129251700679
101.91095238095238
101.83013605442177
101.81544217687075
102.08326530612244
102.4273469387755
102.6643537414966
102.9104761904762
103.14428571428573
103.35993197278911
103.42204081632653
103.52353741496599
103.54421768707483
103.45360544217687
103.34680272108844
103.3857142857143
103.56598639455783
103.88755102040817
104.32115646258504
104.69639455782313
104.80816326530612
104.87102040816326
104.98639455782313
105.19993197278913
105.29278911564627
105.40965986394559
105.48469387755102
105.4769387755102
105.45748299319729
105.58238095238096
105.79693877551021
105.90503401360544
106.06
106.26448979591838
106.51428571428572
106.76074829931973
106.97843537414965
107.20258503401361
107.39088435374148
107.50006802721087
107.57346938775511
107.69278911564626
107.76020408163265
107.75850340136056
107.82585034013607
107.92843537414966
108.1812925170068
108.56666666666668
109.09904761904764
109.50537414965987
109.73517006802722
109.77510204081632
109.8169387755102
110.00414965986394
110.15632653061225
110.33183673469387
110.46605442176872
110.6547619047619
110.65265306122448
110.7195238095238
110.93095238095239
111.18836734693878
111.29544217687074
111.57142857142858
112.14013605442177
112.69278911564626
113.11510204081634
113.40748299319728
113.77857142857142
114.10802721088436
114.52884353741497
114.90721088435374
115.2804081632653
115.46217687074831
115.58938775510205
115.85149659863946
116.36244897959185
117.0422448979592
117.69510204081632
118.29129251700681
118.99517006802722
119.81714285714285
120.66741496598641
121.29238095238097
121.93285714285715
122.7512925170068
123.87102040816328
125.10292517006803
126.44591836734693
127.7225850340136
128.98755102040815
130.2642857142857
131.73333333333332
133.1934693877551
134.7517006802721
136.25897959183675
137.85591836734693
139.40142857142857
141.0465986394558
142.6652380952381
144.41537414965984
146.03911564625852
147.73108843537415
149.41537414965987
151.06564625850342
152.50190476190477
154.03462585034015
155.4726530612245
156.81367346938777
158.07462585034014
159.34251700680272
160.35993197278913
161.33374149659863
162.29251700680274
163.36734693877548
164.3542857142857
165.16013605442177
165.78727891156467
166.51850340136053
167.25040816326532
167.97755102040816
168.62510204081633
169.2220408163265
169.6538095238095
170.11523809523808
170.54789115646258
170.99224489795915
171.38061224489795
171.7861224489796
172.0017006802721
172.1278231292517
172.21761904761905
172.42292517006803
172.60857142857145
172.72251700680272
172.69625850340134
172.6672789115646
172.64027210884353
172.7669387755102
172.78795918367348
172.7440816326531
172.4999319727891
172.34224489795918
172.12108843537416
171.968231292517
171.87319727891156
171.76530612244898
171.58428571428573
171.27503401360542
171.02258503401362
170.77442176870747
170.52455782312924
170.17795918367347
169.84632653061226
169.58693877551022
169.37027210884352
169.1791836734694
168.8873469387755
168.50278911564627
168.1478231292517
167.8530612244898
167.55795918367346
167.12238095238095
166.73585034013604
166.3239455782313
165.96687074829933
165.55931972789116
165.19340136054421
164.70210884353742
164.2947619047619
163.83877551020407
163.25904761904764
162.54204081632653
161.9808163265306
161.53142857142853
161.07673469387754
160.53598639455782
160.00210884353743
159.5244217687075
159.0948979591837
158.60034013605443
158.12761904761905
157.75272108843538
157.46122448979594
157.22435374149663
157.12986394557822
157.16244897959183
157.11993197278912
157.08598639455784
157.30115646258503
157.47571428571428
157.59068027210884
157.69319727891155
158.00748299319727
158.2121768707483
158.5740136054422
159.00544217687076
159.49122448979594
159.89904761904762
160.25496598639455
160.61612244897958
161.14156462585035
161.80809523809523
162.35986394557824
162.8669387755102
163.43959183673468
164.06374149659862
164.6773469387755
165.35802721088436
165.99380952380955
166.65972789115645
167.28673469387758
168.02176870748298
168.71755102040817
169.45517006802723
170.0809523809524
170.71414965986395
171.31843537414966
172.00836734693877
172.5900680272109
173.1395238095238
173.631768707483
174.18748299319728
174.73387755102044
175.37625850340135
175.98537414965986
176.42755102040815
176.77
177.1690476190476
177.60857142857145
177.99897959183673
178.34979591836736
178.76163265306124
179.1573469387755
179.45142857142855
179.6982993197279
180.00122448979593
180.31272108843535
180.564693877551
180.76761904761906
181.08659863945581
181.33979591836734
181.52319727891154
181.57380952380953
181.78700680272112
182.00938775510204
182.2936054421769
182.4834693877551
182.64857142857142
182.7547619047619
182.85850340136054
182.92564625850343
183.02190476190475
183.1374149659864
183.22136054421767
183.29823129251702
183.40054421768707
183.4855782312925
183.59374149659862
183.7091156462585
183.82238095238097
183.821768707483
183.80292517006805
183.75938775510204
183.72380952380954
183.71020408163264
183.81020408163266
183.8665986394558
183.8595238095238
183.8729931972789
183.94435374149657
184.02285714285713
184.04292517006803
184.0538775510204
184.01646258503402
184.05591836734695
184.02163265306123
184.04945578231292
184.12972789115648
184.2048299319728
184.15448979591838
184.09802721088437
184.1636734693878
184.2083673469388
184.20122448979592
184.14666666666665
184.14632653061224
184.11020408163265
184.07081632653063
184.08938775510205
184.0727210884354
184.06802721088434
184.0074829931973
183.9044217687075
183.71006802721092
183.65319727891156
183.6222448979592
183.59149659863945
183.43931972789113
183.43897959183676
183.37680272108847
183.3412925170068
183.19721088435375
183.13197278911565
182.9748299319728
182.89380952380952
182.8256462585034
182.77482993197282
182.64360544217686
182.50319727891156
182.37557823129254
182.3152380952381
182.25619047619045
182.08489795918368
181.96503401360545
181.863537414966
181.71346938775514
181.52054421768707
181.50734693877553
181.44278911564626
181.26414965986393
181.08074829931974
180.95727891156463
180.79265306122448
180.61850340136056
180.471768707483
180.29244897959182
180.12659863945578
179.98414965986396
179.78653061224492
179.61639455782313
179.45925170068028
179.3391836734694
179.16741496598638
178.9618367346939
178.73027210884356
178.5961904761905
178.49319727891157
178.3078231292517
178.07224489795917
177.83755102040817
177.583537414966
177.3591156462585
177.17476190476188
176.96795918367349
176.75755102040816
176.57700680272106
176.34061224489795
176.0742857142857
175.8525850340136
175.69510204081632
175.49217687074832
175.21074829931973
174.8874149659864
174.58857142857147
174.29761904761904
174.0665306122449
173.85891156462586
173.63326530612244
173.28068027210884
172.93877551020407
172.6673469387755
172.4031972789116
172.0939455782313
171.70503401360543
171.3739455782313
171.08693877551022
170.7526530612245
170.31755102040816
169.90210884353743
169.55578231292515
169.29986394557824
169.01585034013607
168.6100680272109
168.21857142857147
167.9069387755102
167.57503401360543
167.17557823129252
166.868231292517
166.58197278911564
166.20074829931974
165.7940136054422
165.37952380952382
165.15068027210884
164.8813605442177
164.5530612244898
164.10238095238094
163.76768707482992
163.39925170068028
163.0444897959184
162.7852380952381
162.5500680272109
162.15598639455783
161.73190476190476
161.3908843537415
161.04496598639457
160.58891156462585
160.12782312925174
159.7529931972789
159.43217687074832
159.0608843537415
158.69564625850342
158.45061224489794
158.2343537414966
157.86054421768708
157.37163265306123
156.93027210884355
156.70319727891157
156.40503401360544
155.99680272108844
155.56374149659865
155.25360544217688
154.92238095238096
154.5143537414966
154.1539455782313
153.78795918367348
153.36863945578233
152.91074829931975
152.45265306122448
152.1517006802721
151.79911564625849
151.31469387755104
150.71489795918367
150.26537414965986
149.8861224489796
149.5366666666667
149.13510204081632
148.73557823129252
148.13972789115644
147.5279591836735
147.02319727891154
146.5926530612245
146.07333333333332
145.5004761904762
145.12959183673468
144.68040816326533
144.16496598639458
143.48496598639457
142.86993197278912
142.26965986394558
141.76768707482992
141.15272108843538
140.53755102040816
139.99142857142857
139.4459863945578
138.8103401360544
138.10510204081635
137.36727891156463
136.58462585034013
135.92108843537414
135.20299319727891
134.4461224489796
133.6112925170068
132.83034013605442
132.11448979591836
131.52013605442176
130.77326530612243
129.89156462585032
129.0573469387755
128.34115646258505
127.57795918367347
126.67489795918368
125.8248299319728
125.07707482993199
124.39272108843538
123.55911564625852
122.88775510204081
122.38945578231294
121.8343537414966
121.1182993197279
120.54680272108844
120.12020408163265
119.68408163265306
119.31224489795918
118.9748299319728
118.61122448979593
118.32653061224491
118.17857142857142
117.96360544217687
117.80102040816328
117.6161224489796
117.41156462585033
117.16340136054423
117.04816326530613
116.89054421768708
116.70673469387756
116.52693877551022
116.28693877551021
115.98823129251701
115.64421768707483
115.44925170068028
115.22102040816328
114.96863945578231
114.72496598639458
114.43625850340136
114.05775510204083
113.61795918367346
113.28068027210884
112.88578231292516
112.50326530612244
112.04020408163265
111.66210884353742
111.2408843537415
110.89578231292516
110.40523809523809
109.97299319727891
109.45591836734692
109.05204081632654
108.72891156462586
108.34272108843538
107.83142857142857
107.25326530612247
106.94163265306125
106.59503401360546
106.20503401360544
105.66265306122449
105.18312925170068
104.74619047619048
104.3095918367347
103.92421768707483
103.46163265306123
103.04088435374149
102.5495238095238
102.06979591836733
101.55414965986395
101.15061224489796
100.82993197278913
100.33789115646259
99.80605442176872
99.27829931972789
98.77251700680273
98.33047619047619
98.03170068027212
97.67081632653061
97.08278911564625
96.51530612244898
96.14489795918368
95.89789115646258
95.53013605442177
95.0139455782313
94.49183673469389
94.10360544217689
93.76625850340136
93.32591836734694
92.6952380952381
92.12530612244899
91.72938775510204
91.36517006802721
90.82455782312925
90.28693877551021
89.9539455782313
89.62108843537415
89.15979591836737
88.71367346938774
88.32408163265305
88.01272108843538
87.61816326530612
87.28061224489797
86.82748299319726
86.44061224489798
85.9895918367347
85.49959183673471
85.00986394557823
84.72251700680273
84.42639455782313
84.02251700680273
83.49455782312924
83.23748299319728
82.99013605442175
82.55020408163264
82.06721088435376
81.75428571428571
81.44517006802721
80.91074829931974
80.4274149659864
79.96115646258504
79.43102040816326
79.07244897959183
78.77591836734693
78.40204081632652
77.88367346938776
77.55918367346939
77.29142857142858
76.97850340136054
76.5525850340136
76.16272108843538
75.85544217687075
75.52408163265305
75.13102040816325
74.73891156462585
74.42054421768708
74.18537414965988
73.86374149659864
73.42564625850339
72.96537414965987
72.60802721088436
72.4217006802721
72.33768707482993
72.07714285714286
71.65190476190477
71.27278911564628
70.93911564625851
70.54972789115645
70.22795918367348
69.96414965986395
69.59850340136055
69.22598639455784
68.83700680272108
68.60945578231292
68.38884353741496
68.26598639455783
68.12455782312925
67.91884353741497
67.63149659863946
67.38537414965987
67.18904761904761
67.00687074829932
66.79496598639457
66.53272108843538
66.23714285714286
65.9695238095238
65.71102040816326
65.44639455782314
65.30102040816327
65.06476190476191
64.79265306122448
64.53972789115647
64.29006802721088
64.00360544217688
63.83163265306122
63.68680272108843
63.40496598639456
63.12979591836734
62.932993197278904
62.760340136054424
62.4804081632653
62.13578231292517
61.949115646258505
61.887687074829934
61.741768707483
61.49551020408164
61.33523809523809
61.24578231292517
61.12231292517007
61.02619047619047
60.74809523809524
60.56503401360544
60.475034013605445
60.383741496598645
60.09639455782313
59.8839455782313
59.692176870748305
59.4830612244898
59.238027210884354
59.09680272108844
59.0308843537415
58.986598639455785
58.91006802721089
58.76877551020408
58.58918367346939
58.38421768707484
58.342789115646255
58.291496598639455
58.12605442176871
57.85952380952381
57.758911564625855
57.65591836734694
57.49482993197279
57.244353741496596
57.04938775510203
56.96476190476191
56.93081632653062
56.75795918367347
56.62353741496598
56.621224489795914
56.5930612244898
56.40469387755102
56.34360544217687
56.26578231292517
56.08285714285715
56.01795918367347
56.01408163265306
55.97734693877551
55.89469387755103
55.982176870748305
55.93476190476191
55.91027210884354
55.7191156462585
55.48448979591837
55.279115646258504
55.22891156462586
55.1230612244898
55.10190476190476
55.089455782312925
55.052244897959184
54.936734693877554
55.06680272108844
55.15401360544219
55.16204081632654
54.992040816326536
54.863197278911564
54.81414965986395
54.7656462585034
54.63639455782313
54.54421768707483
54.45891156462586
54.36251700680273
54.26149659863946
54.265782312925175
54.288163265306125
54.33054421768708
54.3451700680272
54.39367346938776
54.384557823129256
54.38530612244898
54.323945578231296
54.286530612244896
54.15904761904763
54.14959183673469
54.1069387755102
54.054693877551024
54.032380952380954
54.28020408163266
54.461972789115656
54.480272108843536
54.36802721088435
54.25802721088436
54.194761904761904
54.13551020408164
54.23857142857142
54.41095238095238
54.562380952380956
54.617482993197285
54.583877551020414
54.599319727891164
54.59938775510204
54.66707482993198
54.79496598639456
54.897278911564634
54.953605442176865
54.86469387755102
54.96469387755102
55.211224489795924
55.323401360544224
55.36074829931973
55.41734693877551
55.705782312925166
55.81809523809524
55.87292517006803
55.94503401360545
56.19680272108844
56.412857142857135
56.55619047619048
56.69544217687075
56.84965986394558
56.94061224489796
57.15210884353741
57.279047619047624
57.441904761904766
57.53857142857143
57.77673469387755
57.875578231292515
58.00755102040817
58.08387755102042
58.218435374149664
58.25074829931973
58.30544217687074
58.48959183673469
58.738027210884354
58.918503401360546
58.90925170068027
58.99469387755103
59.1191156462585
59.3212925170068
59.53190476190477
59.677142857142854
59.84755102040817
59.96836734693877
60.22993197278912
60.26496598639456
60.51843537414966
60.72095238095238
60.846530612244905
60.72897959183673
60.80448979591837
60.95496598639456
61.022993197278915
61.102380952380955
61.18040816326531
61.279591836734696
61.23204081632654
61.21442176870749
61.2078231292517
61.32551020408164
61.48911564625851
61.6465306122449
61.759251700680274
61.72231292517007
61.67571428571429
61.659659863945585
61.66755102040817
61.679591836734694
61.69122448979593
61.68197278911565
61.56530612244899
61.48952380952381
61.59673469387755
61.79190476190476
61.90190476190476
61.95190476190477
61.84639455782313
61.784013605442176
61.755714285714284
61.830408163265304
61.7521768707483
61.71496598639456
61.71142857142858
61.78387755102041
61.821836734693875
61.81591836734694
61.687551020408165
61.60006802721089
61.61571428571428
61.59020408163265
61.377687074829936
61.24027210884354
61.261496598639454
61.296326530612255
61.15836734693878
61.03877551020408
60.965374149659866
60.96034013605443
60.80394557823129
60.65551020408164
60.54183673469388
60.42292517006803
60.28748299319728
60.24727891156463
60.173605442176864
59.97108843537415
59.787619047619046
59.6691836734694
59.63367346938776
59.57299319727891
59.45564625850339
59.360136054421766
59.300544217687076
59.19102040816327
58.976938775510206
58.79931972789116
58.786462585034016
58.82857142857143
58.77360544217687
58.638435374149665
58.62204081632654
58.503945578231296
58.306938775510204
58.175714285714285
58.16979591836734
58.158367346938775
58.17387755102041
57.97993197278912
57.658639455782314
57.404761904761905
57.41013605442177
57.370816326530615
57.40952380952381
57.49510204081633
57.43721088435374
57.07448979591837
56.86408163265306
56.8252380952381
56.73544217687075
56.58571428571429
56.43095238095239
56.234625850340144
56.11843537414966
56.029115646258504
55.97571428571429
55.94156462585034
55.89367346938776
55.70408163265306
55.51904761904761
55.35918367346939
55.265510204081636
55.25510204081633
55.15292517006803
55.03625850340136
54.98448979591837
54.890612244897966
54.74061224489796
54.6587074829932
54.51632653061225
54.239659863945576
54.172448979591834
54.11265306122449
53.94986394557824
53.75911564625851
53.67632653061224
53.57857142857143
53.46904761904763
53.38108843537415
53.26816326530612
53.16122448979591
53.06231292517007
52.843605442176866
52.89142857142857
52.83428571428571
52.602312925170075
52.351564625850344
52.46959183673469
52.566802721088436
52.492993197278906
52.37578231292517
52.403673469387755
52.41292517006803
52.42272108843537
52.290408163265305
52.34707482993198
52.409387755102046
52.54666666666667
52.407210884353745
52.40210884353741
52.414421768707484
52.517006802721085
52.48190476190476
52.472585034013605
52.525238095238095
52.518231292517015
52.473877551020415
52.45578231292517
52.45897959183674
52.558299319727894
52.7487074829932
52.88360544217687
52.86768707482993
52.80108843537415
52.887619047619054
52.948843537414966
53.03809523809524
53.02809523809524
53.07380952380952
53.10931972789116
53.17020408163266
53.291496598639455
53.47775510204082
53.53544217687075
53.59197278911565
53.605918367346945
53.79673469387755
54.02761904761904
54.164965986394556
54.25469387755102
54.33707482993197
54.46020408163265
54.546122448979595
54.7730612244898
54.97904761904762
55.03448979591837
55.18027210884354
55.458435374149666
55.744081632653064
55.97877551020409
56.06687074829932
56.15204081632654
56.24272108843538
56.61707482993198
56.97986394557823
57.2138775510204
57.406190476190474
57.58061224489796
57.76789115646258
58.01979591836735
58.258095238095244
58.57
58.85197278911565
59.14646258503401
59.17183673469388
59.43884353741497
59.831224489795915
60.23197278911565
60.47204081632653
60.71006802721089
60.932857142857145
61.12578231292517
61.42557823129252
61.70108843537415
61.970272108843545
62.13666666666667
62.43258503401361
62.78285714285715
63.050272108843544
63.263877551020414
63.63285714285715
63.97272108843538
64.24074829931973
64.41727891156464
64.57544217687075
64.76884353741497
65.31530612244899
65.74136054421768
66.02517006802722
66.2391836734694
66.78006802721089
67.06721088435374
67.3770068027211
67.7121768707483
68.09
68.2708843537415
68.53707482993197
68.90156462585036
69.10414965986396
69.37163265306123
69.73421768707485
70.06768707482993
70.25727891156464
70.40578231292517
70.56387755102041
70.69897959183675
70.90217687074832
71.01258503401361
71.1521768707483
71.42823129251701
71.86421768707483
72.2134693877551
72.49156462585034
72.6987074829932
72.99972789115645
73.2387074829932
73.4425850340136
73.7547619047619
74.00625850340137
74.21306122448979
74.29775510204081
74.73646258503402
74.96775510204081
75.13768707482993
75.22979591836734
75.57836734693878
75.88714285714285
76.12544217687075
76.33687074829932
76.55979591836734
76.77972789115645
77.1257142857143
77.50632653061226
77.80714285714286
78.02571428571429
78.42816326530613
78.8378231292517
79.19095238095238
79.44190476190477
79.74673469387754
80.18775510204081
80.68891156462584
81.13931972789115
81.5256462585034
81.83387755102041
82.13761904761904
82.626462585034
83.27659863945578
83.86802721088435
84.4061224489796
84.86748299319729
85.37183673469389
85.97639455782314
86.86333333333334
87.81986394557822
88.81285714285714
89.7738775510204
90.92278911564627
92.30918367346939
93.7330612244898
95.22829931972791
96.82768707482994
98.44904761904762
100.00006802721089
101.61727891156463
103.21142857142856
104.75775510204082
106.3569387755102
107.8108163265306
108.84897959183674
109.61367346938776
110.12639455782313
110.43632653061223
110.44428571428571
110.42476190476191
110.47925170068028
110.72027210884353
110.98530612244897
111.12802721088435
111.2313605442177
111.1704761904762
111.18625850340138
111.32551020408164
111.52659863945578
111.60204081632654
111.703537414966
111.88775510204081
112.0448299319728
112.16020408163266
112.18503401360543
112.1586394557823
112.25244897959183
112.52965986394558
112.80013605442177
112.87585034013605
112.82795918367347
112.85952380952381
113.07265306122449
113.35414965986394
113.55775510204083
113.73979591836735
113.82775510204081
113.89496598639457
114.11258503401362
114.30278911564626
114.24510204081633
113.83843537414967
113.2791156462585
112.45102040816326
111.48965986394559
110.43122448979592
109.41952380952381
108.81210884353743
108.42102040816327
107.93775510204082
106.98782312925171
105.72884353741497
104.1347619047619
102.16591836734693
100.01748299319728
97.86115646258504
95.97605442176871
94.26925170068029
92.70272108843537
91.06102040816329
89.38414965986395
87.6765306122449
86.08591836734693
84.63455782312926
83.3934693877551
81.97061224489795
80.5387074829932
79.11346938775512
77.84278911564626
76.37455782312927
74.92462585034015
73.51714285714286
72.35210884353742
71.15755102040816
69.90190476190477
68.5574149659864
67.2282993197279
66.1091836734694
65.17353741496598
64.10455782312926
62.756734693877554
61.520544217687075
60.61074829931973
59.67639455782314
58.672108843537416
57.75251700680272
56.97299319727891
56.18816326530613
55.61979591836735
55.36380952380952
55.126394557823126
54.67659863945578
54.00714285714285
53.115578231292524
52.269659863945584
51.43659863945578
50.2574149659864
48.761428571428574
47.38448979591837
46.210340136054384
44.927176870748255
