128.4976190476191
128.68809523809526
129.04285714285714
129.32530612244898
129.63775510204084
129.6231292517007
129.62340136054422
129.45836734693876
129.52340136054423
129.6352380952381
129.6822448979592
129.46938775510202
129.26857142857142
129.19040816326532
129.10795918367347
129.0183673469388
129.0961904761905
129.25591836734694
129.25829931972788
129.15877551020407
129.10278911564626
128.9131292517007
128.66272108843538
128.59285714285716
128.71557823129254
128.8608163265306
128.93843537414966
128.96979591836737
128.90251700680273
128.7487755102041
128.38210884353742
128.11387755102044
128.04469387755103
128.05993197278912
127.92435374149662
127.7447619047619
127.58598639455784
127.44517006802722
127.29285714285714
127.25986394557825
127.36972789115646
127.4965306122449
127.49027210884353
127.3608843537415
127.23272108843538
127.20462585034014
127.17904761904762
127.22891156462586
127.24544217687077
127.23102040816326
127.00680272108843
126.88224489795918
126.93190476190476
127.11061224489795
127.09224489795919
127.02129251700681
127.02414965986395
127.19285714285715
127.31115646258505
127.34823129251701
127.4352380952381
127.48863945578232
127.48843537414967
127.27911564625852
127.17278911564628
127.12734693877552
127.21462585034014
127.3395238095238
127.46319727891155
127.43768707482994
127.32993197278911
127.18891156462584
127.13469387755103
127.12374149659864
127.40170068027211
127.65374149659864
127.81306122448979
127.77761904761905
127.77952380952382
127.7004761904762
127.68925170068027
127.58666666666666
127.39251700680273
127.12551020408165
127.08238095238096
127.12367346938775
127.21442176870748
127.34244897959184
127.40061224489797
127.38095238095238
127.3412925170068
127.40292517006804
127.38795918367347
127.32285714285715
127.23251700680272
127.04455782312925
126.92714285714287
126.83904761904762
126.82
126.72598639455782
126.7474149659864
126.80421768707484
126.90904761904763
127.00707482993198
127.11414965986395
127.15557823129251
127.33578231292518
127.5330612244898
127.84687074829932
128.0791836734694
128.33544217687077
128.46748299319728
128.57503401360543
128.54380952380953
128.39761904761906
128.3278231292517
128.42850340136053
128.62659863945578
128.77748299319728
129.08986394557826
129.4451700680272
129.78163265306125
130.0022448979592
130.17102040816326
130.19707482993198
130.22673469387755
130.20176870748298
130.24755102040817
130.361768707483
130.53333333333333
130.6104081632653
130.77238095238096
130.98503401360543
131.1173469387755
131.1652380952381
131.2266666666667
131.3951700680272
131.71823129251703
131.95761904761903
132.12074829931973
132.27673469387756
132.56659863945578
132.77190476190478
132.97414965986397
133.12367346938777
133.2610204081633
133.496462585034
133.93142857142857
134.40000000000003
134.86367346938778
135.32204081632653
135.81428571428572
136.19006802721088
136.45768707482992
136.64258503401362
136.90925170068027
137.208231292517
137.5
137.76122448979592
138.00863945578232
138.21278911564627
138.58197278911564
139.00775510204082
139.43489795918367
139.80925170068028
140.36931972789117
141.0012925170068
141.71020408163264
142.3455782312925
142.94238095238097
143.4873469387755
144.13748299319727
144.73251700680274
145.31639455782314
145.7126530612245
146.1355102040816
146.57537414965986
147.08190476190475
147.67870748299322
148.48897959183674
149.39551020408163
150.23884353741497
151.0217006802721
151.88578231292516
152.84244897959184
153.8892517006803
154.90115646258505
155.95129251700678
157.04571428571427
158.18265306122447
159.42721088435374
160.77734693877554
162.12897959183675
163.5317006802721
164.88802721088433
166.2821088435374
167.5642176870748
168.95176870748298
170.1686394557823
171.46
172.47578231292516
173.63006802721088
174.6812244897959
175.82904761904763
176.70312925170066
177.5844897959184
178.42142857142858
179.21884353741498
179.9808163265306
180.74537414965988
181.52374149659866
182.3500680272109
183.0779591836735
183.70959183673472
184.2026530612245
184.86102040816326
185.36591836734692
185.89068027210885
186.39850340136056
186.90299319727893
187.3422448979592
187.77401360544218
188.15115646258505
188.43027210884352
188.6753741496599
188.95408163265307
189.18938775510205
189.41238095238094
189.52680272108847
189.6960544217687
189.85081632653063
189.93068027210884
189.97802721088436
190.0622448979592
190.15993197278914
190.1860544217687
190.1844217687075
190.19183673469388
190.17727891156463
190.19306122448978
190.1231972789116
190.01476190476194
189.8304081632653
189.71904761904761
189.53047619047618
189.38190476190476
189.25374149659865
189.161768707483
188.98462585034014
188.7765986394558
188.53571428571428
188.33959183673468
188.1804081632653
187.996462585034
187.8103401360544
187.65224489795918
187.42925170068025
187.15068027210884
186.8730612244898
186.63340136054424
186.37
186.21748299319728
186.00462585034012
185.74319727891157
185.42387755102038
185.19428571428568
184.9543537414966
184.72421768707483
184.40517006802722
184.14278911564625
183.92034013605445
183.67414965986396
183.33782312925172
182.9627210884354
182.6920408163265
182.40006802721092
182.10687074829931
181.68394557823132
181.41979591836736
181.21836734693878
181.10646258503402
180.76761904761906
180.48557823129255
180.33972789115646
180.35360544217684
180.21986394557823
180.1431972789116
180.15510204081636
180.2295918367347
180.258231292517
180.31244897959186
180.40129251700682
180.57244897959185
180.79925170068032
181.09217687074832
181.36911564625854
181.56510204081633
181.76414965986393
182.05054421768708
182.4725850340136
182.8617006802721
183.27
183.63755102040818
184.0269387755102
184.29149659863944
184.56884353741495
184.878231292517
185.25013605442177
185.55761904761906
185.86496598639457
186.23367346938778
186.59353741496602
186.92591836734692
187.3222448979592
187.86646258503401
188.44897959183675
188.83755102040817
189.17170068027212
189.53843537414969
190.00108843537413
190.30965986394557
190.55414965986395
190.94027210884354
191.36993197278912
191.77469387755102
192.08054421768708
192.41238095238094
192.65510204081636
192.88231292517008
193.09727891156462
193.26557823129252
193.4518367346939
193.6812925170068
193.90829931972792
194.01659863945576
194.09755102040816
194.2718367346939
194.47292517006804
194.59102040816327
194.72231292517006
194.91496598639458
195.0554421768707
195.14523809523808
195.23925170068028
195.3957142857143
195.4982993197279
195.5504081632653
195.6030612244898
195.75714285714287
195.89755102040817
195.96789115646257
195.92006802721087
195.8638775510204
195.90306122448982
196.0434013605442
196.09489795918367
196.0961904761905
196.11870748299322
196.14374149659866
196.19428571428574
196.27469387755104
196.32585034013607
196.23061224489797
196.17897959183674
196.27285714285716
196.33489795918368
196.26374149659864
196.1929931972789
196.22176870748302
196.23421768707487
196.2855782312925
196.32496598639457
196.32190476190476
196.32156462585036
196.2433333333333
196.15013605442178
196.11782312925172
196.17843537414967
196.18020408163267
196.22489795918366
196.2917006802721
196.2875510204082
196.19367346938776
196.14891156462585
196.11319727891157
196.07088435374152
196.00925170068027
196.00897959183675
195.9940136054422
195.92333333333335
195.85496598639457
195.87938775510207
195.91115646258504
195.8936054421769
195.81469387755104
195.67122448979592
195.44727891156464
195.26782312925172
195.22591836734696
195.2448299319728
195.26081632653063
195.19918367346938
195.10455782312926
194.96775510204083
194.86306122448983
194.83163265306123
194.7387074829932
194.67816326530615
194.5868707482993
194.49455782312924
194.30061224489796
194.22408163265308
194.16176870748302
194.04204081632653
193.95061224489797
193.9487074829932
193.89755102040817
193.72054421768706
193.59748299319727
193.49197278911564
193.37537414965988
193.21244897959184
193.0922448979592
192.9097959183673
192.77020408163264
192.6270068027211
192.48380952380953
192.32156462585036
192.1655102040816
191.94843537414965
191.76102040816326
191.70149659863944
191.69156462585033
191.52789115646257
191.30503401360545
191.1398639455782
191.06394557823128
190.8831292517007
190.67666666666668
190.4227210884354
190.2087074829932
189.96986394557825
189.7769387755102
189.58238095238093
189.35448979591837
189.08979591836734
188.91190476190476
188.85408163265308
188.72074829931972
188.44904761904763
188.2025850340136
187.98789115646258
187.81598639455783
187.5969387755102
187.39707482993197
187.04244897959185
186.81544217687076
186.62591836734697
186.46326530612242
186.14312925170069
185.78027210884355
185.45231292517008
185.12802721088437
184.8713605442177
184.56897959183675
184.3366666666667
184.0625850340136
183.75680272108843
183.3843537414966
183.10639455782314
182.77714285714288
182.43387755102043
182.13469387755103
181.85170068027213
181.3847619047619
180.90292517006802
180.58170068027212
180.34333333333336
180.0557823129252
179.65931972789116
179.2825850340136
178.92469387755102
178.6077551020408
178.25074829931975
177.9390476190476
177.6777551020408
177.37578231292517
176.9597278911565
176.64251700680273
176.3655782312925
176.0312925170068
175.66687074829932
175.40557823129254
175.0914285714286
174.67190476190476
174.22095238095238
173.75979591836736
173.32469387755103
172.84993197278914
172.5591156462585
172.32068027210886
172.14591836734695
171.84285714285716
171.51591836734696
171.05068027210885
170.6230612244898
170.2487074829932
169.85047619047617
169.44204081632654
169.08680272108845
168.77156462585035
168.44979591836733
168.0647619047619
167.61700680272108
167.14136054421766
166.73108843537415
166.3486394557823
165.88850340136054
165.43435374149658
165.02414965986395
164.63142857142856
164.21278911564627
163.7956462585034
163.39605442176872
162.93965986394556
162.44006802721088
161.95537414965986
161.62435374149663
161.31210884353743
160.83945578231294
160.33727891156462
159.91299319727892
159.533537414966
159.12156462585034
158.62537414965985
158.11108843537414
157.67190476190478
157.18170068027212
156.58204081632653
156.03149659863945
155.5847619047619
155.05292517006802
154.45333333333335
153.9546258503401
153.42448979591836
152.79061224489797
152.12081632653062
151.5309523809524
150.8813605442177
150.13027210884354
149.36367346938775
148.68204081632655
148.0509523809524
147.403537414966
146.6504081632653
145.94224489795917
145.3409523809524
144.63829931972788
143.868843537415
143.09836734693877
142.50884353741498
141.93496598639456
141.28938775510204
140.54149659863947
139.78312925170064
139.0361224489796
138.36809523809524
137.8738775510204
137.36435374149661
136.7416326530612
136.13809523809525
135.66102040816327
135.17755102040817
134.65278911564627
134.1331292517007
133.7838775510204
133.3991836734694
133.06986394557822
132.69408163265305
132.41326530612244
132.1409523809524
131.93285714285713
131.72632653061225
131.37115646258505
131.10217687074828
130.85108843537412
130.69775510204082
130.49986394557823
130.29170068027213
129.98585034013607
129.72755102040816
129.55557823129254
129.34775510204082
129.05068027210885
128.74054421768707
128.45170068027213
128.10965986394558
127.78238095238093
127.48462585034014
127.26034013605442
126.98448979591838
126.61074829931972
126.22040816326529
125.79911564625851
125.4465986394558
125.05557823129251
124.6465306122449
124.16884353741496
123.8465306122449
123.55224489795918
123.1774149659864
122.69326530612244
122.24489795918367
121.80925170068026
121.44292517006804
121.0857142857143
120.67938775510204
120.25455782312926
119.86843537414967
119.54551020408164
119.12340136054422
118.62761904761906
118.07700680272109
117.67557823129252
117.2465306122449
116.75217687074831
116.32714285714286
116.0291156462585
115.66149659863946
115.1365986394558
114.57721088435373
114.06850340136056
113.59204081632654
113.28360544217688
112.97353741496599
112.51993197278912
112.0048299319728
111.66238095238094
111.33952380952381
110.88129251700681
110.38537414965987
109.90884353741498
109.53503401360544
109.12768707482994
108.69027210884354
108.17612244897958
107.64047619047619
107.14727891156463
106.77027210884354
106.34034013605441
105.85612244897959
105.36170068027211
104.97408163265305
104.47142857142859
103.96748299319728
103.57482993197279
103.37374149659864
103.07387755102042
102.51333333333335
102.02891156462584
101.67340136054423
101.31931972789116
100.81632653061226
100.481768707483
100.30197278911565
99.96850340136055
99.3813605442177
98.92258503401361
98.70312925170067
98.44632653061225
98.06755102040819
97.68707482993197
97.34761904761905
96.92489795918368
96.48414965986395
96.10210884353741
95.66931972789116
95.16244897959184
94.73931972789116
94.37292517006804
93.92054421768708
93.46632653061225
93.17442176870749
92.89938775510204
92.58183673469388
92.24489795918367
91.85285714285715
91.465306122449
91.13448979591837
90.87469387755102
90.5204081632653
90.0947619047619
89.7139455782313
89.44156462585035
89.21285714285715
88.82231292517005
88.36775510204082
88.07986394557824
87.85639455782314
87.61775510204082
87.24510204081633
86.86244897959185
86.47108843537416
86.20979591836735
85.96897959183674
85.6108163265306
85.22102040816327
84.89462585034013
84.61503401360545
84.29714285714286
84.09442176870749
83.90544217687075
83.70619047619047
83.41802721088436
83.2756462585034
83.10925170068029
82.86850340136056
82.50353741496599
82.43040816326531
82.3547619047619
82.15299319727892
81.70938775510204
81.44877551020409
81.05578231292516
80.72598639455782
80.38646258503402
80.31020408163265
80.04142857142857
79.74074829931973
79.37108843537416
79.21972789115645
78.98387755102041
78.68142857142858
78.38136054421769
78.05435374149661
77.84006802721089
77.67687074829934
77.57952380952382
77.37258503401361
77.17517006802721
77.00163265306122
76.80394557823129
76.53108843537416
76.36272108843538
76.24469387755101
76.12680272108844
75.8591156462585
75.67877551020409
75.55380952380955
75.46000000000001
75.3056462585034
75.11462585034015
74.84503401360544
74.59251700680272
74.44272108843538
74.37190476190477
74.18482993197279
73.96619047619049
73.76476190476191
73.66408163265307
73.55585034013606
73.46510204081632
73.36428571428571
73.29163265306121
73.1552380952381
73.04680272108844
72.79823129251702
72.61870748299319
72.45326530612245
72.35585034013606
72.04503401360546
71.85319727891157
71.80918367346939
71.8560544217687
71.79122448979592
71.60190476190476
71.4731292517007
71.38340136054424
71.26687074829933
71.0843537414966
71.10380952380953
71.07129251700681
70.91414965986394
70.81727891156461
70.8
70.80551020408163
70.68782312925171
70.60721088435375
70.44959183673468
70.24775510204083
69.96367346938777
69.86945578231293
69.89802721088435
69.90891156462585
69.83775510204083
69.82122448979592
69.83108843537416
69.90938775510205
69.97863945578231
69.94081632653062
69.75585034013605
69.61408163265305
69.62122448979592
69.65469387755103
69.51857142857143
69.43741496598639
69.33401360544218
69.25122448979592
69.19714285714286
69.28999999999999
69.27646258503403
69.2565306122449
69.26442176870748
69.36170068027212
69.34659863945578
69.3052380952381
69.16448979591836
69.10741496598641
69.09374149659862
69.19823129251702
69.09081632653061
69.02469387755102
69.18850340136055
69.45108843537415
69.495306122449
69.36816326530612
69.26979591836735
69.25068027210885
69.43537414965985
69.56142857142858
69.61646258503401
69.65625850340135
69.79156462585034
69.82244897959184
69.9078231292517
69.95224489795919
70.0291156462585
70.17068027210885
70.34020408163265
70.53374149659865
70.60448979591837
70.73578231292518
70.84605442176871
71.05095238095238
71.14258503401359
71.18231292517007
71.33891156462585
71.71421768707484
72.07408163265306
72.28938775510204
72.48319727891158
72.69115646258503
72.89006802721089
73.11462585034013
73.2651700680272
73.38761904761904
73.67285714285714
73.99585034013606
74.21836734693878
74.44251700680272
74.64156462585035
74.80102040816327
75.1047619047619
75.4026530612245
75.60333333333332
75.64482993197278
75.80238095238096
75.93251700680273
76.19326530612247
76.453537414966
76.73931972789114
76.93482993197279
77.03564625850339
77.29591836734693
77.5908843537415
77.89360544217688
78.11863945578231
78.44040816326532
78.53108843537416
78.65102040816326
78.81115646258505
79.0504081632653
79.20462585034014
79.30884353741497
79.33040816326532
79.47340136054423
79.7778231292517
80.0057142857143
80.0847619047619
80.1121768707483
80.22945578231293
80.44421768707484
80.58925170068028
80.5604081632653
80.57231292517005
80.7369387755102
80.85353741496598
80.91843537414967
80.9295918367347
80.90503401360544
80.87272108843538
80.9826530612245
81.07272108843537
81.00823129251701
80.96931972789115
81.00367346938775
81.02197278911564
81.018231292517
81.22319727891157
81.39693877551021
81.33986394557823
81.12761904761905
81.08353741496599
81.13965986394558
81.15503401360544
81.08510204081634
81.08836734693878
81.13904761904762
81.16802721088436
81.20517006802721
81.13190476190476
80.93727891156463
80.70571428571428
80.64959183673469
80.59768707482993
80.47585034013605
80.38299319727892
80.27571428571429
80.20843537414966
80.0808843537415
79.9443537414966
79.74251700680273
79.68632653061225
79.64673469387756
79.48795918367348
79.25095238095238
79.11727891156463
79.15578231292517
79.07850340136055
78.81448979591836
78.49469387755101
78.32537414965986
78.17721088435374
77.99040816326531
77.88598639455782
77.73013605442176
77.59795918367348
77.44979591836736
77.35455782312926
77.09176870748298
76.9461224489796
76.80326530612246
76.71591836734694
76.74034013605441
76.73993197278912
76.50557823129253
76.29632653061225
76.29102040816326
76.36102040816328
76.21414965986395
76.0404761904762
75.7687755102041
75.5226530612245
75.31360544217688
75.19775510204082
75.08108843537414
75.00442176870749
75.01585034013607
75.00170068027211
74.76006802721088
74.42925170068028
74.23238095238096
74.08428571428573
73.92727891156463
73.68074829931973
73.60775510204083
73.45204081632653
73.30795918367347
73.03272108843538
72.84503401360544
72.67149659863946
72.63850340136055
72.49544217687075
72.42068027210885
72.22605442176871
72.12251700680272
71.89442176870747
71.73387755102041
71.46299319727892
71.30639455782313
71.15285714285714
71.03775510204082
70.86238095238096
70.7674149659864
70.6634693877551
70.5391156462585
70.27918367346939
70.07006802721088
69.90374149659864
69.76034013605442
69.57122448979592
69.3943537414966
69.19448979591837
68.94965986394558
68.76972789115646
68.74
68.64408163265307
68.38659863945578
68.27278911564626
68.3026530612245
68.27292517006804
68.16000000000001
68.09850340136055
67.94986394557823
67.96115646258504
67.93578231292517
67.88197278911565
67.7313605442177
67.74877551020408
67.78374149659865
67.81775510204082
67.82789115646258
67.6657142857143
67.63578231292517
67.66074829931972
67.80768707482993
67.87823129251701
67.93829931972789
67.84605442176871
67.67972789115646
67.67414965986396
67.85666666666667
67.9199319727891
67.87183673469389
67.97231292517006
68.15598639455783
68.2525850340136
68.26823129251702
68.36380952380954
68.47986394557823
68.53462585034012
68.55680272108843
68.73938775510204
69.0074149659864
68.95136054421769
68.83367346938776
68.89632653061224
69.09687074829932
69.27972789115647
69.48938775510203
69.59421768707483
69.62918367346938
69.81979591836735
69.96884353741498
70.09251700680272
70.2834693877551
70.525306122449
70.67448979591836
70.92224489795919
71.1156462585034
71.19843537414967
71.41333333333334
71.7574149659864
71.96925170068027
72.13809523809523
72.47591836734694
72.83122448979591
73.0508843537415
73.24945578231292
73.49761904761904
73.82578231292516
74.12585034013605
74.36414965986395
74.64551020408163
75.05340136054421
75.44081632653061
75.5825850340136
75.79102040816326
76.01448979591837
76.43
76.79156462585036
77.2604761904762
77.56857142857143
77.92789115646258
78.15510204081633
78.40707482993199
78.71877551020408
79.0378231292517
79.33891156462586
79.66469387755103
79.9404081632653
80.2425850340136
80.5608843537415
80.94503401360544
81.2665986394558
81.69142857142859
81.83108843537417
81.9282993197279
82.11761904761906
82.49027210884356
82.78414965986394
83.22408163265305
83.65625850340136
84.133537414966
84.55598639455782
85.00469387755102
85.29489795918369
85.68360544217688
86.11598639455784
86.52612244897959
86.84204081632654
87.12843537414966
87.44462585034015
87.7852380952381
88.12102040816328
88.38557823129251
88.68659863945578
88.97741496598641
89.12469387755102
89.29176870748299
89.52721088435374
89.72585034013605
89.86272108843536
90.18278911564627
90.56054421768707
90.76204081632653
90.93367346938776
91.11823129251701
91.32333333333332
91.61278911564625
92.08993197278912
92.42571428571429
92.57503401360543
92.79224489795918
93.13163265306122
93.39462585034013
93.53054421768708
93.77578231292517
94.11673469387756
94.48333333333333
94.66013605442177
94.90108843537415
95.12625850340136
95.45632653061224
95.74564625850341
96.12925170068027
96.44238095238097
96.65326530612245
96.86931972789117
97.22564625850339
97.68904761904761
97.9930612244898
98.26891156462585
98.57863945578232
98.94462585034015
99.3443537414966
99.83408163265308
100.26891156462587
100.63414965986395
100.98068027210886
101.4978231292517
102.03761904761905
102.6091836734694
103.14469387755103
103.64108843537414
104.2112925170068
104.85891156462586
105.57380952380953
106.40687074829933
107.42319727891157
108.51244897959184
109.57272108843537
110.61843537414966
111.94020408163266
113.48034013605442
115.02108843537414
116.33823129251701
117.7908843537415
119.32673469387757
120.85462585034014
122.3165306122449
123.64591836734694
124.83952380952383
125.77278911564626
126.46333333333334
126.90557823129254
127.23598639455783
127.35768707482993
127.27183673469389
127.12020408163266
127.0757142857143
127.10469387755101
127.18829931972789
127.3365306122449
127.54775510204082
127.6752380952381
127.84312925170069
128.00027210884355
128.17673469387753
128.26986394557824
128.30156462585035
128.2899319727891
128.26775510204084
128.2214285714286
128.0714285714286
127.8713605442177
127.77687074829933
127.7791156462585
127.86734693877553
128.02020408163267
128.1479591836735
128.1948299319728
128.22809523809525
128.4222448979592
128.61272108843536
128.80306122448977
128.95891156462585
129.3953741496599
129.79496598639454
130.1112925170068
130.2487755102041
130.29918367346943
130.1631292517007
129.83374149659866
129.23319727891158
128.33904761904762
127.56319727891157
126.79374149659864
125.92557823129253
124.77115646258504
123.45598639455783
121.85578231292519
120.048231292517
117.98714285714286
115.72448979591836
113.59925170068027
111.79401360544217
110.12863945578232
108.32421768707485
106.37054421768708
104.56102040816327
103.00755102040816
101.64258503401362
100.35244897959184
98.84244897959184
97.3230612244898
95.83734693877551
94.47408163265305
93.11843537414966
91.85129251700681
90.59455782312926
89.37537414965988
88.2969387755102
87.13843537414968
85.86489795918368
84.61102040816328
83.41013605442177
82.31074829931973
81.05877551020409
79.73034013605442
78.31945578231293
77.27517006802722
76.19129251700681
75.18965986394558
74.13850340136055
73.27891156462584
72.38571428571429
71.79598639455784
71.48319727891158
71.14340136054422
70.21938775510205
69.14795918367348
68.11367346938775
67.14462585034013
65.94265306122449
64.58721088435374
62.98646258503402
61.30136054421769
59.5459183673469
57.74625850340133
