112.86615646258504
112.9353741496598
113.11598639455782
113.08265306122449
112.77952380952381
112.49700680272109
112.26054421768707
112.04755102040816
111.87231292517008
112.04272108843537
112.12986394557824
112.03496598639455
111.83190476190477
111.76340136054422
111.76319727891158
111.80387755102042
111.8178231292517
111.67156462585032
111.47360544217688
111.22537414965987
111.01408163265306
110.8865306122449
110.87755102040816
110.96707482993197
110.99278911564626
111.02462585034013
111.00795918367348
111.00727891156464
110.9221768707483
110.98108843537415
111.08809523809524
111.01673469387755
110.71809523809524
110.46551020408164
110.35068027210883
110.2717006802721
110.09278911564627
109.9252380952381
109.69272108843538
109.69224489795918
110.01319727891158
110.53442176870749
110.72006802721089
110.85510204081633
111.06095238095237
111.2838775510204
111.32768707482994
111.38428571428571
111.2912925170068
111.1078231292517
110.94938775510204
111.02836734693878
111.18843537414965
111.24020408163265
111.16897959183675
111.19544217687076
111.1656462585034
110.95979591836735
110.81197278911566
110.86775510204083
110.87231292517008
110.82809523809524
110.78312925170069
110.81448979591838
110.87
111.05156462585035
111.0970068027211
111.11272108843539
110.88095238095238
110.59272108843537
110.38285714285713
110.26843537414966
110.17176870748301
110.11639455782313
110.1051700680272
110.06489795918367
110.17578231292518
110.21537414965987
110.12625850340135
110.08428571428571
110.02251700680272
109.77612244897959
109.54319727891156
109.44666666666667
109.23149659863945
109.10278911564626
109.14278911564627
109.26040816326531
109.14639455782313
109.07285714285716
108.96115646258505
108.81074829931973
108.55054421768708
108.56360544217688
108.79687074829933
108.88979591836735
108.69054421768709
108.41748299319728
108.37163265306123
108.40897959183674
108.42231292517006
108.31190476190476
108.26
108.1529931972789
108.17367346938777
108.17013605442177
108.28517006802721
108.44510204081632
108.79918367346939
109.04904761904761
109.21210884353741
109.54496598639456
109.93163265306121
110.16292517006804
110.23551020408163
110.24591836734693
110.32972789115648
110.40979591836737
110.59340136054422
110.71197278911566
110.79986394557824
110.82993197278911
110.85666666666665
110.92122448979592
111.05061224489796
111.31809523809524
111.53979591836735
111.81979591836735
112.14013605442177
112.31156462585034
112.22714285714287
112.21768707482993
112.27972789115645
112.32836734693879
112.38238095238094
112.66625850340137
112.97816326530614
113.1470068027211
113.08789115646259
113.10809523809525
113.22761904761906
113.49870748299321
113.7678911564626
113.96802721088434
114.07197278911566
114.15360544217687
114.31823129251701
114.5769387755102
114.81231292517006
114.92897959183675
115.08108843537414
115.22374149659865
115.26544217687075
115.2444217687075
115.31061224489797
115.30727891156462
115.4069387755102
115.50136054421768
115.67891156462585
115.73904761904762
115.91428571428571
116.06530612244899
116.32666666666668
116.6242857142857
117.07986394557824
117.5504081632653
117.9656462585034
118.2926530612245
118.4712925170068
118.6208843537415
118.78142857142856
118.98972789115646
119.21591836734694
119.47795918367348
119.71054421768707
119.94455782312927
120.34659863945578
120.70802721088435
121.07877551020408
121.56503401360544
122.14938775510204
122.72619047619048
123.36421768707484
124.01448979591838
124.62530612244899
125.30360544217687
126.16884353741497
127.21646258503402
128.49843537414966
129.88598639455785
131.33666666666667
132.69224489795917
134.01891156462585
135.35231292517005
136.71278911564627
138.14095238095237
139.58755102040817
141.16938775510204
142.65687074829935
144.2989795918367
145.89993197278912
147.8612925170068
149.66108843537415
151.263537414966
152.61238095238096
154.31891156462586
155.9229931972789
157.4604761904762
158.78823129251703
160.08843537414967
161.28551020408165
162.38843537414965
163.53795918367348
164.75496598639455
165.91585034013605
166.7440816326531
167.60863945578234
168.49938775510208
169.29149659863947
169.991768707483
170.77408163265306
171.58891156462585
172.2051700680272
172.80421768707484
173.20591836734695
173.63387755102042
173.99795918367346
174.4213605442177
174.77714285714288
175.21863945578232
175.53326530612244
175.64401360544215
175.80564625850337
176.13965986394558
176.30408163265307
176.4760544217687
176.51462585034014
176.42074829931974
176.31319727891156
176.49455782312924
176.48857142857145
176.3125850340136
176.16571428571427
176.01551020408164
175.75238095238095
175.55938775510208
175.37414965986397
175.19190476190477
175.04904761904763
174.86374149659866
174.49659863945578
174.18394557823132
173.96829931972792
173.6987074829932
173.27714285714285
172.98326530612246
172.71503401360542
172.34380952380954
171.79115646258504
171.4504081632653
171.2068707482993
170.9178911564626
170.49306122448976
170.1556462585034
169.76469387755105
169.30965986394563
168.83326530612246
168.5060544217687
168.08965986394557
167.5865986394558
167.04979591836735
166.49292517006802
165.95714285714286
165.4134013605442
164.78217687074832
164.10292517006803
163.52081632653062
163.04673469387757
162.61585034013606
162.15020408163267
161.67095238095237
161.1129931972789
160.64278911564625
160.3481632653061
160.17231292517008
159.8108843537415
159.39952380952383
159.28244897959183
159.23557823129252
159.1269387755102
159.0783673469388
159.12673469387755
159.19510204081632
159.27938775510205
159.50537414965987
159.71006802721087
159.93551020408162
160.17292517006803
160.4992517006803
160.95061224489797
161.42061224489797
161.8569387755102
162.31340136054422
162.86122448979592
163.39013605442176
163.8313605442177
164.3909523809524
165.0296598639456
165.72646258503403
166.31251700680275
166.91755102040815
167.5943537414966
168.2925170068027
169.03156462585034
169.64551020408163
170.28156462585036
170.80340136054423
171.44102040816324
172.0331972789116
172.7104761904762
173.29734693877552
173.90965986394562
174.46340136054422
175.15632653061226
175.64578231292518
176.19557823129253
176.78231292517006
177.29455782312925
177.61326530612246
177.9652380952381
178.5187074829932
178.9286394557823
179.3740816326531
179.77829931972786
180.09891156462584
180.37435374149663
180.73544217687078
181.11197278911567
181.48190476190476
181.8204761904762
182.0795238095238
182.21238095238098
182.44374149659865
182.7612925170068
183.07013605442177
183.25020408163266
183.3792517006803
183.62428571428572
183.8729931972789
184.01972789115646
184.17578231292518
184.3744217687075
184.45238095238096
184.48523809523812
184.654693877551
184.88333333333333
184.95489795918368
185.02857142857144
185.0482993197279
185.16061224489795
185.2948979591837
185.46190476190475
185.41217687074828
185.39421768707484
185.46931972789116
185.49639455782312
185.5038775510204
185.49435374149658
185.555306122449
185.5829931972789
185.59727891156462
185.57115646258507
185.62462585034015
185.7748299319728
185.76809523809524
185.67530612244897
185.73163265306124
185.8744217687075
185.95074829931974
185.90714285714284
185.9417006802721
185.94707482993198
185.97972789115647
186.02972789115648
186.08850340136053
186.0438095238095
186.0777551020408
186.031768707483
186.12571428571428
186.10000000000002
186.16442176870748
186.06972789115645
186.04285714285714
185.96829931972792
185.89517006802723
185.81714285714287
185.7974829931973
185.83102040816328
185.86312925170068
185.88537414965987
185.90591836734694
185.76142857142858
185.62496598639456
185.564693877551
185.50108843537413
185.41659863945577
185.3395918367347
185.27408163265306
185.12544217687076
185.05795918367346
185.05
185.03238095238095
184.90673469387755
184.74319727891157
184.61843537414964
184.5868707482993
184.52244897959184
184.37380952380954
184.20659863945582
184.06020408163266
183.9516326530612
183.84074829931976
183.79108843537415
183.62884353741498
183.4469387755102
183.27265306122447
183.13795918367347
182.98455782312925
182.78945578231293
182.53074829931973
182.30190476190478
182.26374149659864
182.31136054421768
182.19843537414965
182.0122448979592
181.9065986394558
181.73068027210886
181.41217687074828
181.19503401360544
181.131768707483
180.94802721088436
180.6578231292517
180.45884353741496
180.3339455782313
180.14115646258503
179.8234693877551
179.54421768707485
179.3091156462585
179.1961224489796
178.96367346938777
178.7736054421769
178.49074829931973
178.16666666666666
177.7674149659864
177.47047619047618
177.29142857142858
177.13714285714286
176.9731292517007
176.7773469387755
176.48387755102044
176.18374149659866
175.78278911564627
175.53163265306122
175.2004081632653
174.89775510204083
174.56149659863945
174.32972789115647
174.10938775510206
173.7808843537415
173.43727891156465
173.02204081632652
172.75911564625852
172.4678231292517
172.19829931972788
171.80374149659866
171.44197278911565
171.11183673469387
170.9112925170068
170.6653741496599
170.3082993197279
170.0139455782313
169.7729931972789
169.43721088435373
168.93639455782312
168.57591836734696
168.2776870748299
167.97190476190477
167.59414965986397
167.3387755102041
167.08448979591836
166.72231292517006
166.343537414966
166.05489795918368
165.79142857142858
165.4142857142857
165.016462585034
164.68340136054422
164.4387074829932
164.17931972789114
163.87700680272107
163.53224489795917
163.3107482993197
162.89204081632653
162.49122448979594
162.1400680272109
161.96551020408162
161.69938775510207
161.27040816326533
160.88238095238097
160.57285714285715
160.3336054421769
159.9357823129252
159.53911564625852
159.2548299319728
158.8536054421769
158.3145578231293
157.86102040816326
157.5931292517007
157.28802721088437
156.9043537414966
156.58346938775512
156.26659863945576
155.7651700680272
155.36571428571426
154.95312925170072
154.55394557823132
153.99068027210885
153.59421768707483
153.16591836734693
152.73142857142858
152.28693877551024
151.9021088435374
151.47183673469388
150.9638775510204
150.53346938775513
150.14673469387756
149.672380952381
148.99802721088437
148.32108843537418
147.79360544217687
147.30972789115646
146.82952380952383
146.3365306122449
145.8170068027211
145.1721768707483
144.55666666666667
143.89163265306124
143.28496598639455
142.66986394557824
142.0104081632653
141.2904081632653
140.69789115646262
140.0422448979592
139.36115646258503
138.6491156462585
137.9238095238095
137.02136054421769
136.18068027210884
135.45027210884354
134.78721088435373
134.0478231292517
133.1721768707483
132.43326530612245
131.74510204081633
130.9634693877551
130.0634693877551
129.38945578231295
128.89333333333335
128.34244897959184
127.62176870748301
126.91224489795918
126.35510204081633
125.93775510204082
125.44809523809523
124.9821768707483
124.59156462585034
124.29360544217687
123.96523809523809
123.71448979591838
123.54163265306123
123.4226530612245
123.26945578231295
123.01013605442178
122.77523809523811
122.5895918367347
122.51183673469387
122.35972789115647
122.1539455782313
121.97319727891157
121.7804761904762
121.63564625850341
121.42530612244897
121.33326530612246
121.13843537414967
120.88374149659865
120.51115646258505
120.12829931972789
119.73598639455783
119.36074829931974
119.08340136054422
118.68931972789116
118.20244897959184
117.76503401360546
117.49829931972789
117.25380952380952
116.87612244897959
116.43462585034013
115.913537414966
115.34925170068027
114.86367346938778
114.36258503401362
113.89469387755102
113.43551020408162
113.12455782312927
112.82435374149662
112.37537414965986
111.90639455782313
111.33319727891157
110.92204081632653
110.53551020408163
110.11353741496598
109.55925170068026
109.00639455782313
108.58571428571429
108.16918367346939
107.86938775510204
107.37360544217687
106.89530612244899
106.4790476190476
106.11163265306122
105.61993197278912
105.1791836734694
104.73258503401361
104.26619047619047
103.80646258503401
103.31278911564627
102.83122448979591
102.35027210884354
102.0061224489796
101.51557823129252
101.05285714285714
100.56394557823128
100.24136054421768
99.80047619047619
99.26972789115646
98.66278911564626
98.24884353741496
97.9187074829932
97.63027210884354
97.11333333333334
96.57197278911565
96.11748299319729
95.79265306122448
95.39224489795919
94.94605442176872
94.58503401360545
94.28510204081633
93.87108843537413
93.42877551020408
92.91374149659865
92.55850340136054
92.28591836734694
91.92108843537414
91.23605442176871
90.72333333333333
90.55013605442177
90.29653061224491
89.82401360544219
89.40591836734693
89.06319727891156
88.56829931972788
88.07176870748299
87.66163265306123
87.27333333333334
86.8612925170068
86.3730612244898
85.98925170068027
85.6891156462585
85.40326530612245
84.83734693877551
84.37210884353743
83.96605442176872
83.68693877551021
83.28455782312925
83.03170068027211
82.71510204081633
82.26081632653062
81.94299319727891
81.63748299319728
81.2608163265306
80.75306122448978
80.44687074829932
80.03340136054422
79.6221768707483
79.38122448979593
79.07034013605441
78.6421768707483
78.34884353741496
78.05292517006802
77.64537414965987
77.39755102040817
77.27258503401362
76.8187074829932
76.36877551020409
76.22156462585033
76.08612244897961
75.64768707482993
75.33251700680273
75.07775510204083
74.79959183673469
74.56387755102041
74.39863945578232
74.22285714285715
74.08340136054423
73.84965986394558
73.48299319727892
73.00013605442177
72.94421768707483
72.78013605442177
72.65306122448979
72.30455782312924
72.19408163265305
71.87530612244898
71.57748299319728
71.28673469387755
71.12020408163266
70.83877551020407
70.59278911564626
70.34659863945578
70.07836734693878
69.8887074829932
69.82374149659864
69.75891156462586
69.60238095238094
69.29680272108844
69.06680272108844
68.92829931972788
68.75857142857143
68.43360544217688
68.1486394557823
67.9947619047619
67.8742857142857
67.72115646258503
67.48578231292517
67.36000000000001
67.30074829931974
67.11374149659864
66.861768707483
66.75877551020409
66.58251700680273
66.47054421768706
66.30000000000001
66.11884353741496
65.79129251700681
65.47306122448981
65.23816326530613
65.11482993197279
65.10204081632652
64.8926530612245
64.89823129251701
64.86721088435375
64.81149659863945
64.65619047619049
64.57727891156462
64.29251700680273
63.909319727891166
63.692176870748305
63.601836734693876
63.47619047619048
63.24156462585034
63.08714285714286
63.00360544217688
62.925646258503406
62.859251700680275
62.725306122448984
62.591292517006806
62.37476190476191
62.17884353741496
62.07877551020408
62.08482993197279
62.06081632653061
62.0104081632653
61.90489795918367
61.76428571428572
61.60544217687075
61.52231292517007
61.38204081632653
61.34897959183674
61.43482993197279
61.5243537414966
61.42034013605442
61.16095238095238
61.03693877551021
61.045578231292524
60.909455782312925
60.782108843537415
60.8569387755102
60.86013605442177
60.74340136054422
60.6543537414966
60.603537414965984
60.51020408163266
60.44238095238096
60.368571428571435
60.37707482993197
60.396462585034016
60.381768707483
60.2491156462585
60.17857142857143
60.07027210884353
60.12421768707483
60.21775510204082
60.2743537414966
60.271632653061225
60.28163265306122
60.22299319727891
60.07034013605442
60.06972789115647
60.03054421768708
60.02789115646259
59.983197278911575
60.01204081632654
60.103605442176864
60.178435374149664
60.130204081632655
59.98387755102041
60.06312925170069
60.11700680272109
60.08435374149659
60.07653061224491
60.00945578231293
59.96272108843538
60.06843537414966
60.285442176870745
60.30102040816327
60.27081632653061
60.31884353741496
60.494693877551015
60.54931972789116
60.56551020408163
60.66428571428572
60.83428571428571
60.707482993197274
60.67727891156463
60.88149659863946
61.132721088435375
61.183061224489805
61.33646258503402
61.55687074829932
61.64823129251701
61.65244897959184
61.74585034013605
61.99081632653061
62.23265306122449
62.37156462585034
62.468231292517004
62.641020408163264
62.79462585034014
62.90673469387755
62.88231292517006
62.987687074829935
63.15408163265306
63.43156462585035
63.511088435374155
63.55863945578231
63.55489795918368
63.639591836734695
63.76170068027211
63.990272108843534
64.15081632653062
64.18619047619048
64.27625850340138
64.41510204081632
64.56863945578232
64.61510204081634
64.69585034013606
64.83299319727891
65.00598639455782
65.14122448979592
65.24891156462584
65.34551020408163
65.421768707483
65.69095238095238
65.8639455782313
66.03163265306122
65.95333333333335
65.9552380952381
65.99530612244898
66.16244897959183
66.2212925170068
66.28387755102041
66.34136054421768
66.3560544217687
66.33530612244898
66.43891156462584
66.40510204081632
66.47619047619048
66.50544217687076
66.50020408163266
66.43986394557824
66.46462585034013
66.4560544217687
66.44578231292519
66.51972789115646
66.5657142857143
66.45755102040816
66.36401360544218
66.40585034013606
66.48938775510204
66.57639455782314
66.5526530612245
66.45312925170069
66.41537414965987
66.48163265306123
66.39850340136054
66.24986394557823
66.13918367346939
66.13231292517008
66.13238095238094
66.22938775510205
66.27972789115647
66.24734693877551
66.21421768707484
66.10115646258504
65.98598639455783
65.6778911564626
65.56469387755104
65.4944217687075
65.54312925170068
65.29319727891156
65.0395918367347
64.91013605442177
64.93517006802722
64.83210884353741
64.59054421768707
64.50496598639455
64.50149659863945
64.50578231292518
64.5269387755102
64.51183673469387
64.31768707482993
63.98136054421769
63.855510204081625
63.938639455782315
63.80333333333333
63.49115646258504
63.37380952380953
63.42523809523809
63.32360544217687
63.05857142857144
62.89911564625851
62.85659863945578
62.96013605442177
62.83142857142857
62.6830612244898
62.660748299319735
62.66829931972789
62.493401360544226
62.36326530612245
62.328707482993195
62.244285714285716
62.10081632653061
61.91598639455782
61.70299319727892
61.624081632653066
61.58204081632653
61.494965986394554
61.36687074829932
61.33156462585035
61.320680272108845
61.190612244897956
61.07802721088436
60.9161224489796
60.73448979591837
60.6382993197279
60.57612244897959
60.64108843537416
60.506802721088434
60.289523809523814
60.0382993197279
59.991768707483004
59.98959183673469
59.93462585034014
59.812789115646254
59.544285714285714
59.509727891156466
59.57680272108844
59.451020408163274
59.1774149659864
59.04578231292517
58.87408163265306
58.75938775510204
58.770272108843535
58.675714285714285
58.43326530612245
58.25149659863946
58.22238095238095
58.160272108843536
58.07054421768708
57.92367346938776
57.75190476190477
57.55816326530612
57.392925170068025
57.322176870748294
57.28013605442176
57.27755102040817
57.18979591836735
57.10544217687075
56.98564625850341
56.86700680272109
56.851020408163265
56.8295918367347
56.7704081632653
56.638571428571424
56.7478231292517
56.713197278911565
56.534829931972794
56.38238095238095
56.341292517006806
56.31687074829932
56.42034013605443
56.4387074829932
56.26897959183674
56.24115646258503
56.30965986394558
56.3208843537415
56.34503401360544
56.527414965986395
56.60877551020408
56.57469387755102
56.74176870748299
56.64251700680272
56.649795918367346
56.70142857142858
56.95938775510204
56.9356462585034
56.94897959183673
56.95258503401361
56.9774149659864
57.06190476190476
57.12632653061224
57.166598639455785
57.21340136054422
57.40564625850341
57.54408163265306
57.7039455782313
57.639591836734695
57.61122448979592
57.752925170068025
58.0408843537415
58.143197278911565
58.25455782312925
58.377278911564616
58.4743537414966
58.54108843537415
58.86081632653062
58.893129251700685
58.80170068027211
58.84224489795918
59.212857142857146
59.53190476190476
59.6665306122449
59.86544217687075
59.95482993197279
60.132176870748296
60.364761904761906
60.63605442176872
60.839387755102045
60.991836734693884
61.22251700680272
61.37312925170068
61.66176870748299
61.90510204081633
62.260816326530616
62.49442176870748
62.75952380952381
62.93904761904762
63.19510204081632
63.3312925170068
63.502857142857145
63.75625850340136
64.06149659863945
64.37210884353742
64.66027210884354
64.79863945578231
64.98986394557824
65.24496598639456
65.55244897959184
65.63469387755103
65.66149659863946
65.7374149659864
66.12557823129252
66.62122448979592
66.98040816326531
67.1943537414966
67.58646258503401
67.97700680272109
68.48877551020408
69.01741496598639
69.50428571428571
69.61564625850339
69.79537414965986
70.0570068027211
70.54857142857142
70.8955782312925
71.23843537414967
71.26517006802722
71.5082993197279
71.8221768707483
72.06748299319727
72.12768707482994
72.23537414965986
72.43585034013606
72.71884353741498
73.09687074829932
73.39408163265306
73.52340136054423
73.71340136054422
74.00646258503401
74.26088435374149
74.58469387755102
74.78938775510204
74.98530612244897
75.12156462585034
75.5221768707483
75.8012925170068
76.01659863945578
76.0722448979592
76.1647619047619
76.47387755102041
76.84272108843537
77.0442857142857
77.06489795918367
77.281768707483
77.60197278911565
77.85346938775511
78.09054421768707
78.19408163265305
78.33489795918368
78.51115646258503
78.76244897959185
79.07510204081632
79.40272108843538
79.7470068027211
79.88850340136054
80.13897959183674
80.49034013605443
80.86020408163266
81.04802721088436
81.39469387755102
81.88319727891157
82.35707482993197
82.59408163265307
82.9065986394558
83.20945578231294
83.56258503401361
83.88598639455783
84.21945578231292
84.59755102040816
85.05414965986395
85.46945578231292
85.84619047619049
86.36816326530612
87.0078231292517
87.57204081632653
88.08122448979591
88.59605442176871
89.29734693877552
90.19197278911565
91.15095238095239
92.14142857142858
93.12102040816326
94.18843537414965
95.36707482993198
96.87612244897959
98.3056462585034
99.60816326530613
100.94639455782313
102.51319727891156
104.01054421768708
105.23251700680274
106.46333333333334
107.58136054421769
108.35353741496598
108.61442176870747
108.77734693877551
108.96897959183673
109.06448979591836
108.82768707482994
108.54836734693878
108.43755102040816
108.39469387755102
108.2630612244898
108.0334693877551
107.78979591836736
107.74340136054421
107.69578231292516
107.62945578231293
107.64925170068028
108.16503401360544
108.74374149659864
109.22102040816327
109.60836734693878
110.0157142857143
110.25108843537414
110.3665306122449
110.5070068027211
110.78380952380952
110.95557823129252
111.10374149659864
111.16897959183675
111.29231292517008
111.40068027210886
111.58435374149661
111.95802721088437
112.38931972789115
112.75224489795917
113.0125850340136
113.05244897959183
112.5677551020408
111.74136054421768
110.80816326530613
109.85190476190476
108.83748299319728
107.84163265306123
106.77183673469388
105.70108843537415
104.60503401360543
103.43557823129251
102.3251700680272
101.12408163265304
99.69238095238094
97.843537414966
95.81047619047618
93.74931972789116
91.92088435374149
90.36673469387755
88.77210884353741
87.12802721088435
85.49897959183673
83.91027210884354
82.33027210884353
80.85897959183674
79.6891156462585
78.26040816326531
76.83863945578231
75.49659863945578
74.06455782312926
72.54020408163265
70.98156462585035
69.79360544217687
68.52272108843538
67.2469387755102
65.76639455782312
64.42190476190476
63.22680272108843
62.126054421768714
60.999523809523815
59.837482993197284
58.58857142857143
57.37673469387755
56.20571428571428
55.09945578231293
54.12380952380953
53.164693877551024
52.23421768707484
51.43748299319728
50.96
50.74721088435375
50.32768707482993
49.67122448979592
48.7926530612245
47.89863945578231
47.057755102040815
46.052789115646256
44.90081632653062
43.52503401360544
42.21272108843538
40.797074829931944
39.45013605442174
