112.80098639455788
112.98653061224492
113.16306122448978
113.29836734693878
113.29591836734694
113.01081632653063
112.69408163265305
112.60149659863946
112.65510204081632
112.69197278911565
112.64346938775512
112.50394557823131
112.30448979591837
112.16183673469389
111.99591836734695
111.76054421768708
111.77408163265306
111.82551020408164
111.8965306122449
111.87530612244898
111.78904761904762
111.38897959183674
111.04687074829933
110.98414965986396
111.08945578231292
111.21496598639456
111.31979591836735
111.40530612244898
111.22979591836736
110.96013605442178
110.80931972789116
110.85435374149661
110.76727891156463
110.62401360544219
110.50945578231293
110.35210884353742
110.04925170068027
109.78918367346938
109.69163265306122
109.79115646258504
109.94938775510204
110.20170068027211
110.28156462585034
110.31496598639455
110.15455782312925
109.93986394557825
109.77
109.86510204081634
109.91598639455782
109.83843537414967
109.79850340136053
109.81108843537416
109.67517006802721
109.56278911564627
109.54775510204082
109.63115646258504
109.6470068027211
109.85374149659866
109.97673469387755
110.02265306122449
109.93789115646258
109.99428571428572
109.9986394557823
109.91265306122449
109.85843537414965
109.91836734693878
109.98605442176871
110.02952380952381
110.13510204081634
110.14993197278912
109.89945578231293
109.64843537414967
109.59850340136053
109.86448979591836
110.15986394557822
110.486462585034
110.53530612244899
110.52367346938776
110.37666666666668
110.26455782312925
110.11149659863945
109.97217687074829
109.86619047619048
109.74489795918367
109.74959183673468
109.62761904761905
109.51734693877552
109.45666666666668
109.52054421768707
109.6644217687075
109.87544217687075
109.95244897959184
109.80265306122449
109.65489795918369
109.60034013605443
109.51734693877552
109.40136054421768
109.29693877551021
109.22802721088436
109.2456462585034
109.26564625850341
109.30142857142857
109.27530612244897
109.33904761904762
109.38557823129253
109.58149659863946
109.79299319727892
110.23748299319729
110.43551020408164
110.63421768707485
110.74809523809523
110.8052380952381
110.78904761904762
110.92693877551021
110.93557823129251
110.79231292517007
110.78965986394559
111.02020408163267
111.25190476190477
111.60503401360545
111.95353741496598
112.18863945578232
112.401768707483
112.63299319727892
112.88537414965987
112.97251700680273
113.02061224489796
113.05115646258506
112.94333333333334
112.80632653061225
112.93591836734693
113.30380952380953
113.58789115646259
113.71408163265306
113.85462585034014
114.02748299319728
114.34258503401361
114.57394557823129
114.89142857142858
115.06387755102041
115.36816326530612
115.53639455782314
115.64551020408165
115.54102040816326
115.47619047619048
115.59619047619046
115.91816326530613
116.3213605442177
116.65748299319729
117.10353741496598
117.61714285714285
118.0330612244898
118.36523809523811
118.55306122448981
118.66632653061225
118.61884353741496
118.7378911564626
118.99510204081633
119.25061224489795
119.33204081632653
119.31816326530611
119.58965986394558
119.88619047619048
120.2387074829932
120.45034013605442
120.90190476190476
121.46870748299321
122.04034013605441
122.42687074829932
122.76081632653062
123.25414965986394
123.68448979591837
124.00877551020409
124.3644217687075
124.76476190476191
125.01959183673469
125.20986394557823
125.65510204081633
126.28122448979593
127.0004081632653
127.79142857142858
128.51646258503402
129.1456462585034
129.7934013605442
130.58619047619047
131.43047619047618
132.32333333333332
133.3487755102041
134.50081632653064
135.6887074829932
137.04319727891158
138.32374149659864
139.5121768707483
140.81156462585034
142.31809523809522
143.79768707482992
145.12931972789113
146.60768707482993
148.1030612244898
149.80782312925172
151.39503401360545
153.07340136054424
154.60278911564626
156.11931972789114
157.44530612244898
158.85061224489795
160.22346938775513
161.57578231292518
162.78721088435373
163.85632653061225
164.8987074829932
165.93326530612245
166.85197278911565
167.62428571428572
168.4451700680272
169.29278911564626
170.12721088435376
170.82843537414965
171.47700680272106
172.08340136054423
172.80727891156462
173.52197278911564
174.18727891156465
174.67244897959182
175.09510204081633
175.55156462585035
175.9730612244898
176.4004081632653
176.63904761904763
176.90510204081633
177.00952380952384
177.22414965986394
177.39557823129252
177.56272108843535
177.65278911564627
177.758231292517
177.85380952380953
177.8665306122449
177.89367346938778
177.88931972789118
177.84727891156462
177.77006802721087
177.63578231292516
177.36414965986395
177.08020408163267
176.94530612244898
176.86455782312925
176.66204081632654
176.45517006802723
176.27870748299318
176.0622448979592
175.7291156462585
175.38850340136054
175.10544217687075
174.90217687074832
174.72061224489795
174.49659863945578
174.1756462585034
173.85823129251702
173.62190476190477
173.38653061224494
173.06122448979593
172.71408163265306
172.35836734693876
172.07448979591834
171.71108843537417
171.34768707482993
170.94489795918366
170.66809523809522
170.3121768707483
169.92700680272108
169.44251700680275
168.9269387755102
168.45088435374151
168.03380952380957
167.61986394557823
167.15537414965988
166.68210884353743
166.23061224489797
165.8519047619048
165.48380952380953
165.07925170068026
164.7191836734694
164.44714285714286
164.1947619047619
163.97326530612247
163.92639455782316
164.03251700680272
164.0621768707483
164.0655782312925
164.1125850340136
164.26884353741497
164.34061224489795
164.44190476190477
164.62714285714287
164.9713605442177
165.27469387755104
165.60823129251702
165.99639455782315
166.44448979591837
166.8856462585034
167.30802721088435
167.71020408163264
168.09258503401358
168.50843537414966
168.89122448979595
169.43115646258505
169.98448979591836
170.45931972789117
170.9904761904762
171.55537414965985
172.1712925170068
172.74972789115645
173.45278911564628
174.00850340136054
174.57462585034017
175.1914285714286
175.85108843537415
176.42034013605445
176.98721088435374
177.52061224489796
178.03000000000003
178.46231292517007
178.9440136054422
179.40367346938774
179.8234013605442
180.24666666666667
180.60748299319727
180.9369387755102
181.1859863945578
181.5844897959184
182.05251700680276
182.51551020408164
182.82632653061225
183.06544217687076
183.3091836734694
183.55258503401362
183.84687074829932
184.09680272108844
184.30394557823132
184.49238095238096
184.72476190476192
184.99163265306123
185.25217687074831
185.41904761904763
185.54510204081632
185.7070068027211
185.88068027210886
185.9952380952381
186.11557823129255
186.24312925170068
186.30265306122448
186.34149659863948
186.4343537414966
186.57653061224488
186.60238095238097
186.61619047619047
186.66557823129253
186.8197278911565
186.9026530612245
187.0231292517007
187.00612244897957
187.00278911564627
187.0233333333333
187.1060544217687
187.08938775510205
187.01537414965986
187.03006802721092
187.10482993197277
187.2504081632653
187.28333333333333
187.2325170068027
187.16571428571427
187.17251700680274
187.16598639455785
187.11367346938778
187.1139455782313
187.15551020408165
187.29503401360543
187.3870068027211
187.40591836734697
187.3208843537415
187.2683673469388
187.23904761904765
187.2999319727891
187.30557823129251
187.2660544217687
187.19986394557822
187.17775510204083
187.11054421768708
187.1287074829932
187.17292517006805
187.15585034013606
187.00238095238097
186.87428571428575
186.7822448979592
186.72857142857143
186.61061224489796
186.52408163265306
186.57292517006806
186.65748299319728
186.5308843537415
186.37795918367348
186.34809523809525
186.25272108843535
186.06564625850342
185.95081632653063
185.8460544217687
185.69585034013608
185.55680272108845
185.4908843537415
185.44074829931975
185.46136054421768
185.32795918367344
185.15013605442178
184.9600680272109
184.84952380952382
184.7127210884354
184.60000000000002
184.5043537414966
184.43836734693878
184.31231292517006
184.15414965986395
184.0416326530612
183.93585034013608
183.7948299319728
183.6226530612245
183.4708843537415
183.2995238095238
183.18149659863946
183.04149659863947
182.93585034013606
182.806462585034
182.5782993197279
182.33068027210885
182.13190476190476
181.96231292517007
181.7470068027211
181.6247619047619
181.5
181.32183673469387
181.09272108843538
180.88918367346938
180.6718367346939
180.42217687074833
180.2544217687075
180.01231292517008
179.78884353741498
179.54197278911562
179.38714285714286
179.17278911564625
178.97421768707486
178.77380952380952
178.46489795918367
178.17442176870748
177.86925170068025
177.6151700680272
177.36897959183673
177.18714285714287
176.942925170068
176.61571428571426
176.28707482993198
175.99510204081633
175.72523809523813
175.42721088435374
175.08340136054423
174.6962585034014
174.37741496598642
174.05054421768708
173.6877551020408
173.32836734693876
172.99666666666667
172.6474829931973
172.2644897959184
171.96551020408162
171.61455782312925
171.28836734693877
170.9878231292517
170.7047619047619
170.31537414965987
169.97544217687073
169.64496598639454
169.33040816326528
168.9004081632653
168.5640136054422
168.20727891156463
167.92367346938778
167.5878231292517
167.2638775510204
166.90625850340138
166.51768707482995
166.21530612244896
165.91448979591837
165.53850340136054
165.12224489795918
164.74489795918367
164.37068027210887
163.93727891156465
163.56945578231293
163.28238095238098
162.9461904761905
162.5778231292517
162.29006802721085
162.11231292517004
161.75693877551018
161.34054421768707
160.96380952380954
160.54414965986396
160.16619047619048
159.811768707483
159.52768707482994
159.05789115646257
158.66442176870748
158.3231292517007
158.04108843537415
157.59367346938774
157.13421768707482
156.71333333333334
156.37482993197278
155.9365306122449
155.5769387755102
155.17054421768708
154.71959183673468
154.20068027210885
153.76823129251702
153.36850340136056
152.9438095238095
152.61986394557823
152.32482993197277
151.8756462585034
151.28687074829932
150.75632653061226
150.30605442176872
149.7552380952381
149.16503401360546
148.69448979591837
148.31979591836736
147.8004761904762
147.18857142857144
146.5542857142857
146.03367346938776
145.50775510204082
144.97829931972788
144.42843537414967
143.82000000000002
143.2238775510204
142.62734693877553
142.01843537414965
141.33176870748298
140.56598639455783
139.84394557823128
139.16340136054419
138.46653061224492
137.74829931972792
137.00421768707483
136.25918367346938
135.48455782312925
134.63632653061225
133.83190476190475
133.12380952380954
132.45551020408163
131.65897959183673
130.86612244897958
130.077074829932
129.36877551020407
128.62537414965988
127.86727891156463
127.11238095238096
126.57925170068027
126.1078231292517
125.65489795918367
125.15115646258504
124.60448979591837
124.10469387755103
123.69129251700681
123.34183673469389
123.05551020408164
122.75625850340136
122.41292517006804
122.12931972789117
121.96537414965985
121.89278911564625
121.64156462585035
121.41489795918368
121.24482993197279
121.21176870748299
120.91714285714285
120.65632653061225
120.44666666666666
120.35462585034014
120.0970068027211
119.86687074829932
119.6139455782313
119.40360544217688
119.07775510204081
118.78680272108845
118.53496598639455
118.33585034013606
117.98272108843538
117.54367346938776
117.17435374149662
116.82251700680271
116.4252380952381
115.96170068027212
115.61714285714285
115.22517006802723
114.73979591836735
114.20231292517008
113.8487074829932
113.49578231292517
113.08231292517007
112.56625850340137
112.12918367346938
111.71115646258504
111.4095238095238
110.9643537414966
110.48768707482994
110.11414965986395
109.86136054421767
109.42836734693878
108.85775510204081
108.30190476190477
107.85231292517007
107.5287074829932
107.18585034013606
106.7426530612245
106.35707482993199
105.93666666666667
105.41231292517007
104.87510204081632
104.40612244897959
104.00238095238096
103.55074829931974
103.15891156462585
102.60040816326531
102.13517006802721
101.75585034013606
101.39986394557823
100.99700680272109
100.5408843537415
100.17619047619047
99.68585034013606
99.20870748299319
98.78653061224489
98.35408163265306
97.85000000000001
97.17755102040817
96.75455782312925
96.38340136054421
96.0831292517007
95.48891156462587
94.91340136054421
94.41727891156464
94.14197278911564
93.85054421768707
93.4838775510204
93.04414965986393
92.64333333333333
92.28748299319729
91.89544217687076
91.51564625850341
91.11761904761906
90.7343537414966
90.3595918367347
89.95326530612246
89.471768707483
88.94251700680272
88.67272108843538
88.38190476190478
88.1444217687075
87.71748299319728
87.33857142857144
86.91707482993198
86.59231292517008
86.08863945578231
85.5234693877551
85.01727891156463
84.62972789115648
84.25510204081633
83.86993197278912
83.4330612244898
83.14700680272108
82.81809523809525
82.4861224489796
82.02938775510205
81.66428571428571
81.26537414965986
80.97183673469388
80.71564625850341
80.38013605442177
80.02414965986395
79.53986394557825
79.13102040816327
78.79965986394558
78.58619047619047
78.24789115646259
77.81993197278912
77.46925170068027
77.22476190476192
77.03482993197278
76.75897959183672
76.53755102040816
76.17979591836735
75.78877551020409
75.39734693877551
75.07108843537415
74.61972789115646
74.22217687074831
74.00251700680272
73.7925850340136
73.51367346938775
73.263537414966
73.09095238095239
72.84510204081633
72.60095238095238
72.39897959183673
72.25
72.02142857142857
71.77843537414967
71.61013605442177
71.4208843537415
71.09312925170067
70.67346938775509
70.28530612244897
69.95428571428572
69.73510204081633
69.55360544217687
69.29122448979592
68.9260544217687
68.61387755102041
68.42027210884353
68.25489795918367
68.06530612244899
67.9487074829932
67.70102040816327
67.3883673469388
67.09544217687075
67.02408163265306
66.8526530612245
66.63183673469388
66.30000000000001
66.07251700680271
65.88251700680271
65.77108843537415
65.70741496598639
65.63687074829932
65.34428571428572
65.06040816326532
64.98081632653063
64.8752380952381
64.58244897959185
64.3052380952381
64.13700680272109
63.916938775510204
63.63904761904762
63.537891156462585
63.4874149659864
63.30197278911565
63.115442176870744
63.0630612244898
63.03156462585035
62.93074829931973
62.80394557823129
62.70006802721089
62.499591836734695
62.332789115646264
62.082244897959185
61.79877551020409
61.6169387755102
61.510340136054424
61.38040816326531
61.12755102040816
60.99993197278911
61.0247619047619
60.95102040816327
60.86013605442177
60.82938775510204
60.75469387755103
60.45979591836735
60.30530612244898
60.38027210884354
60.36136054421769
60.22210884353741
60.119795918367345
60.0391156462585
59.918503401360546
59.863945578231295
59.820476190476185
59.71802721088436
59.61265306122449
59.487142857142864
59.29122448979592
59.13938775510205
59.08931972789116
59.039523809523814
59.00115646258503
59.071224489795924
59.17258503401361
59.1930612244898
59.174625850340135
59.087278911564624
59.007210884353746
58.97210884353741
58.950272108843535
58.82850340136055
58.662721088435376
58.57510204081632
58.372585034013596
58.26829931972789
58.24884353741496
58.2978231292517
58.32795918367347
58.33210884353742
58.38047619047619
58.27639455782314
58.39013605442177
58.28163265306122
58.25863945578231
58.18687074829933
58.266054421768715
58.12394557823129
58.101836734693876
58.149251700680274
58.256462585034015
58.32734693877551
58.374489795918365
58.387278911564636
58.28299319727891
58.18775510204081
58.147006802721094
58.31476190476191
58.568095238095246
58.65748299319729
58.56462585034014
58.52680272108844
58.69204081632653
58.781020408163265
58.792653061224485
58.880816326530606
59.00034013605442
59.129999999999995
59.298231292517
59.3865306122449
59.42020408163265
59.51591836734694
59.71795918367347
59.79476190476191
60.05979591836735
60.19904761904762
60.44176870748299
60.57448979591837
60.83210884353741
60.9091156462585
61.02108843537415
61.161020408163274
61.302244897959184
61.32210884353742
61.49149659863946
61.68965986394558
61.909183673469386
62.11156462585034
62.34591836734694
62.43190476190476
62.52761904761905
62.81170068027211
62.97326530612245
63.05210884353742
63.11244897959184
63.32850340136055
63.59408163265307
63.77925170068028
63.76632653061225
63.86938775510204
64.08870748299321
64.37319727891156
64.51006802721088
64.74197278911565
64.93272108843537
65.16054421768709
65.39190476190475
65.53469387755102
65.69530612244898
65.83489795918368
65.9834693877551
65.91414965986394
65.95054421768708
66.10911564625852
66.29619047619047
66.35489795918367
66.47571428571428
66.59680272108844
66.63877551020408
66.53884353741498
66.52156462585035
66.56251700680272
66.68442176870748
66.8538775510204
66.98068027210884
66.92258503401361
66.91122448979591
66.9491156462585
67.03965986394557
67.06129251700682
67.04537414965988
67.02585034013606
67.03510204081633
66.93510204081633
66.8965306122449
67.06965986394559
67.2899319727891
67.26285714285714
67.20646258503402
67.12591836734694
67.07761904761904
67.12489795918367
67.21959183673468
67.1681632653061
67.12551020408164
67.18979591836734
67.15210884353742
67.09537414965988
66.95904761904762
66.8921768707483
66.841768707483
66.90782312925171
66.76965986394559
66.56197278911564
66.40727891156462
66.48442176870748
66.48170068027211
66.24809523809523
65.88210884353742
65.7908163265306
65.75442176870747
65.59714285714286
65.51918367346939
65.55401360544218
65.49292517006803
65.23013605442176
65.05619047619048
64.88068027210885
64.74102040816328
64.60551020408163
64.64006802721089
64.64299319727891
64.5247619047619
64.38408163265308
64.30210884353741
64.11897959183673
63.85612244897959
63.69734693877551
63.59612244897959
63.59748299319729
63.5878231292517
63.45448979591837
63.23598639455782
63.26687074829932
63.2943537414966
63.154761904761905
62.994081632653064
62.873061224489796
62.645442176870745
62.50115646258503
62.338571428571434
62.18768707482994
62.0587074829932
62.00931972789116
61.995714285714286
61.908027210884356
61.84775510204082
61.63013605442177
61.495714285714286
61.29557823129251
61.15360544217687
61.194693877551025
61.20231292517008
61.086326530612254
60.87612244897959
60.74190476190476
60.66448979591837
60.594965986394556
60.46612244897959
60.227619047619044
59.949115646258505
59.741292517006805
59.716394557823136
59.681428571428576
59.416054421768706
59.22639455782313
59.25251700680272
59.13530612244898
58.904421768707486
58.76965986394558
58.72156462585035
58.5778231292517
58.43006802721088
58.306394557823126
58.171768707483
58.053333333333335
57.94748299319728
57.81333333333334
57.568163265306126
57.344081632653065
57.282653061224494
57.30149659863946
57.22768707482993
57.06040816326531
56.82829931972789
56.71238095238095
56.74972789115646
56.78081632653061
56.704897959183675
56.62149659863945
56.570408163265306
56.59897959183674
56.54877551020408
56.4965306122449
56.33904761904762
56.306122448979586
56.34210884353742
56.41666666666667
56.35258503401361
56.27183673469388
56.377006802721084
56.31619047619048
56.28761904761905
56.17748299319729
56.22231292517007
56.16374149659864
56.342448979591836
56.415782312925174
56.446938775510205
56.33986394557823
56.469795918367346
56.71190476190476
56.81748299319729
56.770748299319735
56.73346938775511
56.85469387755102
56.92136054421769
57.05081632653061
57.10408163265307
57.19897959183673
57.26625850340136
57.302993197278916
57.25789115646259
57.32829931972789
57.51727891156463
57.76210884353741
57.875850340136054
57.821156462585044
57.898367346938784
58.191088435374155
58.50020408163266
58.49374149659864
58.55027210884354
58.70727891156463
58.92149659863946
59.04367346938776
59.239999999999995
59.49979591836735
59.7087074829932
59.75244897959185
59.906870748299326
60.234081632653066
60.53476190476191
60.64972789115646
60.86013605442177
61.21496598639456
61.52693877551021
61.83544217687075
62.072040816326535
62.16156462585033
62.32850340136054
62.68863945578231
63.08537414965986
63.27755102040816
63.51979591836734
63.74557823129252
64.09244897959184
64.39659863945579
64.7925850340136
65.10823129251702
65.24707482993198
65.38299319727892
65.6891836734694
66.1474149659864
66.42489795918368
66.60442176870748
66.83530612244898
67.13598639455783
67.49333333333334
67.788231292517
68.12027210884354
68.42639455782313
68.66149659863946
68.88095238095238
69.00299319727893
69.35068027210883
69.72551020408163
70.16489795918368
70.45591836734692
70.84578231292517
71.30598639455783
71.72333333333333
72.00047619047618
72.20972789115646
72.53421768707483
72.82625850340135
73.23959183673469
73.71897959183674
74.08278911564626
74.32578231292517
74.54925170068026
74.84414965986394
75.14700680272108
75.38897959183674
75.49462585034014
75.62312925170069
75.79931972789116
75.97190476190477
76.20707482993197
76.38129251700681
76.5717006802721
76.83551020408163
77.2657142857143
77.55190476190478
77.77700680272109
78.0021768707483
78.21972789115647
78.45054421768708
78.70659863945579
79.02517006802722
79.26108843537415
79.51911564625851
79.8182993197279
80.10353741496598
80.29537414965986
80.50006802721089
80.6925850340136
80.93680272108843
81.21775510204081
81.54142857142858
81.77047619047619
82.02156462585035
82.27734693877551
82.50904761904762
82.72299319727892
83.09795918367348
83.52843537414967
83.86020408163266
84.20795918367347
84.45489795918368
84.6491836734694
84.8287074829932
85.30625850340135
85.84972789115646
86.3856462585034
86.7073469387755
86.92775510204082
87.25238095238096
87.76884353741497
88.3821768707483
88.8582993197279
89.32666666666667
89.8491156462585
90.64224489795917
91.408231292517
92.22190476190477
93.03680272108843
94.08598639455782
95.20693877551021
96.39034013605442
97.68802721088436
99.10863945578231
100.57238095238094
101.95632653061224
103.50802721088435
105.14911564625851
106.71680272108844
108.1896598639456
109.76619047619047
111.2908163265306
112.35863945578232
112.94278911564625
113.33442176870749
113.62891156462587
113.74129251700681
113.77401360544218
113.77537414965985
113.87653061224489
113.96639455782314
114.15557823129252
114.23129251700679
114.23136054421767
114.1257142857143
114.2400680272109
114.38612244897959
114.59632653061226
114.67612244897958
114.78353741496599
114.69517006802722
114.64251700680273
114.57598639455783
114.48537414965988
114.34687074829934
114.30380952380955
114.30278911564626
114.21544217687075
113.97965986394559
113.75040816326532
113.67707482993197
113.70625850340136
113.72938775510205
113.63761904761905
113.60108843537415
113.6208843537415
113.78659863945579
113.78816326530612
113.521768707483
113.07802721088436
112.56455782312926
111.72272108843538
110.72442176870749
109.83353741496597
109.16190476190476
108.50591836734694
107.81102040816326
107.02095238095238
106.02816326530613
104.89278911564625
103.62040816326531
102.08081632653061
100.21503401360545
98.25802721088435
96.52707482993199
95.01503401360544
93.62918367346938
92.06210884353742
90.38448979591837
88.73727891156463
87.42285714285714
86.12605442176871
85.02299319727891
83.87836734693877
82.56727891156463
81.14809523809524
79.77979591836734
78.50170068027211
77.08802721088435
75.85632653061224
74.56129251700679
73.34068027210884
72.10108843537415
70.81448979591838
69.596462585034
68.48972789115646
67.58925170068028
66.46210884353742
65.30299319727892
64.1587074829932
63.12265306122449
62.099931972789115
61.092721088435376
60.091292517006806
59.18619047619048
58.57857142857143
58.233809523809526
57.957074829931976
57.59891156462586
57.01122448979592
56.14707482993197
55.33605442176871
54.43380952380953
53.382448979591835
52.14965986394558
50.7808843537415
49.43040816326531
48.01782312925166
46.42530612244896
