114.81057823129251
114.89578231292512
115.13489795918368
115.22748299319728
115.21870748299321
115.00714285714285
114.8199319727891
114.70367346938775
114.68374149659866
114.64802721088435
114.64619047619048
114.61020408163265
114.42891156462585
114.15482993197278
114.01530612244898
113.95591836734695
113.84448979591836
113.80190476190477
113.88340136054421
114.02095238095238
113.92040816326531
113.57823129251702
113.21258503401361
113.14768707482993
113.24591836734695
113.42965986394559
113.56537414965987
113.60598639455783
113.48380952380953
113.36299319727891
113.12482993197278
112.85836734693876
112.6408843537415
112.58156462585033
112.52258503401362
112.49244897959183
112.39564625850342
112.23598639455783
112.0878231292517
112.0008843537415
112.21693877551022
112.42931972789115
112.58197278911565
112.47102040816327
112.30639455782314
112.06972789115646
111.95857142857142
112.02210884353742
112.16870748299321
112.08034013605443
111.80462585034014
111.6387755102041
111.74598639455783
111.85455782312926
111.85231292517008
111.81598639455783
111.89496598639457
112.10782312925171
112.22775510204083
112.1640136054422
112.01897959183674
112.02700680272109
112.0587755102041
112.13326530612245
112.16183673469388
112.13469387755103
111.99775510204083
112.0982993197279
112.29102040816326
112.30142857142859
111.93272108843539
111.67251700680272
111.62761904761905
112.0287074829932
112.505306122449
112.9138775510204
112.90163265306123
112.628231292517
112.29360544217687
112.12680272108844
112.0973469387755
112.02190476190476
111.91000000000001
111.80374149659865
111.72863945578231
111.71673469387756
111.88278911564628
112.02428571428572
111.98061224489797
111.76224489795919
111.85972789115648
111.96299319727892
111.99918367346939
111.87224489795919
111.86789115646258
111.72448979591837
111.59673469387754
111.46979591836737
111.40537414965988
111.37802721088437
111.3978231292517
111.41551020408164
111.47299319727892
111.63680272108844
111.77414965986394
111.85727891156462
111.98442176870749
112.14340136054423
112.37095238095237
112.58448979591836
112.84278911564627
113.00244897959185
113.09857142857143
113.07210884353742
113.00006802721089
113.00448979591836
113.04959183673469
113.08210884353741
113.18619047619049
113.6826530612245
114.10727891156463
114.34455782312926
114.46394557823129
114.73224489795918
114.79448979591838
114.84068027210886
114.95489795918368
115.14693877551021
115.19244897959184
115.19748299319728
115.16217687074831
115.34190476190476
115.57639455782314
115.87285714285716
115.96469387755101
116.14877551020408
116.35476190476192
116.66965986394558
116.87639455782312
117.20285714285714
117.4595238095238
117.55680272108845
117.51789115646258
117.49918367346939
117.498231292517
117.62408163265306
117.9481632653061
118.27673469387756
118.60333333333334
118.9739455782313
119.54122448979592
119.97204081632654
120.23204081632653
120.29945578231292
120.44965986394558
120.57469387755101
120.70551020408163
120.84952380952382
121.09972789115646
121.25496598639455
121.36625850340137
121.40979591836735
121.71557823129251
122.12503401360544
122.52081632653062
122.87367346938775
123.3047619047619
123.83380952380952
124.23061224489797
124.59863945578232
125.04965986394558
125.66061224489796
126.08748299319728
126.44013605442177
126.69489795918368
126.99619047619048
127.15095238095239
127.5856462585034
128.25163265306122
129.00619047619045
129.58285714285714
130.18952380952382
130.89897959183673
131.85965986394558
132.60625850340136
133.27972789115648
133.96496598639456
134.96775510204083
135.94564625850342
137.2195918367347
138.51251700680274
139.83224489795919
140.99904761904762
142.3591836734694
143.7155782312925
145.15108843537416
146.4768707482993
147.9047619047619
149.3525850340136
150.88986394557824
152.32775510204084
153.8792517006803
155.27632653061227
156.65326530612248
157.90993197278914
159.29789115646258
160.45945578231294
161.55142857142857
162.54965986394558
163.7087074829932
164.6113605442177
165.45401360544219
166.17673469387756
167.0395238095238
167.7978231292517
168.58176870748298
169.2418367346939
169.89585034013606
170.5116326530612
171.18972789115645
171.87272108843538
172.53401360544217
173.19945578231295
173.60931972789115
173.8921768707483
174.2744217687075
174.71952380952382
175.0795238095238
175.39979591836737
175.73462585034014
175.8292517006803
175.8870068027211
176.07428571428574
176.34013605442178
176.52142857142857
176.57455782312925
176.49115646258505
176.44931972789118
176.46102040816328
176.55088435374154
176.49979591836737
176.37224489795918
176.14904761904762
175.9608843537415
175.86795918367346
175.73979591836735
175.57904761904763
175.34721088435373
175.1036734693878
174.8695918367347
174.7209523809524
174.5926530612245
174.39768707482995
174.15374149659863
173.91190476190476
173.64333333333335
173.3112925170068
172.97897959183672
172.69850340136054
172.43510204081633
172.13795918367344
171.87156462585034
171.62374149659865
171.33224489795919
171.0634693877551
170.77115646258505
170.45469387755105
170.09721088435376
169.78047619047618
169.3934693877551
169.02149659863946
168.60537414965987
168.22238095238097
167.77068027210885
167.38061224489797
166.92755102040815
166.52625850340138
166.09074829931973
165.7274829931973
165.33027210884353
165.02870748299318
164.66857142857145
164.2487074829932
163.82204081632653
163.63210884353742
163.54054421768706
163.55517006802722
163.56979591836736
163.5725170068027
163.5630612244898
163.64115646258506
163.75319727891156
163.8408843537415
164.00775510204082
164.31421768707486
164.6404761904762
164.87945578231296
165.08394557823132
165.43537414965988
165.91414965986397
166.4534013605442
166.80666666666667
167.10530612244895
167.4463945578231
167.8981632653061
168.28578231292516
168.6295918367347
169.07482993197277
169.59938775510204
170.2183673469388
170.75816326530614
171.36714285714288
171.9886394557823
172.5746258503401
173.09190476190474
173.6412925170068
174.26204081632653
174.8091156462585
175.3387074829932
175.9817006802721
176.61959183673468
177.10374149659864
177.4551700680272
177.9040136054422
178.38727891156464
178.82557823129252
179.18292517006805
179.40829931972792
179.72387755102045
180.12469387755104
180.50040816326532
180.86938775510205
181.27551020408163
181.65027210884355
181.88210884353742
182.13836734693876
182.3455782312925
182.50272108843538
182.81680272108844
183.13387755102042
183.375306122449
183.50755102040816
183.76306122448977
183.9685714285714
184.15700680272107
184.25931972789118
184.46074829931973
184.5542176870748
184.6686394557823
184.84551020408162
185.08666666666667
185.1018367346939
185.09340136054422
185.20870748299322
185.3644897959184
185.37163265306123
185.35938775510206
185.38448979591837
185.4604081632653
185.5999319727891
185.73503401360546
185.77761904761905
185.7265986394558
185.66925170068026
185.67442176870748
185.67401360544218
185.77986394557823
185.78727891156464
185.85374149659864
185.85027210884357
185.84020408163266
185.77972789115645
185.7991156462585
185.8525850340136
185.9096598639456
185.86693877551022
185.81904761904764
185.80163265306123
185.89333333333335
185.93714285714287
185.96659863945578
185.93986394557822
185.87843537414966
185.89517006802723
185.87380952380954
185.80782312925172
185.74687074829933
185.80517006802722
185.89782312925172
185.86816326530612
185.87102040816328
185.88238095238097
185.84673469387755
185.6712925170068
185.5422448979592
185.4882993197279
185.38578231292516
185.30979591836737
185.28578231292516
185.308231292517
185.154693877551
185.0391156462585
184.99789115646257
184.96775510204083
184.81367346938777
184.6304761904762
184.53816326530614
184.49802721088437
184.44673469387754
184.27625850340138
184.13598639455785
184.02585034013606
183.96891156462584
183.86891156462585
183.76761904761906
183.68442176870752
183.60408163265305
183.4370068027211
183.28897959183675
183.18544217687077
183.0960544217687
182.95421768707484
182.8278231292517
182.70102040816326
182.57884353741497
182.34891156462587
182.13061224489797
182.00850340136054
181.89639455782316
181.73115646258503
181.5116326530612
181.37163265306123
181.22346938775513
181.10891156462586
180.93884353741495
180.85122448979592
180.72000000000003
180.47183673469388
180.27340136054423
180.11367346938778
179.89421768707484
179.62755102040816
179.44448979591837
179.23122448979592
179.01666666666665
178.75850340136054
178.52081632653062
178.3265306122449
178.2044217687075
178.03714285714284
177.84795918367348
177.56251700680272
177.25727891156464
176.96285714285716
176.71687074829933
176.40809523809523
176.2557142857143
176.1612925170068
176.008231292517
175.64482993197277
175.2668707482993
174.8730612244898
174.5961904761905
174.34
174.09231292517006
173.73170068027213
173.39034013605442
173.08476190476193
172.78503401360544
172.40802721088437
171.98122448979592
171.58482993197282
171.25469387755103
170.9104081632653
170.59666666666664
170.2939455782313
169.97163265306125
169.6404081632653
169.3536734693878
169.04945578231292
168.71190476190475
168.27646258503404
167.8205442176871
167.43
167.17190476190478
166.9187755102041
166.68115646258502
166.38945578231292
166.0382993197279
165.6504761904762
165.30448979591839
164.90993197278914
164.58945578231294
164.2919047619048
164.08904761904762
163.68680272108844
163.30251700680276
162.8695918367347
162.5191836734694
162.14530612244897
161.7940136054422
161.4265986394558
160.9822448979592
160.65469387755104
160.43863945578232
160.1155102040816
159.6682993197279
159.25163265306122
158.95496598639454
158.5908843537415
158.21727891156462
157.99979591836734
157.66061224489798
157.21693877551022
156.78897959183672
156.50020408163266
156.0856462585034
155.59768707482993
155.21020408163264
154.80102040816325
154.45013605442176
154.10496598639457
153.6574149659864
153.17721088435374
152.78326530612247
152.45775510204084
151.9887074829932
151.53496598639458
151.19619047619048
150.8778911564626
150.4382993197279
149.89108843537414
149.35761904761904
148.86836734693878
148.44244897959186
148.00258503401363
147.48721088435374
146.89795918367346
146.32455782312928
145.78891156462586
145.3291836734694
144.821768707483
144.18333333333334
143.58761904761906
143.0672789115646
142.5077551020408
141.8518367346939
141.2631972789116
140.73244897959185
140.03068027210884
139.2285034013605
138.5338095238095
137.91673469387754
137.26646258503402
136.42197278911564
135.63918367346938
134.86197278911567
134.12578231292517
133.3704761904762
132.8208163265306
132.22687074829932
131.49251700680273
130.63945578231295
129.9312925170068
129.28047619047618
128.57190476190476
127.87666666666667
127.28204081632654
126.78006802721089
126.25863945578232
125.6787074829932
125.04612244897959
124.56891156462586
124.23625850340139
123.84428571428572
123.44278911564626
123.09775510204084
122.76387755102043
122.4839455782313
122.37142857142857
122.21319727891157
122.00020408163266
121.80156462585035
121.68183673469389
121.49312925170068
121.27428571428572
120.95292517006803
120.67210884353742
120.45204081632653
120.24598639455782
119.95476190476191
119.70353741496598
119.61571428571429
119.43469387755103
119.14857142857143
118.85462585034014
118.66687074829933
118.38414965986394
118.03319727891157
117.70435374149662
117.39435374149659
117.08387755102041
116.77333333333334
116.43666666666667
115.97027210884355
115.49272108843539
115.10911564625852
114.76911564625851
114.401768707483
114.00809523809525
113.59925170068028
113.08945578231292
112.62843537414966
112.27863945578231
111.94054421768708
111.52523809523811
111.07163265306122
110.67863945578232
110.3330612244898
109.96551020408164
109.56836734693877
109.0212925170068
108.52496598639456
108.09448979591838
107.77367346938775
107.34428571428572
106.92421768707483
106.57122448979594
106.27333333333333
105.84353741496598
105.29353741496598
104.82829931972789
104.46428571428572
104.05564625850342
103.61979591836734
103.21585034013606
102.80319727891157
102.35700680272109
101.94816326530612
101.47829931972791
101.10047619047619
100.78380952380952
100.47625850340137
99.98149659863947
99.4943537414966
99.00340136054422
98.47102040816327
97.95306122448979
97.52061224489796
97.02687074829933
96.52761904761904
96.19918367346939
95.84809523809524
95.37517006802722
94.89312925170069
94.63020408163266
94.41387755102042
94.06142857142856
93.62687074829932
93.21863945578232
92.8626530612245
92.39489795918368
91.8691156462585
91.4670068027211
91.14795918367346
90.86789115646259
90.45476190476191
90.09585034013605
89.78693877551021
89.35251700680274
88.90401360544217
88.53578231292516
88.26312925170069
87.91537414965987
87.5130612244898
87.05027210884353
86.56795918367348
86.24578231292519
85.89061224489797
85.44115646258504
85.09537414965985
84.75034013605442
84.32965986394558
83.86646258503401
83.65115646258504
83.30088435374151
82.95326530612243
82.61414965986394
82.3339455782313
81.94503401360545
81.63340136054423
81.34
81.02469387755103
80.59897959183674
80.26891156462585
79.91149659863946
79.69027210884354
79.43435374149661
79.21061224489796
78.85401360544218
78.52462585034013
78.22829931972788
77.8956462585034
77.5139455782313
77.13333333333334
76.74965986394558
76.34721088435376
75.99115646258502
75.70326530612246
75.50312925170068
75.34789115646258
75.1360544217687
74.79013605442177
74.54081632653062
74.32693877551021
74.2196598639456
73.99251700680273
73.77190476190478
73.52435374149661
73.40122448979592
73.14428571428573
72.6995918367347
72.22707482993198
71.94979591836734
71.8047619047619
71.6182993197279
71.35414965986394
71.06136054421768
70.89027210884353
70.6604761904762
70.35687074829933
70.02653061224491
69.94163265306123
69.71850340136055
69.43183673469389
69.23537414965988
69.21380952380953
68.93068027210884
68.63809523809523
68.4787074829932
68.30054421768708
68.09707482993197
67.86197278911565
67.79904761904763
67.60707482993197
67.41625850340137
67.10884353741497
67.02340136054421
66.96482993197279
66.75442176870749
66.42312925170069
66.16210884353741
65.88190476190476
65.56884353741498
65.38904761904762
65.3669387755102
65.2687074829932
65.12496598639456
65.00727891156463
64.98244897959182
64.92278911564625
64.7625850340136
64.611768707483
64.63244897959183
64.57108843537415
64.15625850340136
63.77598639455783
63.63945578231293
63.54918367346939
63.380136054421776
63.256462585034015
63.06993197278912
62.86931972789116
62.86931972789117
62.981360544217694
62.890680272108845
62.617482993197285
62.338843537414974
62.18054421768707
62.14857142857143
62.14639455782312
62.07741496598639
62.06074829931973
61.960952380952385
61.93585034013606
61.84489795918367
61.79489795918367
61.66326530612244
61.62761904761905
61.4943537414966
61.20455782312926
60.99619047619048
60.900952380952376
60.87646258503402
60.86435374149661
60.93850340136055
61.08190476190477
61.14938775510204
61.25102040816327
61.201292517006806
61.121428571428574
61.00047619047619
60.91918367346939
60.76047619047619
60.65714285714286
60.487755102040815
60.18238095238095
60.09789115646259
60.10210884353742
60.09027210884354
60.101360544217684
60.29163265306123
60.41789115646259
60.44639455782313
60.38843537414966
60.28789115646258
60.26108843537415
60.13530612244898
60.0608843537415
60.02612244897959
60.02455782312926
59.94102040816327
60.05068027210884
60.14244897959183
60.14727891156463
60.14027210884353
60.170952380952386
60.17659863945578
60.16142857142857
60.233605442176874
60.24965986394558
60.39
60.43925170068027
60.425170068027214
60.35993197278911
60.42367346938775
60.430748299319724
60.57938775510205
60.78006802721089
61.037891156462585
61.11244897959183
61.18918367346939
61.14149659863945
61.25074829931973
61.40734693877551
61.61721088435374
61.83734693877551
62.01394557823129
62.15707482993197
62.28945578231293
62.56530612244898
62.758639455782316
62.90183673469388
62.95
63.09013605442177
63.197142857142865
63.37380952380953
63.508095238095244
63.634149659863944
63.84455782312925
64.10122448979592
64.34115646258503
64.41408163265308
64.59414965986394
64.69251700680272
64.7930612244898
64.89421768707483
65.16360544217687
65.47571428571429
65.68680272108844
65.8091156462585
65.9056462585034
66.0847619047619
66.32204081632653
66.47129251700682
66.63190476190476
66.78034013605442
67.09482993197278
67.28986394557822
67.45394557823128
67.48911564625851
67.65823129251703
67.873537414966
68.14659863945577
68.18496598639456
68.09748299319729
68.12108843537415
68.39857142857143
68.61714285714285
68.77993197278911
68.79292517006803
68.81714285714285
68.81421768707483
68.94401360544218
68.9895238095238
69.1278911564626
69.13659863945578
69.08489795918368
69.13149659863947
69.16700680272109
69.18748299319729
69.1369387755102
69.30700680272109
69.31870748299319
69.39455782312925
69.37455782312927
69.30687074829933
69.30170068027212
69.54503401360545
69.68979591836734
69.59401360544219
69.32013605442177
69.29884353741497
69.36292517006804
69.44653061224489
69.50469387755102
69.57333333333334
69.58503401360545
69.52734693877551
69.5113605442177
69.50965986394559
69.4195918367347
69.2756462585034
69.10013605442177
68.98979591836735
68.95367346938775
68.84074829931971
68.78374149659865
68.72877551020407
68.67142857142858
68.43081632653062
68.30496598639456
68.23115646258503
68.14448979591836
67.94231292517009
67.98530612244899
68.00068027210885
67.93836734693878
67.6565306122449
67.4242857142857
67.2195918367347
67.08088435374148
66.95102040816326
66.87591836734694
66.7878231292517
66.68258503401361
66.621768707483
66.58462585034013
66.48884353741497
66.27761904761905
66.11278911564627
65.93435374149661
65.89768707482992
65.76687074829931
65.63074829931973
65.49020408163264
65.50095238095238
65.5156462585034
65.56768707482993
65.51673469387755
65.37326530612245
65.168231292517
64.95455782312925
64.70965986394557
64.44136054421769
64.32224489795917
64.30938775510204
64.37537414965985
64.36353741496599
64.26360544217688
63.97863945578232
63.71938775510205
63.699455782312924
63.795306122448984
63.68197278911565
63.334489795918365
63.11482993197279
63.0174149659864
62.93938775510204
62.76489795918368
62.63891156462586
62.56387755102041
62.39918367346939
62.225374149659864
62.06544217687075
61.98836734693877
61.88421768707483
61.69027210884353
61.5078231292517
61.37251700680272
61.18156462585034
60.956258503401365
60.93299319727891
61.00442176870747
60.93993197278912
60.74517006802721
60.5878231292517
60.309863945578236
60.169591836734696
60.02272108843538
59.92278911564625
59.696122448979594
59.48299319727891
59.38836734693878
59.25414965986394
59.14238095238096
58.954081632653065
59.020272108843535
59.05285714285715
58.91612244897959
58.6843537414966
58.67748299319728
58.709047619047624
58.68591836734694
58.591836734693885
58.52204081632653
58.47265306122449
58.474013605442174
58.56782312925171
58.57544217687075
58.588367346938774
58.45442176870748
58.295374149659864
58.24448979591837
58.298775510204095
58.40727891156463
58.37605442176871
58.42
58.39340136054422
58.318503401360545
58.34469387755102
58.50360544217687
58.57020408163265
58.49340136054422
58.642380952380954
58.85238095238095
58.90925170068028
58.82414965986395
58.905034013605444
59.159115646258506
59.14578231292517
59.16816326530613
59.31727891156463
59.47931972789116
59.41455782312926
59.48374149659864
59.55312925170068
59.680340136054426
59.896734693877555
60.1604081632653
60.15523809523809
60.221428571428575
60.33428571428572
60.43054421768707
60.453741496598646
60.55326530612245
60.73210884353742
60.91353741496599
61.19646258503401
61.41863945578232
61.596530612244905
61.7021768707483
61.94619047619048
62.1056462585034
62.416598639455785
62.65204081632653
62.90027210884354
63.09238095238095
63.329523809523806
63.62285714285714
63.945238095238096
64.10292517006803
64.21673469387756
64.55680272108845
65.02380952380952
65.39027210884353
65.63687074829932
65.75557823129252
65.9008843537415
66.22299319727891
66.7774149659864
67.13578231292519
67.37421768707483
67.45312925170067
67.70340136054422
68.02204081632654
68.4548299319728
68.81034013605442
69.02632653061227
69.29965986394559
69.60959183673471
69.90850340136055
69.98836734693879
70.29496598639457
70.68408163265306
71.04843537414968
71.13006802721088
71.36693877551019
71.69707482993196
72.09108843537416
72.44557823129252
72.68612244897959
72.95088435374151
73.3078231292517
73.74707482993199
74.07156462585033
74.51231292517008
74.87761904761905
75.29850340136055
75.62122448979594
76.03136054421769
76.24421768707484
76.42333333333333
76.61115646258503
76.99442176870748
77.31721088435376
77.42387755102041
77.64510204081633
77.96571428571428
78.15857142857143
78.23108843537415
78.29340136054421
78.48455782312926
78.79149659863945
79.18027210884354
79.43068027210884
79.59714285714287
79.90884353741498
80.18095238095239
80.55918367346939
80.83489795918368
81.09448979591838
81.26530612244898
81.4434693877551
81.61986394557823
81.8291836734694
82.11748299319727
82.33299319727891
82.47081632653061
82.6691156462585
82.86802721088435
83.20414965986394
83.40346938775511
83.69115646258504
83.87959183673469
84.24455782312924
84.51911564625851
84.86299319727891
85.11721088435374
85.42278911564625
85.7891836734694
86.03945578231293
86.21578231292517
86.5013605442177
86.9600680272109
87.35183673469389
87.72877551020409
88.09272108843538
88.30224489795918
88.6434693877551
89.15823129251702
89.68251700680274
90.03557823129253
90.62149659863947
91.13952380952381
91.74714285714286
92.35448979591837
93.07108843537415
93.76095238095238
94.69537414965987
95.70374149659864
96.6425850340136
97.80095238095238
99.11340136054423
100.49129251700681
101.82231292517007
103.15734693877552
104.67666666666665
106.31734693877553
107.88244897959183
109.38149659863947
111.00775510204082
112.39251700680272
113.39244897959185
114.02068027210885
114.54972789115646
114.76312925170069
114.7921768707483
114.6895918367347
114.6530612244898
114.68836734693878
114.74265306122449
114.83530612244898
114.91489795918369
114.91659863945578
114.9073469387755
114.99551020408163
115.17857142857142
115.30421768707484
115.33299319727891
115.37659863945578
115.33789115646259
115.28972789115646
115.27374149659865
115.31544217687075
115.3139455782313
115.28530612244899
115.24619047619046
115.22163265306122
115.05061224489796
114.77911564625852
114.62394557823129
114.79292517006802
114.92068027210885
114.94285714285715
114.78646258503402
114.70816326530613
114.7939455782313
114.93312925170068
114.7861224489796
114.39074829931974
113.8655782312925
113.1295238095238
112.23863945578233
111.43510204081633
110.6548299319728
109.95040816326531
109.24816326530612
108.43265306122449
107.46251700680271
106.3625850340136
105.07666666666668
103.45585034013607
101.52605442176872
99.58142857142856
97.70469387755102
96.07292517006803
94.43265306122449
92.86965986394559
91.16918367346939
89.55925170068028
87.99020408163264
86.69401360544218
85.49285714285716
84.27836734693878
82.81850340136053
81.3656462585034
79.97115646258503
78.80925170068028
77.5074149659864
76.18829931972789
74.99374149659864
73.91619047619048
72.65897959183674
71.31952380952382
70.17755102040816
69.16829931972788
68.31632653061224
67.38850340136054
66.33265306122449
65.23102040816327
64.29034013605443
63.40462585034014
62.55489795918368
61.476938775510206
60.58721088435374
59.985170068027216
59.73421768707483
59.46517006802721
59.14469387755102
58.62374149659864
57.984149659863945
57.20693877551021
56.12877551020408
54.83224489795918
53.6421768707483
52.3647619047619
50.9491156462585
49.454557823129235
48.243503401360506
