110.91527210884357
111.00081632653055
111.15353741496598
111.21435374149661
111.17816326530613
110.97551020408163
110.58761904761906
110.30428571428571
110.26761904761905
110.42578231292518
110.56013605442178
110.513537414966
110.25836734693878
109.91238095238097
109.7017006802721
109.45952380952382
109.37639455782313
109.31965986394556
109.42469387755104
109.34741496598639
109.14496598639455
108.87598639455783
108.65904761904761
108.62285714285716
108.66149659863946
108.8926530612245
108.94292517006802
108.95666666666665
108.75809523809524
108.68142857142858
108.49034013605443
108.36142857142858
108.2812925170068
108.2725850340136
108.17081632653063
107.9108843537415
107.73476190476191
107.54326530612246
107.4991156462585
107.40904761904761
107.60170068027212
107.82061224489796
107.87557823129254
107.76687074829933
107.84142857142857
107.98421768707483
107.84108843537416
107.67544217687075
107.61292517006802
107.53925170068027
107.35823129251702
107.31469387755104
107.4161224489796
107.4091156462585
107.32503401360545
107.28170068027211
107.45197278911567
107.63891156462586
107.79170068027211
107.60013605442177
107.60476190476192
107.6656462585034
107.7129931972789
107.50380952380952
107.49312925170068
107.62714285714286
107.61408163265307
107.60482993197279
107.6038775510204
107.63680272108843
107.43816326530612
107.30319727891157
107.36585034013605
107.61442176870747
107.80965986394557
107.93299319727892
107.98795918367347
107.96455782312927
107.8569387755102
107.72455782312926
107.73401360544219
107.60734693877552
107.41013605442177
107.2108843537415
107.0004081632653
106.89265306122448
106.91755102040817
107.08816326530612
107.07496598639456
107.12721088435374
107.04170068027211
107.07224489795918
107.15265306122448
107.25721088435374
107.15619047619047
106.92850340136056
106.74156462585034
106.68340136054422
106.80557823129251
106.77945578231291
106.79068027210886
106.74326530612245
106.69272108843536
106.6404081632653
106.71646258503401
106.80823129251701
106.92278911564627
107.18945578231293
107.59326530612246
107.94231292517007
108.22877551020407
108.34197278911566
108.40673469387755
108.41224489795917
108.4342857142857
108.41251700680273
108.44448979591839
108.52000000000001
108.7430612244898
108.96272108843537
109.19231292517007
109.3895918367347
109.68204081632653
109.88687074829933
109.96646258503401
110.03850340136056
110.12204081632653
110.25061224489797
110.34054421768708
110.41278911564626
110.48319727891158
110.59829931972789
110.86707482993197
111.06163265306124
111.15496598639457
111.23619047619049
111.373537414966
111.6826530612245
111.88163265306123
112.09585034013605
112.26265306122448
112.53115646258503
112.59598639455783
112.6356462585034
112.69224489795918
112.81170068027211
112.94061224489796
113.19761904761904
113.43619047619049
113.85047619047619
114.25707482993198
114.58748299319728
114.7413605442177
114.88884353741497
115.01448979591837
115.0961224489796
115.25952380952381
115.40129251700682
115.50877551020409
115.58795918367348
115.7525850340136
115.92884353741498
116.16632653061225
116.44598639455782
116.73945578231293
117.03170068027211
117.5578911564626
118.12074829931973
118.52238095238096
118.71346938775511
119.05360544217686
119.57
120.00040816326532
120.30136054421769
120.57333333333335
120.82721088435375
121.00197278911565
121.45625850340136
122.12877551020408
122.73455782312925
123.34040816326531
124.0822448979592
124.90081632653062
125.62721088435373
126.35156462585034
127.05823129251701
127.73272108843538
128.65346938775508
129.92836734693878
131.33006802721087
132.61204081632656
133.79095238095238
135.17238095238093
136.63224489795917
138.19448979591834
139.62517006802722
141.14952380952383
142.70897959183674
144.24523809523808
145.7295238095238
147.2991156462585
148.9831292517007
150.65231292517007
152.2925850340136
153.84802721088437
155.3961224489796
156.93292517006802
158.37564625850342
159.57278911564626
160.83027210884353
161.9955782312925
163.09714285714287
164.11040816326528
165.2053741496599
166.18170068027212
166.8944897959184
167.7052380952381
168.47741496598638
169.19503401360544
169.82408163265308
170.5765986394558
171.30734693877554
171.96476190476193
172.61496598639457
173.1486394557823
173.62040816326532
173.9695918367347
174.27115646258503
174.53340136054422
174.85707482993195
175.0665306122449
175.2382993197279
175.42020408163265
175.61156462585035
175.6948979591837
175.83020408163264
175.95408163265307
176.04816326530613
175.99149659863946
176.02979591836734
176.03
175.9356462585034
175.74408163265304
175.5560544217687
175.36414965986395
175.30272108843536
175.2434693877551
175.05625850340135
174.72721088435375
174.39455782312925
174.09877551020412
173.87462585034012
173.7114285714286
173.42088435374149
173.10884353741494
172.8583673469388
172.6398639455782
172.42333333333335
172.04979591836735
171.67489795918368
171.32299319727892
171.0774149659864
170.70353741496598
170.29217687074834
170.03897959183678
169.8078911564626
169.41891156462583
168.9873469387755
168.60755102040815
168.16530612244898
167.62462585034015
167.20442176870748
166.77666666666667
166.3122448979592
165.7016326530612
165.1326530612245
164.53761904761905
164.05387755102043
163.6225850340136
163.21945578231293
162.79469387755103
162.42408163265304
162.11292517006802
161.7736054421769
161.41455782312926
161.08612244897958
160.9912244897959
161.08714285714285
161.1761224489796
161.16210884353742
161.22795918367348
161.32000000000002
161.328231292517
161.49836734693878
161.75306122448978
162.09503401360544
162.3117006802721
162.6869387755102
163.01408163265307
163.44802721088436
163.87734693877553
164.37217687074832
164.90020408163267
165.44659863945577
165.87448979591835
166.2174149659864
166.68414965986398
167.32761904761904
167.91925170068026
168.53312925170067
169.0842857142857
169.7278911564626
170.40891156462587
171.08877551020407
171.67897959183674
172.30931972789116
172.97530612244896
173.55374149659866
174.118231292517
174.85068027210886
175.4574149659864
175.91448979591837
176.3761904761905
176.96523809523813
177.5074149659864
177.9895238095238
178.427074829932
178.84659863945578
179.2640136054422
179.65809523809526
179.99421768707484
180.3512925170068
180.74646258503404
181.0747619047619
181.44020408163266
181.7539455782313
182.02578231292517
182.25142857142856
182.5848299319728
182.81591836734697
183.03095238095239
183.2443537414966
183.58163265306126
183.83673469387753
184.03428571428572
184.14707482993197
184.33925170068025
184.493537414966
184.67081632653063
184.7878911564626
184.99394557823132
185.11068027210882
185.20605442176873
185.2068707482993
185.28285714285715
185.37068027210884
185.40102040816325
185.4725850340136
185.63394557823128
185.74612244897958
185.751768707483
185.7662585034014
185.84625850340137
185.91034013605443
185.90455782312927
185.86108843537414
185.84877551020406
185.93095238095236
185.97421768707483
186.0769387755102
186.14115646258503
186.1678911564626
186.05448979591839
186.10911564625852
186.12911564625853
186.15299319727893
186.0652380952381
186.1568707482993
186.1803401360544
186.23421768707485
186.20027210884354
186.24551020408163
186.27605442176872
186.29156462585036
186.22761904761904
186.2038775510204
186.2443537414966
186.2440136054422
186.18938775510202
186.17544217687075
186.22632653061225
186.2068707482993
186.1022448979592
186.03585034013605
185.93156462585034
185.82993197278913
185.66278911564626
185.61170068027212
185.57333333333332
185.63503401360543
185.6334013605442
185.49938775510205
185.41802721088436
185.3887074829932
185.32299319727892
185.1568707482993
185.01408163265307
184.91068027210883
184.80510204081634
184.72074829931972
184.63503401360543
184.58183673469387
184.5778911564626
184.4687074829932
184.2965986394558
184.17625850340136
184.07959183673472
183.89115646258503
183.7057142857143
183.6456462585034
183.60591836734696
183.52054421768707
183.40632653061226
183.27333333333337
183.09278911564627
182.8916326530612
182.698231292517
182.55761904761903
182.41877551020409
182.3431972789116
182.13666666666668
181.874693877551
181.62897959183675
181.5482993197279
181.4142857142857
181.30578231292515
181.17843537414964
180.96632653061226
180.77768707482994
180.6582993197279
180.55142857142857
180.33367346938778
180.02986394557823
179.72462585034015
179.45755102040818
179.27292517006805
179.06272108843535
178.95789115646258
178.78938775510204
178.52680272108844
178.22190476190477
178.0005442176871
177.83843537414964
177.61020408163262
177.35571428571427
177.07183673469387
176.7983673469388
176.5948299319728
176.48068027210883
176.2473469387755
175.8042176870748
175.30142857142857
175.04496598639457
174.7474829931973
174.5178911564626
174.2425170068027
173.9751020408163
173.5217006802721
173.12244897959184
172.79585034013604
172.4365306122449
172.06734693877553
171.79965986394558
171.56068027210887
171.22755102040816
170.80965986394557
170.40197278911566
169.9699319727891
169.6400680272109
169.35142857142858
169.091768707483
168.7334013605442
168.38210884353742
167.98938775510203
167.71707482993196
167.40687074829933
167.0839455782313
166.7390476190476
166.44544217687076
166.0039455782313
165.54020408163265
165.23380952380953
165.0195238095238
164.70721088435374
164.34489795918367
163.95421768707484
163.57782312925173
163.18605442176872
162.8343537414966
162.42108843537414
162.09319727891156
161.75278911564627
161.4304081632653
161.06367346938777
160.77585034013606
160.49503401360545
160.1866666666667
159.743537414966
159.3740136054422
158.90319727891156
158.57761904761907
158.23285714285714
157.96727891156462
157.49442176870753
157.0821768707483
156.72034013605443
156.38442176870748
155.9621768707483
155.58625850340138
155.11578231292515
154.6895238095238
154.25312925170067
153.89727891156463
153.43884353741498
153.01428571428573
152.65326530612245
152.27299319727894
151.87102040816328
151.4643537414966
151.03884353741495
150.44972789115647
149.77714285714288
149.28074829931973
148.95251700680274
148.57081632653063
148.0969387755102
147.56741496598642
146.92938775510206
146.238231292517
145.60925170068026
145.1370068027211
144.60829931972788
144.08380952380952
143.4457142857143
142.95721088435374
142.33938775510205
141.76482993197277
141.0678231292517
140.4461224489796
139.65768707482994
138.97768707482993
138.25319727891156
137.57190476190476
136.7319047619048
135.9865306122449
135.2362585034014
134.50244897959183
133.71714285714287
132.95088435374151
132.25190476190477
131.52829931972792
130.7908163265306
129.95591836734695
129.18809523809523
128.40408163265306
127.67278911564625
126.87095238095237
126.27278911564626
125.65496598639456
124.96850340136055
124.29986394557824
123.83244897959183
123.47265306122449
123.12965986394559
122.71884353741497
122.26891156462587
121.97517006802721
121.7856462585034
121.4708843537415
121.22700680272109
121.05816326530612
120.79884353741497
120.49952380952381
120.31945578231293
120.18462585034015
120.04408163265308
119.86380952380952
119.70074829931973
119.54789115646261
119.36448979591836
119.06727891156461
118.77741496598638
118.54727891156463
118.28428571428572
117.97020408163266
117.59210884353742
117.23714285714286
116.8965306122449
116.61863945578231
116.3448299319728
115.92972789115646
115.34755102040818
114.89897959183673
114.53517006802721
114.18823129251702
113.66741496598641
113.26346938775511
112.80006802721088
112.3612244897959
111.95965986394559
111.60421768707484
111.14680272108845
110.62074829931973
110.31571428571428
109.9787074829932
109.56768707482993
108.9322448979592
108.43802721088436
108.00823129251701
107.66238095238094
107.21251700680271
106.75748299319729
106.32272108843537
105.85034013605441
105.38442176870748
104.9452380952381
104.49462585034014
103.9565306122449
103.49979591836737
103.19993197278912
102.68857142857144
102.1187074829932
101.65176870748299
101.29006802721088
100.8412925170068
100.40591836734694
100.01517006802723
99.51496598639457
99.13972789115647
98.67156462585035
98.33823129251701
97.94680272108845
97.54687074829934
96.99952380952382
96.45156462585034
95.8887074829932
95.39843537414967
95.07666666666667
94.67891156462585
94.09979591836735
93.55625850340135
93.06068027210884
92.78829931972791
92.4212925170068
91.98734693877552
91.58088435374151
91.30367346938775
90.86496598639457
90.3452380952381
90.03755102040817
89.74931972789116
89.28448979591836
88.77292517006802
88.36054421768708
88.06068027210885
87.66027210884354
87.17979591836735
86.77965986394558
86.4739455782313
86.13156462585033
85.78891156462585
85.465306122449
84.99319727891157
84.41972789115647
83.96931972789116
83.58013605442177
83.11238095238096
82.65020408163267
82.373537414966
82.07401360544218
81.74183673469389
81.28755102040819
80.8831292517007
80.42020408163265
80.1387074829932
79.81591836734694
79.43224489795918
79.08721088435374
78.7540136054422
78.40448979591838
78.0134693877551
77.62884353741497
77.09278911564627
76.71850340136055
76.51170068027211
76.2657142857143
75.87632653061225
75.48836734693877
75.18476190476191
75.02428571428572
74.79591836734693
74.44319727891157
73.97625850340137
73.68353741496598
73.38918367346939
73.09442176870749
72.67054421768708
72.25707482993198
71.83462585034013
71.64306122448978
71.63496598639455
71.4447619047619
71.06965986394559
70.841768707483
70.75251700680272
70.45469387755102
70.17673469387753
70.06244897959185
69.93238095238095
69.70945578231293
69.438231292517
69.13142857142857
68.70442176870748
68.4887074829932
68.27068027210885
68.0921768707483
67.84843537414966
67.58448979591837
67.19482993197279
66.87074829931973
66.72428571428571
66.49503401360545
66.28122448979592
66.01068027210886
65.8161224489796
65.61469387755102
65.42258503401361
65.14197278911564
64.96068027210885
64.78
64.57537414965986
64.38469387755103
64.33789115646258
64.1925850340136
64.09816326530613
63.88945578231292
63.584217687074826
63.31809523809524
63.227278911564625
63.060748299319734
62.779931972789115
62.57081632653062
62.39544217687075
62.28197278911564
62.00884353741497
61.81068027210885
61.644353741496595
61.67224489795919
61.524897959183676
61.46721088435375
61.38306122448979
61.27503401360544
61.06108843537415
60.92421768707483
60.83972789115647
60.731360544217694
60.43843537414966
60.21768707482994
60.032312925170075
59.91374149659865
59.699455782312924
59.694761904761904
59.61
59.51673469387755
59.42727891156463
59.36687074829932
59.240272108843534
59.084421768707486
58.988503401360546
58.86775510204082
58.71088435374149
58.59748299319728
58.56646258503402
58.629387755102044
58.55068027210884
58.462653061224486
58.34911564625851
58.202993197278914
58.06721088435375
57.96761904761905
57.893537414965984
57.69639455782313
57.517891156462596
57.45394557823129
57.48326530612245
57.560544217687074
57.63816326530612
57.614285714285714
57.51156462585034
57.372993197278916
57.39959183673469
57.4834693877551
57.4965306122449
57.332244897959185
57.192040816326525
57.082789115646264
57.02312925170068
56.9230612244898
56.79489795918367
56.718707482993196
56.71578231292517
56.79462585034014
56.86904761904762
57.019387755102045
56.961700680272116
56.83986394557824
56.74034013605443
56.770204081632656
56.690340136054424
56.54979591836735
56.419115646258504
56.48285714285714
56.61210884353741
56.69925170068027
56.76789115646258
56.78190476190476
56.75666666666667
56.75517006802721
56.754285714285714
56.657278911564624
56.70006802721089
56.90707482993198
56.986530612244906
56.89517006802721
56.950476190476195
57.095170068027215
57.17408163265306
57.109591836734694
57.28857142857144
57.479727891156465
57.6325850340136
57.539183673469395
57.64530612244898
57.9195918367347
58.12231292517007
58.158707482993194
58.13945578231293
58.33639455782313
58.55619047619048
58.80789115646259
58.82877551020408
58.89775510204082
59.1404761904762
59.46265306122449
59.56945578231293
59.620816326530615
59.58285714285715
59.661428571428566
59.82278911564626
60.085918367346935
60.275442176870754
60.49244897959184
60.66285714285715
60.76993197278911
60.74816326530612
60.795850340136056
60.9556462585034
61.25190476190477
61.460204081632654
61.62489795918368
61.69578231292518
61.81197278911565
61.95972789115647
62.08163265306122
62.16462585034014
62.33489795918368
62.53625850340137
62.67585034013605
62.84034013605442
63.067142857142855
63.28659863945578
63.414353741496605
63.47231292517007
63.48482993197278
63.454965986394555
63.535986394557824
63.69979591836735
63.887414965986395
63.98170068027211
63.96904761904763
63.99428571428572
64.18659863945578
64.3757142857143
64.3691836734694
64.20299319727891
64.30619047619047
64.49455782312926
64.58959183673468
64.61646258503401
64.5734693877551
64.5413605442177
64.64700680272111
64.88353741496599
64.85551020408164
64.6847619047619
64.63952380952381
64.71619047619048
64.78136054421769
64.79414965986395
64.79183673469387
64.82476190476191
64.86802721088435
64.75027210884353
64.69714285714285
64.65469387755104
64.6700680272109
64.62673469387755
64.67027210884353
64.77136054421769
64.81496598639455
64.83231292517007
64.70857142857142
64.66632653061225
64.50299319727891
64.42659863945579
64.29775510204082
64.3152380952381
64.31673469387755
64.22755102040816
63.98292517006803
63.799387755102046
63.64401360544218
63.584693877551025
63.578979591836735
63.492380952380955
63.2078231292517
63.074557823129254
63.169931972789115
63.18857142857143
63.03312925170068
62.64727891156463
62.473673469387755
62.36462585034013
62.431972789115655
62.299183673469386
62.211292517006804
62.14285714285714
62.169659863945576
62.037142857142854
61.79299319727891
61.68047619047619
61.58265306122449
61.54408163265306
61.42034013605442
61.36156462585035
61.19557823129252
61.037823129251706
60.90789115646259
60.996598639455776
61.02047619047619
60.91632653061225
60.688707482993195
60.471224489795915
60.231632653061226
60.07482993197279
59.99673469387754
59.90605442176871
59.94979591836734
59.93829931972789
59.924285714285716
59.70448979591837
59.61442176870749
59.43965986394558
59.31455782312925
59.1443537414966
59.13496598639456
58.96585034013605
58.77557823129251
58.609863945578226
58.564965986394554
58.47761904761906
58.42006802721089
58.28136054421769
58.24115646258504
58.14251700680273
58.07816326530612
57.76040816326531
57.54904761904762
57.45585034013606
57.439727891156465
57.45088435374149
57.248503401360544
57.16952380952381
57.01863945578231
57.01666666666667
56.793673469387755
56.60993197278912
56.42673469387755
56.273061224489794
56.208503401360545
56.100748299319726
55.870816326530615
55.59238095238095
55.58081632653062
55.670476190476194
55.55122448979593
55.25571428571429
54.96204081632653
54.98605442176871
55.10809523809524
55.10639455782313
54.91972789115647
54.86224489795919
54.91122448979592
54.875238095238096
54.83020408163265
54.71149659863946
54.633197278911574
54.64421768707483
54.756462585034015
54.80666666666667
54.76482993197279
54.74469387755102
54.79027210884354
54.779319727891156
54.67965986394558
54.69285714285715
54.82938775510204
54.88836734693878
54.79544217687075
54.852312925170075
54.8765306122449
54.86
54.821496598639456
54.96496598639456
55.026598639455784
55.05510204081632
55.096870748299324
55.27646258503402
55.36183673469389
55.42659863945578
55.4208843537415
55.61244897959183
55.733877551020406
55.78605442176871
55.72598639455782
55.87639455782313
55.99340136054421
56.09789115646259
56.157006802721085
56.21272108843537
56.274353741496604
56.428435374149664
56.60727891156463
56.772721088435375
57.02503401360545
57.28013605442177
57.37414965986396
57.489183673469384
57.62292517006803
57.85326530612245
58.09993197278913
58.2295918367347
58.367278911564625
58.51265306122449
58.74918367346939
58.89421768707483
59.123605442176874
59.40863945578232
59.73925170068028
60.03700680272108
60.33210884353741
60.49863945578231
60.72700680272109
60.967074829931974
61.242653061224495
61.46034013605443
61.793673469387755
62.09265306122449
62.34727891156463
62.73585034013606
63.08496598639456
63.224965986394565
63.233809523809526
63.44959183673469
63.69244897959183
64.02578231292517
64.24714285714286
64.68666666666667
65.00054421768708
65.40333333333334
65.72680272108843
66.061768707483
66.22884353741497
66.44748299319728
66.80319727891157
67.1360544217687
67.45870748299319
67.64278911564625
67.89979591836735
68.19095238095238
68.68312925170068
69.11809523809524
69.56659863945578
69.86591836734694
70.1765306122449
70.48721088435374
70.88931972789115
71.15850340136053
71.43095238095239
71.68843537414966
72.04176870748299
72.33387755102041
72.6456462585034
72.82707482993197
72.96265306122449
73.20605442176871
73.51993197278912
73.72278911564626
73.81170068027211
73.86993197278912
74.09557823129252
74.4556462585034
74.83
75.01891156462585
75.18625850340136
75.52285714285715
75.86707482993197
76.06231292517006
76.4121768707483
76.72040816326532
77.05142857142857
77.29775510204082
77.61408163265307
77.74136054421768
78.0052380952381
78.32938775510203
78.4561224489796
78.51380952380953
78.74843537414965
79.05789115646259
79.3191836734694
79.57965986394558
79.87183673469389
80.17707482993197
80.5308843537415
80.95795918367347
81.32108843537415
81.61312925170068
81.89639455782313
82.31108843537416
82.63176870748299
82.92163265306124
83.19972789115647
83.65374149659864
84.20278911564625
84.7174149659864
85.22265306122449
85.58578231292516
85.96013605442178
86.25
86.73204081632653
87.31163265306122
87.97510204081632
88.49435374149661
89.17346938775512
89.93394557823129
90.7295918367347
91.48476190476191
92.46258503401361
93.59244897959184
94.7129931972789
96.01836734693879
97.42571428571429
98.9891836734694
100.47020408163267
102.00054421768708
103.51176870748299
105.06068027210884
106.6812925170068
108.37326530612245
109.98931972789117
111.41149659863946
112.67408163265307
113.55442176870748
113.96210884353741
114.01931972789117
114.17850340136056
114.3312925170068
114.5256462585034
114.66285714285715
114.89571428571429
115.0713605442177
115.16945578231292
115.22204081632654
115.25414965986396
115.28251700680273
115.40632653061226
115.55442176870748
115.68659863945577
115.88238095238094
116.01693877551023
116.13571428571429
116.19850340136054
116.25843537414966
116.22204081632654
116.45734693877552
116.75904761904764
116.93156462585034
117.03299319727891
117.03306122448978
117.04993197278912
117.0547619047619
117.42619047619048
117.68394557823129
117.98897959183674
118.07510204081632
118.38360544217687
118.40625850340136
118.24020408163267
117.80285714285715
117.24829931972789
116.53387755102041
115.66714285714286
114.7648299319728
113.67605442176871
112.95761904761905
112.45639455782313
111.94353741496599
110.9256462585034
109.6513605442177
108.11476190476192
106.26299319727892
104.09442176870749
101.97054421768706
100.06721088435376
98.40619047619047
96.67857142857143
94.94598639455782
93.07448979591837
91.26210884353742
89.64496598639457
88.30884353741499
87.16462585034014
85.78571428571429
84.26115646258503
82.75952380952381
81.26408163265307
79.798231292517
78.27897959183673
76.77095238095238
75.40768707482994
74.24918367346939
73.12918367346938
71.69020408163266
70.29972789115646
69.02952380952381
67.97489795918368
66.92068027210884
65.62904761904763
64.39170068027212
63.120000000000005
62.06918367346939
61.1052380952381
60.14605442176871
59.257006802721094
58.58585034013606
58.27149659863946
57.88013605442177
57.53707482993197
56.818503401360545
56.060204081632655
55.193061224489796
54.36823129251701
53.24938775510205
52.01244897959184
50.65850340136054
49.13993197278912
47.613061224489776
46.501496598639434
