165.28384353741498
165.57653061224485
165.64115646258503
165.60306122448978
165.4700680272109
165.38027210884354
165.23761904761903
165.22414965986394
165.22551020408164
165.3660544217687
165.36904761904762
165.2982993197279
165.04292517006803
164.8396598639456
164.59238095238095
164.46469387755104
164.48639455782313
164.58013605442179
164.74374149659866
164.86979591836737
164.8251700680272
164.563537414966
164.37789115646262
164.37285714285719
164.40204081632655
164.41108843537415
164.41387755102042
164.40081632653062
164.37204081632655
164.40170068027214
164.45850340136053
164.40748299319728
164.30632653061224
164.2359863945578
164.20591836734695
164.10285714285715
163.99142857142857
163.90224489795915
163.8660544217687
163.94544217687076
164.15775510204082
164.39013605442176
164.43333333333334
164.50972789115644
164.61850340136056
164.67925170068028
164.64013605442176
164.59374149659865
164.5804081632653
164.50210884353743
164.5057142857143
164.53578231292516
164.65918367346939
164.69374149659865
164.5974149659864
164.5552380952381
164.61496598639457
164.76204081632653
164.79034013605443
164.78782312925168
164.70945578231292
164.71891156462584
164.78639455782312
164.85721088435372
164.9165986394558
164.8565986394558
164.83755102040817
164.8834013605442
165.02897959183673
164.90823129251703
164.67204081632653
164.41000000000003
164.3742857142857
164.4927210884354
164.60938775510203
164.50687074829932
164.42061224489797
164.54673469387757
164.657074829932
164.68251700680273
164.7109523809524
164.747074829932
164.60115646258504
164.42557823129252
164.3240136054422
164.2499319727891
164.1549659863946
164.17775510204083
164.2873469387755
164.3834693877551
164.48721088435377
164.62462585034015
164.76278911564629
164.95326530612246
165.0538775510204
165.0357142857143
164.96503401360545
164.93170068027212
164.7726530612245
164.76013605442176
164.89
165.0308163265306
164.9973469387755
165.1221088435374
165.23809523809524
165.4038095238095
165.52319727891157
165.78068027210884
166.02972789115648
166.33258503401362
166.72204081632654
166.96605442176872
167.22251700680272
167.53108843537416
168.02993197278914
168.35197278911568
168.59122448979593
168.83482993197282
169.04755102040815
169.2634013605442
169.58537414965986
170.00081632653064
170.2478911564626
170.4912925170068
170.9365306122449
171.37836734693877
171.71775510204083
171.97149659863945
172.16931972789115
172.2604081632653
172.51435374149662
172.88877551020408
173.2030612244898
173.42340136054423
173.6591156462585
173.9543537414966
174.331768707483
174.7578231292517
175.0929931972789
175.4048299319728
175.83496598639454
176.46938775510202
177.14761904761903
177.75034013605443
178.12061224489798
178.4474829931973
178.8095238095238
179.38129251700678
179.93918367346942
180.47367346938776
180.8700680272109
181.2618367346939
181.68170068027212
182.04884353741497
182.33680272108842
182.54319727891158
183.02081632653062
183.65605442176872
184.2704761904762
184.77625850340138
185.36448979591836
186.1752380952381
187.02244897959184
187.85598639455787
188.68625850340138
189.5687755102041
190.38809523809522
191.14551020408163
191.92578231292518
192.64666666666665
193.3244217687075
194.03836734693877
194.73523809523806
195.48020408163265
196.18544217687074
196.98993197278912
197.74687074829933
198.55850340136055
199.3183673469388
200.17782312925172
201.00244897959186
201.81557823129253
202.6556462585034
203.6004761904762
204.49081632653062
205.36353741496598
206.25340136054425
207.15544217687074
208.0191156462585
208.92904761904765
209.85190476190476
210.69020408163266
211.4978911564626
212.30061224489793
213.11591836734692
213.97857142857146
214.81088435374153
215.65646258503403
216.45428571428573
217.26414965986393
217.9569387755102
218.7061224489796
219.42455782312925
220.15721088435373
220.8138095238095
221.43585034013606
221.9812925170068
222.58149659863946
223.1051700680272
223.65666666666667
224.14408163265307
224.67360544217686
225.08489795918368
225.53993197278913
225.87857142857143
226.31068027210884
226.72170068027214
227.14333333333332
227.4231292517007
227.73285714285714
228.01367346938775
228.30911564625853
228.56897959183675
228.84197278911566
229.01795918367344
229.2055102040816
229.411156462585
229.6108163265306
229.6577551020408
229.70020408163265
229.7721088435374
229.88272108843537
230.00510204081633
230.1191156462585
230.10496598639457
230.08523809523808
230.08156462585035
230.02802721088437
229.96768707482994
229.89782312925172
229.831768707483
229.71074829931973
229.605306122449
229.44374149659865
229.2413605442177
229.04551020408164
228.8689795918367
228.6491156462585
228.38238095238094
228.10115646258504
227.84809523809525
227.57768707482995
227.2904761904762
226.98523809523812
226.64299319727894
226.3344217687075
225.96428571428575
225.54979591836735
225.08408163265307
224.68625850340135
224.3182993197279
223.91775510204084
223.42911564625854
222.93598639455783
222.48761904761906
222.06068027210884
221.53217687074832
221.02959183673468
220.5525170068027
220.06659863945578
219.46061224489796
218.9065986394558
218.3508163265306
217.85367346938776
217.37272108843536
216.89061224489797
216.27204081632655
215.7091836734694
215.2104761904762
214.80380952380955
214.37333333333333
213.91442176870748
213.3460544217687
212.86496598639457
212.48918367346937
212.06591836734694
211.61544217687077
211.23904761904762
210.93278911564624
210.48517006802723
210.04789115646258
209.7052380952381
209.39931972789117
209.05027210884356
208.7930612244898
208.558231292517
208.30850340136055
208.0463945578231
207.83795918367346
207.6200680272109
207.44333333333336
207.2808163265306
207.146462585034
207.00285714285715
206.8191836734694
206.59285714285716
206.4810204081633
206.42938775510206
206.35061224489797
206.32510204081632
206.32360544217687
206.32877551020408
206.30612244897958
206.29972789115646
206.3343537414966
206.44299319727892
206.54210884353745
206.52013605442178
206.5626530612245
206.66102040816327
206.76156462585033
206.79299319727892
206.83414965986395
206.8586394557823
206.95292517006806
207.04326530612244
207.1391836734694
207.17108843537417
207.20591836734692
207.25448979591837
207.3461224489796
207.4069387755102
207.50190476190477
207.57027210884354
207.66734693877552
207.72129251700682
207.75571428571428
207.77319727891157
207.8170068027211
207.9110204081633
207.94469387755103
207.9748299319728
207.98489795918368
208.0378911564626
208.08517006802722
208.0965306122449
208.16734693877555
208.19972789115644
208.19034013605443
208.1573469387755
208.25680272108843
208.30727891156465
208.30448979591836
208.27823129251703
208.27891156462587
208.27020408163267
208.2826530612245
208.3271428571429
208.37312925170068
208.42850340136053
208.49
208.48666666666668
208.3938775510204
208.35904761904763
208.41598639455782
208.41673469387757
208.3613605442177
208.30544217687077
208.27986394557823
208.2226530612245
208.25897959183672
208.2387074829932
208.20149659863947
208.16687074829932
208.17761904761906
208.18115646258502
208.13523809523807
208.11564625850338
208.07421768707482
208.0452380952381
208.04034013605443
208.09877551020406
208.11857142857144
208.0634693877551
207.98557823129252
207.95891156462585
207.96299319727893
207.937074829932
207.84285714285716
207.7778911564626
207.7744217687075
207.73435374149662
207.6491156462585
207.5621768707483
207.48149659863947
207.4078231292517
207.3274149659864
207.21911564625853
207.12761904761902
207.14625850340133
207.14197278911564
207.0075510204082
206.90006802721092
206.80095238095237
206.7273469387755
206.57748299319726
206.50972789115647
206.4639455782313
206.48197278911567
206.41523809523807
206.2865306122449
206.1539455782313
206.02748299319728
205.88517006802724
205.8256462585034
205.74027210884356
205.59047619047618
205.38061224489797
205.30925170068028
205.26863945578233
205.18197278911566
205.00455782312926
204.94156462585036
204.88020408163266
204.75714285714287
204.5308843537415
204.31224489795918
204.17292517006803
204.08673469387753
203.98850340136056
203.7879591836735
203.64054421768708
203.50687074829932
203.381768707483
203.178231292517
203.0315646258503
202.85380952380953
202.66768707482993
202.49496598639456
202.33544217687074
202.15102040816328
201.9383673469388
201.78809523809525
201.6142176870748
201.40204081632655
201.10707482993195
200.85931972789115
200.67925170068025
200.5687074829932
200.38421768707485
200.1369387755102
199.8536054421769
199.65353741496597
199.4422448979592
199.17619047619047
198.8574149659864
198.6391836734694
198.49918367346942
198.35993197278913
198.07326530612247
197.7365306122449
197.4278231292517
197.154693877551
196.9161224489796
196.70258503401362
196.44761904761904
196.1394557823129
195.84217687074832
195.55585034013603
195.19809523809525
194.83428571428573
194.5944217687075
194.39598639455784
194.2008163265306
193.8805442176871
193.52544217687074
193.1818367346939
192.94809523809522
192.64904761904762
192.34761904761905
192.0852380952381
191.82809523809522
191.48727891156466
191.18061224489796
190.90197278911566
190.56231292517006
190.20904761904762
189.85571428571427
189.63319727891158
189.37687074829932
189.1001360544218
188.70775510204084
188.4104761904762
188.10176870748296
187.7255782312925
187.26544217687078
186.8926530612245
186.57408163265308
186.32353741496598
186.07360544217687
185.77020408163267
185.38850340136054
185.10700680272112
184.90401360544217
184.6077551020408
184.2278231292517
183.88510204081632
183.5512925170068
183.18891156462587
182.81632653061223
182.44653061224489
182.0378911564626
181.72047619047618
181.42285714285714
181.06761904761908
180.67054421768708
180.31986394557828
179.9427210884354
179.54544217687075
179.2274829931973
178.99843537414966
178.69965986394558
178.29972789115646
177.8486394557823
177.44768707482996
177.11251700680273
176.78850340136054
176.46333333333337
176.10884353741497
175.69231292517009
175.1925850340136
174.7334013605442
174.39068027210885
174.09952380952382
173.74442176870747
173.36115646258503
172.9626530612245
172.54156462585036
172.08455782312927
171.72013605442177
171.36380952380955
170.93496598639456
170.4597278911565
170.01442176870748
169.49598639455783
169.0761224489796
168.72598639455785
168.36292517006802
167.92965986394557
167.46653061224492
167.07299319727892
166.68068027210884
166.3344897959184
165.8570068027211
165.30748299319728
164.78646258503403
164.3456462585034
163.94809523809525
163.51632653061225
163.05972789115646
162.59721088435376
162.06496598639455
161.49891156462587
160.97496598639458
160.5826530612245
160.18795918367346
159.7457142857143
159.34238095238095
158.94190476190477
158.47204081632657
157.9834013605442
157.5536054421769
157.07408163265308
156.58993197278912
156.07278911564626
155.61544217687074
155.2039455782313
154.785306122449
154.3221768707483
153.80020408163267
153.3904081632653
152.88795918367347
152.4539455782313
151.99591836734697
151.58469387755105
151.07428571428574
150.5913605442177
150.14802721088435
149.79054421768708
149.423537414966
148.9999319727891
148.57952380952383
148.23564625850344
147.89517006802723
147.51557823129252
147.08530612244897
146.55761904761906
146.11380952380952
145.8210204081633
145.59639455782315
145.2326530612245
144.8140136054422
144.3314285714286
143.91755102040818
143.55183673469386
143.22993197278913
142.78795918367348
142.35319727891158
141.98877551020408
141.67190476190478
141.26891156462585
140.91074829931972
140.58897959183673
140.3012925170068
140.0104761904762
139.6865306122449
139.26142857142858
138.7926530612245
138.41544217687076
138.0873469387755
137.71891156462587
137.29197278911565
137.00408163265305
136.68517006802722
136.2178231292517
135.73204081632653
135.43959183673468
135.1578231292517
134.7682993197279
134.40020408163267
134.01462585034014
133.67843537414967
133.2869387755102
132.87925170068024
132.43013605442175
132.0391156462585
131.65979591836737
131.27197278911564
130.93612244897957
130.56517006802721
130.20197278911564
129.77666666666664
129.43136054421768
128.97197278911563
128.4982993197279
128.03346938775508
127.6543537414966
127.29272108843539
126.98
126.67244897959185
126.18666666666667
125.71183673469389
125.38428571428571
125.12047619047621
124.75578231292516
124.31768707482993
123.91591836734695
123.55809523809525
123.23170068027211
122.95918367346938
122.60068027210883
122.21061224489796
121.81496598639455
121.5591156462585
121.29081632653062
120.98612244897959
120.5865306122449
120.24421768707484
119.97115646258503
119.69802721088435
119.29870748299321
118.88319727891157
118.56857142857143
118.24238095238096
117.78462585034013
117.2582993197279
116.94564625850342
116.7665306122449
116.54843537414966
116.11374149659865
115.6969387755102
115.36544217687074
115.07251700680271
114.67170068027211
114.35816326530612
114.07102040816326
113.8257142857143
113.44197278911565
113.16421768707484
112.83183673469387
112.61312925170068
112.26197278911565
111.99537414965987
111.63442176870748
111.3377551020408
111.00598639455782
110.69319727891155
110.4295238095238
110.25503401360544
110.04013605442178
109.67027210884355
109.3670068027211
109.08285714285716
108.84755102040818
108.5374149659864
108.30863945578231
108.04244897959182
107.85952380952382
107.61972789115647
107.3265986394558
107.04476190476191
106.86707482993197
106.76959183673469
106.57877551020408
106.30442176870748
105.90972789115645
105.6756462585034
105.50829931972791
105.52401360544218
105.26959183673469
104.9808843537415
104.5931292517007
104.30761904761906
104.04027210884354
103.82639455782314
103.57428571428571
103.33755102040817
103.19823129251702
103.02442176870748
102.86367346938775
102.73333333333333
102.5821768707483
102.46721088435375
102.35442176870748
102.06095238095239
101.7382993197279
101.59496598639456
101.48292517006801
101.33108843537416
101.1978231292517
101.06210884353743
100.92639455782314
100.66632653061225
100.64414965986393
100.65224489795918
100.52136054421769
100.10931972789115
99.94068027210884
99.9152380952381
99.74802721088437
99.56217687074829
99.4856462585034
99.48666666666668
99.27197278911565
99.02795918367347
98.8382993197279
98.80272108843539
98.72408163265305
98.57251700680273
98.47367346938775
98.41102040816327
98.2917006802721
98.13891156462586
98.01816326530613
97.99625850340135
97.92904761904762
97.8374149659864
97.57115646258504
97.29292517006803
97.04768707482994
96.94455782312926
96.97095238095238
97.0260544217687
96.97278911564626
96.94605442176871
96.901768707483
96.82489795918366
96.72360544217688
96.7282993197279
96.73292517006803
96.69938775510205
96.6504761904762
96.52816326530612
96.42326530612245
96.27700680272109
96.2496598639456
96.24292517006803
96.41326530612245
96.56319727891156
96.61292517006804
96.44945578231292
96.34972789115648
96.34102040816327
96.30251700680272
96.20156462585035
96.27394557823129
96.37387755102041
96.42877551020408
96.49469387755101
96.561768707483
96.49231292517007
96.41707482993198
96.49632653061225
96.59571428571428
96.60285714285715
96.58700680272108
96.67360544217686
96.75659863945579
96.77748299319728
96.9204761904762
97.07693877551021
97.20367346938775
97.30278911564626
97.55986394557823
97.66136054421769
97.85823129251702
97.99591836734695
98.09142857142858
98.14115646258504
98.37993197278912
98.52346938775511
98.67360544217688
99.01013605442176
99.40265306122448
99.68360544217688
99.87904761904761
100.08170068027212
100.2900680272109
100.6196598639456
101.03197278911566
101.41095238095238
101.76462585034012
102.10408163265308
102.47340136054422
102.76027210884354
103.02462585034013
103.33612244897961
103.83823129251701
104.44462585034015
104.94231292517007
105.25721088435374
105.42414965986394
105.71986394557824
106.32061224489797
106.98836734693879
107.4234693877551
107.7382993197279
108.26462585034012
108.83374149659863
109.27721088435375
109.63891156462584
110.15591836734694
110.71190476190478
111.27163265306123
111.86578231292518
112.3386394557823
112.67020408163266
113.0178231292517
113.66020408163266
114.16129251700681
114.44204081632654
114.5743537414966
114.9621768707483
115.498231292517
115.88272108843537
116.1748299319728
116.58374149659863
117.13027210884356
117.66455782312926
118.03142857142856
118.35843537414966
118.65925170068027
118.90639455782313
119.21489795918367
119.61421768707483
120.015306122449
120.27149659863946
120.66462585034013
121.06476190476192
121.29068027210886
121.5152380952381
121.95006802721088
122.51557823129252
122.84272108843538
122.95632653061224
123.08673469387755
123.38272108843539
123.80299319727891
124.17857142857143
124.43632653061225
124.6570068027211
124.87421768707483
125.05585034013606
125.28476190476192
125.49585034013606
125.81401360544217
126.11761904761904
126.5343537414966
126.83340136054423
127.06455782312926
127.19496598639455
127.39585034013605
127.61707482993198
127.84911564625851
128.17850340136056
128.443537414966
128.6118367346939
128.79823129251702
129.1055102040816
129.35680272108846
129.5374829931973
129.74136054421768
130.01408163265307
130.16986394557821
130.3004761904762
130.3644897959184
130.47530612244898
130.57707482993197
130.78496598639455
130.91190476190476
130.9708843537415
130.95367346938775
130.9172789115646
130.90530612244896
130.89537414965986
130.79632653061225
130.67863945578233
130.64646258503402
130.5999319727891
130.51231292517008
130.31156462585034
130.1083673469388
129.8403401360544
129.54993197278912
129.30925170068028
129.10802721088436
128.95510204081634
128.7521768707483
128.52108843537414
128.1295918367347
127.74394557823129
127.4178231292517
127.13571428571427
126.75680272108843
126.31074829931973
125.83551020408164
125.41299319727892
124.97666666666666
124.47802721088436
124.0382993197279
123.64741496598639
123.25809523809525
122.78721088435375
122.32802721088434
121.87074829931973
121.3974149659864
120.90972789115648
120.42401360544217
120.00081632653061
119.71673469387756
119.33884353741496
118.77714285714285
118.08884353741496
117.56442176870749
117.10612244897959
116.75013605442177
116.46340136054422
116.26217687074828
115.87829931972789
115.47544217687076
115.03278911564627
114.65156462585034
114.17469387755102
113.79625850340136
113.37632653061226
113.02136054421769
112.79639455782312
112.62054421768707
112.19081632653061
111.6973469387755
111.35707482993197
111.02054421768707
110.68598639455782
110.28755102040816
110.03972789115647
109.77489795918369
109.38795918367347
108.9643537414966
108.68442176870748
108.45197278911564
108.02095238095238
107.74625850340136
107.60326530612244
107.26278911564627
106.75455782312926
106.43748299319729
106.29585034013607
106.03986394557823
105.73190476190476
105.32972789115647
104.96244897959184
104.6
104.42564625850339
104.1874149659864
103.93687074829933
103.57544217687074
103.23414965986396
102.97605442176871
102.90292517006803
102.81190476190477
102.62959183673469
102.42625850340136
102.2313605442177
101.98176870748298
101.79238095238095
101.75
101.6491836734694
101.41476190476192
101.19034013605443
101.11748299319729
101.03061224489798
100.8457142857143
100.49244897959184
100.45238095238096
100.34401360544219
100.24176870748299
100.0365306122449
100.0526530612245
99.96000000000001
99.87074829931973
99.86795918367346
99.93476190476191
99.90537414965988
99.88013605442177
99.85632653061225
99.81482993197278
99.68836734693878
99.688231292517
99.68455782312927
99.81625850340137
99.86904761904762
99.79482993197279
99.58149659863945
99.61149659863945
99.5456462585034
99.44238095238094
99.39238095238095
99.53530612244899
99.61809523809524
99.68156462585034
99.69190476190478
99.73374149659864
99.87945578231293
100.04843537414968
100.07421768707484
100.05632653061224
100.07748299319728
100.08333333333333
100.06673469387755
100.11462585034013
100.27646258503401
100.43775510204082
100.60612244897959
100.69707482993198
100.88251700680273
101.0796598639456
101.22775510204083
101.31462585034014
101.42367346938777
101.59680272108844
101.70782312925171
101.87700680272108
101.91102040816327
102.07693877551023
102.34108843537416
102.64380952380952
102.77489795918369
102.8708843537415
103.01734693877552
103.16000000000001
103.32734693877552
103.5034693877551
103.65639455782312
103.77537414965987
103.91442176870748
103.96428571428572
103.8678231292517
103.94272108843538
104.23074829931974
104.471768707483
104.52197278911564
104.68299319727892
104.87993197278912
105.0621768707483
105.18727891156463
105.41448979591837
105.59210884353742
105.8739455782313
106.2295918367347
106.46108843537415
106.50979591836736
106.65891156462587
107.10659863945578
107.42231292517006
107.65870748299321
107.73748299319729
107.84156462585034
107.86591836734695
108.10727891156463
108.37517006802722
108.58768707482994
108.71360544217688
108.89476190476192
109.1139455782313
109.30414965986395
109.51918367346939
109.77074829931973
109.98428571428572
110.08986394557824
110.27244897959184
110.39170068027211
110.47380952380952
110.49197278911564
110.7973469387755
111.0526530612245
111.29816326530613
111.45680272108845
111.71850340136055
111.83047619047618
111.99238095238094
112.22462585034013
112.52727891156462
112.86068027210885
113.13904761904763
113.31360544217688
113.46251700680273
113.66108843537415
113.84292517006804
114.07190476190476
114.2812925170068
114.50244897959183
114.84727891156462
115.24156462585034
115.57251700680271
115.87068027210884
116.23823129251701
116.65068027210884
117.10904761904763
117.56489795918367
117.92646258503402
118.44993197278912
118.92530612244899
119.4161904761905
119.76142857142858
120.27122448979593
120.79401360544219
121.40414965986395
121.9761224489796
122.4169387755102
122.89142857142858
123.52142857142857
124.43857142857144
125.21517006802722
125.97068027210885
126.52673469387756
127.26591836734694
128.1551020408163
129.15333333333334
130.15108843537413
131.32707482993197
132.691768707483
133.87761904761902
135.05510204081634
136.47863945578231
138.18816326530612
140.06721088435376
141.8901360544218
143.61469387755105
145.138231292517
146.75448979591835
148.3795238095238
149.8642857142857
151.02891156462584
152.03251700680272
152.8082993197279
153.31557823129253
153.57374149659864
153.74163265306123
153.82149659863947
153.92755102040815
154.1182993197279
154.41462585034014
154.70979591836735
154.83013605442176
154.83408163265307
154.85285714285715
155.08176870748298
155.45904761904762
156.07904761904763
156.71857142857144
157.47319727891158
158.3917006802721
159.3929931972789
160.40571428571428
161.30102040816325
162.2390476190476
162.8601360544218
163.58176870748298
164.25217687074831
164.8951700680272
165.1704081632653
165.50836734693877
165.88598639455785
166.26285714285714
166.56197278911566
166.8578231292517
167.29115646258504
167.9230612244898
168.50510204081633
168.80401360544218
168.8265306122449
168.70707482993197
168.60163265306124
168.54
168.49285714285713
168.27870748299318
168.12074829931973
167.78190476190477
167.3647619047619
166.7616326530612
165.9830612244898
164.54986394557824
162.46244897959184
159.86054421768705
157.1160544217687
154.36632653061224
151.677074829932
148.9048299319728
146.23510204081634
143.50306122448978
140.82285714285712
138.0451020408163
135.38931972789115
132.8525850340136
130.48448979591836
128.01938775510203
125.60721088435375
123.33428571428573
121.14183673469388
118.8604081632653
116.70625850340136
114.84877551020409
112.96591836734694
110.8912925170068
108.66551020408163
106.64884353741498
104.69190476190477
102.76517006802722
100.7225850340136
98.60027210884354
96.36435374149659
94.47129251700679
92.74551020408164
91.22374149659865
89.52537414965985
87.9356462585034
86.48061224489796
85.6121768707483
85.1356462585034
84.61074829931974
83.65333333333334
82.40489795918367
81.0191836734694
79.35721088435375
77.55571428571429
75.74000000000001
73.86544217687074
71.89687074829932
70.01081632653057
68.3157482993197
