188.5173469387755
188.75442176870737
189.31122448979593
189.81625850340134
190.12047619047618
190.3244897959184
190.5817006802721
190.71482993197282
190.81836734693877
190.9473469387755
191.02809523809523
190.93938775510205
190.82204081632653
190.70374149659864
190.5192517006803
190.4934013605442
190.58054421768708
190.79523809523806
190.8870068027211
190.94993197278913
190.78680272108846
190.5179591836735
190.3078231292517
190.29496598639457
190.38319727891155
190.43074829931973
190.44129251700681
190.4461224489796
190.49755102040817
190.5356462585034
190.4309523809524
190.31428571428572
190.23095238095237
190.16231292517008
190.10047619047617
190.0748299319728
190.00585034013605
189.86074829931977
189.78897959183672
189.7887755102041
189.88068027210886
189.9839455782313
190.0587755102041
190.02115646258503
189.953537414966
189.84891156462584
189.69952380952384
189.64333333333335
189.6627210884354
189.6525170068027
189.5838775510204
189.52959183673468
189.60809523809525
189.743537414966
189.91823129251702
189.9730612244898
189.99938775510202
190.0054421768707
190.05897959183673
190.16918367346938
190.2660544217687
190.2482993197279
190.1343537414966
190.14102040816329
190.20537414965986
190.19108843537416
190.183537414966
190.22170068027208
190.26523809523812
190.26081632653063
190.24938775510205
190.16591836734693
190.1074829931973
190.21761904761905
190.40251700680275
190.55326530612246
190.61639455782313
190.68204081632655
190.66687074829935
190.63047619047617
190.67197278911564
190.7026530612245
190.6878231292517
190.65108843537416
190.77625850340138
190.9113605442177
190.9766666666667
191.00306122448978
191.10496598639452
191.16897959183675
191.16496598639458
191.22680272108846
191.39802721088435
191.48489795918368
191.46340136054422
191.34891156462584
191.28238095238095
191.1812925170068
191.18074829931976
191.27904761904765
191.44721088435375
191.59897959183675
191.78904761904764
192.01687074829934
192.2355102040816
192.47251700680272
192.6972789115646
192.9055782312925
193.19231292517009
193.53068027210887
193.86367346938778
194.04789115646258
194.1893197278912
194.34544217687076
194.53755102040816
194.71040816326527
194.94489795918366
195.3121088435374
195.75816326530614
196.1321768707483
196.46523809523808
196.90965986394556
197.42047619047622
197.81503401360544
198.0479591836735
198.2778911564626
198.62442176870752
199.0144897959184
199.33224489795919
199.55625850340135
199.84448979591838
200.2434693877551
200.67714285714285
201.0938095238095
201.4847619047619
201.96891156462584
202.41210884353742
202.88326530612247
203.36088435374148
203.89979591836735
204.3205442176871
204.7504081632653
205.28945578231293
205.89176870748298
206.50891156462583
207.0225170068027
207.60414965986394
208.10108843537415
208.66231292517008
209.26959183673472
209.96632653061226
210.58802721088438
211.083537414966
211.58972789115649
212.0901360544218
212.61789115646258
213.07931972789117
213.5874149659864
214.1779591836735
214.7112244897959
215.09945578231293
215.55047619047622
216.0577551020408
216.5256462585034
216.91442176870748
217.44823129251702
217.9474829931973
218.5192517006803
219.0149659863946
219.54598639455784
220.00435374149657
220.56115646258505
221.04074829931972
221.51836734693876
221.97231292517006
222.4918367346939
222.974693877551
223.4512925170068
223.85414965986394
224.24748299319728
224.6651700680272
225.1578231292517
225.58108843537417
226.0282993197279
226.4265306122449
226.8656462585034
227.20333333333335
227.61993197278912
228.01489795918368
228.45421768707484
228.8677551020408
229.3109523809524
229.68367346938777
230.0692517006803
230.44673469387754
230.83204081632653
231.1704761904762
231.54081632653066
231.96952380952382
232.37897959183672
232.7260544217687
233.04755102040815
233.45251700680274
233.80367346938777
234.0625850340136
234.27612244897963
234.58054421768708
234.84061224489798
235.10625850340136
235.3647619047619
235.62231292517006
235.81789115646257
235.97775510204082
236.17380952380952
236.33394557823127
236.4877551020408
236.62632653061223
236.79578231292516
236.88605442176873
236.9652380952381
237.07068027210886
237.1965306122449
237.30925170068025
237.41986394557824
237.49265306122453
237.51530612244903
237.51428571428573
237.52897959183673
237.58231292517007
237.59972789115648
237.5821088435374
237.55142857142857
237.5629931972789
237.49292517006805
237.42700680272108
237.33197278911564
237.25945578231293
237.1531292517007
237.0940816326531
236.98523809523812
236.85918367346937
236.69816326530614
236.53163265306122
236.35755102040818
236.2126530612245
236.058231292517
235.90421768707486
235.71306122448982
235.49863945578232
235.23020408163262
234.98979591836735
234.78163265306125
234.5809523809524
234.30034013605442
233.99639455782312
233.76326530612246
233.55897959183676
233.2956462585034
233.00598639455785
232.72999999999996
232.45489795918365
232.1521768707483
231.88108843537415
231.6208843537415
231.30414965986395
230.97197278911565
230.72993197278913
230.50306122448978
230.20802721088435
229.90680272108847
229.6195918367347
229.3312925170068
229.02544217687074
228.75496598639458
228.45707482993197
228.17231292517008
227.81850340136057
227.47115646258504
227.17204081632653
226.9627210884354
226.69176870748302
226.3787755102041
226.06408163265309
225.77823129251703
225.5244217687075
225.2956462585034
225.04442176870748
224.71074829931973
224.3896598639456
224.1397278911565
223.95687074829934
223.77918367346942
223.55673469387756
223.26183673469387
223.01306122448983
222.87156462585034
222.7825850340136
222.6240136054422
222.3890476190476
222.23421768707482
222.09598639455783
221.93843537414966
221.76272108843537
221.6592517006803
221.5544217687075
221.41707482993198
221.29619047619045
221.1987074829932
221.13333333333335
221.063537414966
221.03428571428572
221.04204081632656
221.00326530612244
220.9078231292517
220.88462585034011
220.90421768707486
220.86993197278912
220.81496598639455
220.83034013605442
220.93843537414966
220.9487755102041
220.8852380952381
220.81115646258505
220.846462585034
220.85163265306124
220.8960544217687
220.91374149659867
220.95414965986396
220.99068027210885
221.03040816326532
221.00673469387755
220.9587074829932
220.9118367346939
220.89959183673471
220.91054421768712
220.89108843537414
220.8722448979592
220.87489795918367
220.91666666666669
220.93646258503404
220.9831292517007
220.97578231292516
220.97979591836733
221.0004761904762
220.9461224489796
220.83353741496597
220.74850340136055
220.78469387755104
220.85326530612247
220.8595918367347
220.80292517006802
220.75768707482996
220.75462585034015
220.70530612244897
220.68102040816325
220.65727891156465
220.67000000000002
220.64598639455784
220.63163265306122
220.60693877551023
220.63374149659865
220.65292517006804
220.6182993197279
220.51884353741497
220.391156462585
220.35367346938776
220.4000680272109
220.39102040816329
220.35591836734696
220.39074829931974
220.4647619047619
220.45938775510206
220.37149659863945
220.27414965986395
220.1952380952381
220.2022448979592
220.2061904761905
220.22802721088436
220.27081632653062
220.2791156462585
220.18095238095242
220.0840816326531
220.05278911564628
220.06619047619049
220.073537414966
220.02591836734695
219.94938775510207
219.8908843537415
219.89068027210885
219.84333333333333
219.77993197278914
219.67959183673472
219.64761904761906
219.6059183673469
219.5095918367347
219.35238095238097
219.238231292517
219.1626530612245
219.10646258503402
219.08673469387753
219.04374149659867
218.95469387755102
218.8496598639456
218.78238095238095
218.71646258503404
218.6195238095238
218.48557823129252
218.3901360544218
218.33768707482994
218.2943537414966
218.22149659863945
218.1392517006803
218.06142857142856
218.01585034013607
217.98204081632653
217.89496598639457
217.79333333333335
217.74149659863946
217.6981632653061
217.59414965986394
217.4538775510204
217.33877551020407
217.3300680272109
217.31666666666666
217.24108843537417
217.07285714285717
216.8608843537415
216.6651700680272
216.58278911564628
216.52585034013606
216.39272108843537
216.2208843537415
216.1474829931973
216.10020408163268
215.99380952380955
215.78775510204085
215.58931972789117
215.42537414965986
215.2273469387755
215.064693877551
214.97700680272112
214.87258503401364
214.65081632653062
214.45367346938775
214.30360544217686
214.1252380952381
213.91571428571427
213.7308843537415
213.62360544217688
213.50816326530614
213.36557823129255
213.16755102040815
212.98693877551023
212.7791156462585
212.5814965986395
212.38795918367347
212.2374149659864
212.07979591836735
211.8912925170068
211.6770068027211
211.4638775510204
211.1800680272109
210.89700680272108
210.64551020408163
210.47190476190474
210.21843537414966
209.9382993197279
209.6573469387755
209.43850340136055
209.15455782312927
208.79244897959185
208.4470068027211
208.23802721088435
207.9931292517007
207.68095238095242
207.30986394557823
206.98761904761903
206.70809523809524
206.4238775510204
206.09
205.75476190476192
205.50891156462583
205.27292517006802
205.0039455782313
204.69421768707485
204.390612244898
204.11462585034013
203.8169387755102
203.49013605442178
203.15074829931973
202.86292517006805
202.58585034013606
202.3344217687075
201.99435374149664
201.5891156462585
201.20945578231294
200.94156462585033
200.68448979591835
200.29238095238097
199.8460544217687
199.4673469387755
199.20170068027213
198.89401360544218
198.6786394557823
198.40163265306126
198.00510204081635
197.62748299319728
197.2873469387755
196.93578231292517
196.4904761904762
196.1501360544218
195.873537414966
195.6674829931973
195.36068027210885
194.9315646258503
194.53972789115647
194.22523809523807
193.8542857142857
193.43482993197279
193.05455782312927
192.78299319727893
192.4621088435374
192.10585034013607
191.78251700680272
191.4792517006803
191.06993197278913
190.57367346938776
190.19639455782314
189.94360544217687
189.63367346938776
189.1861904761905
188.69755102040818
188.32217687074834
187.98727891156466
187.5840816326531
187.14802721088435
186.80244897959184
186.45993197278912
186.02537414965985
185.60503401360543
185.31687074829932
185.02748299319728
184.6229931972789
184.1818367346939
183.76068027210883
183.3513605442177
182.8878911564626
182.54482993197277
182.1217006802721
181.6605442176871
181.21639455782312
180.78503401360544
180.43054421768707
180.0470068027211
179.6095238095238
179.05598639455783
178.62285714285713
178.20850340136053
177.72768707482993
177.3795238095238
177.08068027210885
176.73421768707485
176.3395918367347
175.96210884353744
175.5366666666667
174.92972789115646
174.45625850340136
174.10190476190476
173.80816326530612
173.37095238095242
172.89591836734695
172.41700680272112
171.97598639455785
171.46578231292517
170.9512925170068
170.4583673469388
170.01653061224494
169.60680272108846
169.2647619047619
168.89578231292518
168.53326530612247
168.12387755102043
167.61564625850338
167.10972789115647
166.75551020408162
166.38129251700678
165.94027210884354
165.50972789115647
165.08061224489796
164.6036054421769
164.14149659863946
163.72673469387757
163.36843537414967
162.98068027210883
162.5662585034014
162.1587074829932
161.7972789115646
161.40190476190477
161.03401360544217
160.82734693877552
160.53510204081633
160.12843537414966
159.59421768707486
159.15081632653062
158.7709523809524
158.46646258503404
158.0617006802721
157.66333333333336
157.33850340136055
157.0722448979592
156.75183673469388
156.3961904761905
155.96578231292517
155.53721088435373
155.18020408163267
154.8874149659864
154.5291156462585
154.16
153.7955782312925
153.4991156462585
153.21523809523808
152.88394557823128
152.46238095238095
151.9748979591837
151.61870748299322
151.32761904761904
151.031768707483
150.70802721088438
150.4208163265306
150.1038775510204
149.7587074829932
149.40074829931973
149.05925170068028
148.72598639455782
148.47401360544217
148.16183673469385
147.8255102040816
147.5144897959184
147.26884353741497
147.0186394557823
146.75142857142856
146.4708843537415
146.13904761904763
145.81068027210884
145.39802721088435
145.01115646258506
144.654693877551
144.41714285714284
144.117074829932
143.6561904761905
143.12680272108844
142.7804081632653
142.5331292517007
142.23721088435377
141.82850340136054
141.54761904761907
141.31891156462586
141.04353741496598
140.6824489795918
140.3642176870748
140.11639455782313
139.7404761904762
139.3461904761905
139.06380952380954
138.82142857142858
138.53
138.21061224489796
137.89850340136053
137.51761904761904
137.16061224489798
136.86918367346942
136.52646258503404
136.16251700680272
135.79285714285714
135.50333333333333
135.12448979591835
134.6731292517007
134.2618367346939
134.0065306122449
133.77285714285713
133.40238095238095
133.0456462585034
132.6921768707483
132.38258503401363
132.00210884353743
131.5808843537415
131.18401360544217
130.85680272108846
130.6730612244898
130.44979591836733
130.14829931972787
129.8042176870748
129.48891156462585
129.23353741496598
128.94639455782314
128.6042857142857
128.3014965986395
127.94360544217686
127.65639455782313
127.40034013605442
127.29054421768707
127.02149659863946
126.56619047619047
126.2065306122449
126.03496598639457
125.88829931972788
125.52551020408164
125.11666666666666
124.79816326530613
124.56401360544218
124.38333333333335
124.18503401360546
124.03455782312926
123.83537414965987
123.6230612244898
123.41020408163267
123.22251700680273
123.02013605442177
122.81115646258505
122.62693877551021
122.4413605442177
122.21693877551022
121.86170068027212
121.5930612244898
121.43687074829933
121.25292517006804
120.96108843537417
120.68891156462587
120.43074829931973
120.23823129251701
120.08714285714285
119.86727891156463
119.67360544217686
119.44054421768708
119.23013605442178
118.99000000000001
118.92428571428572
118.74102040816328
118.57068027210886
118.44374149659865
118.34013605442178
118.20258503401361
118.08408163265307
118.08374149659865
118.10054421768707
117.98945578231294
117.77938775510205
117.50619047619048
117.46598639455782
117.41265306122449
117.36244897959183
117.11823129251701
116.98979591836735
116.84231292517008
116.7582993197279
116.68863945578232
116.59734693877552
116.4326530612245
116.36292517006804
116.36292517006802
116.34408163265307
116.28210884353742
116.22537414965987
116.18034013605441
116.18632653061223
116.05891156462586
115.85598639455782
115.66244897959184
115.59360544217687
115.5413605442177
115.51163265306121
115.44653061224491
115.4174829931973
115.39074829931972
115.3500680272109
115.35952380952381
115.3786394557823
115.33224489795919
115.28748299319729
115.34795918367348
115.37986394557822
115.37115646258505
115.44707482993196
115.55387755102042
115.5648299319728
115.59952380952382
115.71605442176872
115.76006802721089
115.7704081632653
115.78625850340136
115.67517006802721
115.5778231292517
115.62945578231293
115.91877551020409
116.05115646258504
116.03544217687075
116.0521768707483
116.23802721088434
116.40952380952382
116.39836734693877
116.51938775510204
116.72176870748301
116.97333333333333
117.10088435374149
117.12857142857145
117.12197278911565
117.24863945578231
117.421768707483
117.53591836734692
117.56530612244897
117.7043537414966
117.8868707482993
118.15931972789116
118.4830612244898
118.67020408163266
118.93020408163267
119.2173469387755
119.60102040816327
119.80013605442178
120.11462585034013
120.37544217687075
120.64136054421769
120.97544217687074
121.42061224489797
121.80707482993199
122.09156462585034
122.42115646258503
122.7052380952381
123.1044217687075
123.58149659863946
124.00360544217688
124.34857142857143
124.7291836734694
125.23918367346938
125.70292517006803
126.15170068027211
126.4930612244898
126.8878911564626
127.43979591836735
127.99945578231292
128.49789115646257
128.96503401360545
129.55360544217686
130.07734693877552
130.52850340136058
130.99156462585034
131.51251700680274
132.05319727891157
132.54115646258504
133.12741496598642
133.693537414966
134.28496598639455
134.83884353741496
135.50319727891156
136.01496598639454
136.44115646258504
136.89238095238096
137.50986394557825
138.07278911564626
138.54557823129252
138.9618367346939
139.4486394557823
139.92462585034014
140.39986394557826
140.79421768707482
141.14442176870747
141.5442857142857
142.07619047619045
142.6777551020408
143.2408163265306
143.62054421768707
143.88408163265308
144.17278911564625
144.64346938775512
145.09537414965985
145.5512925170068
146.02408163265306
146.49884353741498
146.87408163265303
147.10721088435375
147.3455782312925
147.71149659863946
148.08489795918365
148.33156462585035
148.48544217687078
148.83836734693878
149.22748299319727
149.60925170068026
149.84625850340137
150.16326530612247
150.5094557823129
150.8095238095238
150.93673469387755
151.10244897959186
151.38598639455785
151.83782312925166
152.17095238095237
152.39258503401362
152.53523809523813
152.78428571428572
152.90578231292517
153.0594557823129
153.22455782312926
153.41823129251702
153.57727891156463
153.8700680272109
154.13761904761907
154.31462585034012
154.48979591836735
154.7734013605442
155.0286394557823
155.17265306122448
155.3187074829932
155.47333333333336
155.59496598639458
155.68312925170068
155.82244897959183
155.96414965986395
156.15197278911563
156.2425170068027
156.2021768707483
156.13877551020408
156.1204761904762
156.08006802721093
155.99979591836737
156.02857142857144
155.98408163265307
155.9148299319728
155.86571428571426
155.85496598639457
155.75102040816324
155.63006802721088
155.56653061224492
155.32353741496598
154.95517006802726
154.68741496598642
154.54238095238097
154.28095238095239
153.96673469387753
153.64469387755102
153.35034013605443
152.9887074829932
152.6444217687075
152.20857142857142
151.82231292517008
151.46115646258502
151.09863945578235
150.8065306122449
150.5404081632653
150.16707482993198
149.5952380952381
149.15585034013606
148.76829931972787
148.3652380952381
147.7969387755102
147.29442176870748
146.82122448979595
146.4025850340136
146.1042857142857
145.83238095238096
145.43482993197279
144.86843537414967
144.31326530612245
143.73462585034014
143.2791156462585
142.87210884353743
142.49897959183676
142.07
141.72544217687076
141.37680272108844
140.93727891156462
140.3417006802721
139.74367346938774
139.24551020408165
138.91448979591837
138.5625850340136
138.18721088435376
137.7192517006803
137.2960544217687
136.89285714285717
136.52421768707484
136.15414965986398
135.81646258503403
135.49795918367346
135.15278911564627
134.81183673469388
134.56639455782312
134.29557823129252
133.85884353741497
133.48462585034014
133.21680272108844
133.00217687074831
132.70605442176873
132.40598639455783
132.03761904761905
131.7360544217687
131.48897959183674
131.078231292517
130.623537414966
130.22945578231293
129.95156462585038
129.5783673469388
129.17585034013607
128.81380952380954
128.55394557823132
128.32278911564626
127.96462585034014
127.57707482993197
127.32557823129251
127.16190476190475
126.93965986394558
126.66496598639456
126.50204081632653
126.36408163265307
126.13020408163266
125.83299319727891
125.5808843537415
125.41108843537415
125.32489795918367
125.24265306122449
125.08578231292518
124.85564625850341
124.59625850340137
124.49802721088435
124.45605442176871
124.4274149659864
124.35340136054423
124.20850340136053
124.02374149659865
123.89489795918367
123.77333333333334
123.63687074829932
123.41231292517007
123.28823129251701
123.23612244897959
123.37374149659863
123.38503401360546
123.35884353741497
123.36625850340135
123.33374149659865
123.38598639455782
123.36122448979592
123.28802721088437
123.1104081632653
123.14911564625851
123.1782993197279
123.15510204081633
123.1378911564626
123.1756462585034
123.24857142857144
123.27040816326532
123.39442176870749
123.45476190476191
123.39605442176871
123.21952380952382
123.25496598639457
123.36551020408163
123.39238095238095
123.27040816326532
123.30931972789116
123.45503401360544
123.65299319727892
123.73945578231292
123.74142857142857
123.7639455782313
123.80802721088436
123.95585034013605
124.11877551020407
124.33455782312926
124.50149659863946
124.65129251700681
124.86503401360545
125.03251700680273
125.26687074829934
125.4691156462585
125.56476190476192
125.5595918367347
125.64102040816327
125.91428571428573
126.00850340136054
126.17591836734694
126.3378231292517
126.54278911564627
126.48489795918367
126.5678231292517
126.7248299319728
126.95006802721089
127.12986394557824
127.28653061224489
127.33027210884354
127.32891156462586
127.46945578231293
127.62843537414966
127.81952380952382
127.92591836734694
128.05115646258503
128.1309523809524
128.23850340136056
128.368843537415
128.50312925170067
128.61578231292518
128.7517006802721
129.10068027210883
129.48054421768708
129.72918367346938
129.8657823129252
130.02632653061227
130.2340816326531
130.51380952380953
130.87176870748297
131.18360544217688
131.36448979591836
131.56020408163266
131.74312925170068
131.85278911564626
132.01761904761904
132.23721088435374
132.36530612244897
132.38163265306122
132.4831292517007
132.59795918367348
132.68482993197279
132.81945578231293
132.9025850340136
133.0926530612245
133.29244897959182
133.52142857142857
133.72374149659862
133.9865986394558
134.24884353741498
134.45557823129252
134.78557823129253
135.06959183673467
135.2569387755102
135.35380952380953
135.5690476190476
135.76190476190476
135.88693877551023
136.06217687074832
136.3531292517007
136.6634693877551
137.0774829931973
137.39557823129252
137.6957142857143
137.95925170068028
138.28755102040816
138.54102040816326
138.8682993197279
139.18163265306123
139.45585034013607
139.85598639455782
140.31761904761908
140.70326530612243
141.06585034013605
141.48897959183677
141.99734693877554
142.61850340136056
143.27142857142857
143.71020408163264
144.10374149659862
144.62673469387755
145.288231292517
145.9869387755102
146.6887074829932
147.32027210884354
148.03231292517006
148.8187074829932
149.63374149659865
150.45823129251704
151.47489795918364
152.6478231292517
153.8830612244898
155.136462585034
156.49278911564627
157.88598639455782
159.25795918367345
160.60006802721088
161.9587074829932
163.23945578231292
164.33142857142855
165.31380952380954
166.18455782312927
166.99748299319728
167.6561224489796
168.23421768707485
168.7622448979592
169.18496598639456
169.6626530612245
169.981768707483
170.3256462585034
170.55850340136053
171.00448979591835
171.36544217687074
171.7766666666667
172.12809523809523
172.49591836734695
172.79972789115646
173.1043537414966
173.4012244897959
173.72863945578234
173.96374149659863
174.28367346938774
174.70639455782313
175.18517006802722
175.50680272108843
175.8338775510204
176.24693877551022
176.53095238095239
176.66510204081632
176.7922448979592
176.80700680272108
176.7056462585034
176.37510204081633
176.08938775510205
175.7357142857143
175.52340136054423
175.29251700680274
175.3834693877551
175.46278911564627
175.22972789115647
174.5643537414966
173.92122448979592
173.23931972789117
172.52183673469386
171.82387755102042
171.39374149659864
170.9170068027211
170.36197278911564
169.54938775510203
168.58285714285714
167.43884353741498
166.19360544217687
164.66510204081632
162.8636054421769
160.9783673469388
159.13591836734693
157.3812244897959
155.72448979591837
154.00244897959183
152.17244897959185
150.21421768707484
148.295306122449
146.53673469387758
145.05469387755102
143.7657142857143
142.4321768707483
141.0195918367347
139.42170068027212
138.0042176870748
136.67414965986396
135.61714285714285
134.4552380952381
133.29034013605443
132.00557823129253
130.80897959183673
129.56945578231296
128.5261904761905
127.23503401360546
125.73244897959184
123.87244897959184
122.1934693877551
120.47659863945577
118.84918367346938
117.15707482993199
115.48714285714286
113.9808843537415
112.67285714285714
111.63455782312926
110.67333333333333
109.88176870748299
108.77646258503401
107.43244897959185
105.8995238095238
104.36925170068027
102.5078231292517
100.47027210884355
98.21462585034014
95.9908843537415
93.88306122448972
92.11792517006795
