169.62911564625858
169.84306122448976
169.77707482993196
169.78020408163266
169.6965306122449
169.47000000000003
169.29163265306124
169.358843537415
169.47931972789118
169.56129251700682
169.57455782312928
169.44666666666666
169.21054421768707
168.99408163265306
168.87897959183675
168.81578231292517
168.8025850340136
168.84707482993196
168.94673469387754
168.9818367346939
168.89095238095237
168.73503401360546
168.64068027210885
168.63421768707485
168.6596598639456
168.6590476190476
168.67741496598643
168.65761904761905
168.64068027210885
168.69197278911565
168.70204081632653
168.687074829932
168.6596598639456
168.6730612244898
168.5421768707483
168.39802721088435
168.29523809523812
168.19768707482996
168.11931972789117
168.1722448979592
168.33244897959185
168.55102040816325
168.72802721088433
168.853537414966
168.8944217687075
168.96040816326533
168.93054421768707
168.81333333333333
168.73428571428576
168.74285714285716
168.6718367346939
168.63619047619048
168.78156462585036
168.91938775510204
168.7574829931973
168.58931972789117
168.67278911564625
168.93945578231293
169.0473469387755
168.96721088435373
168.88904761904763
168.9171428571429
168.89210884353741
169.01904761904763
169.12598639455783
169.17768707482992
168.98585034013604
168.985306122449
169.04278911564626
169.01979591836732
168.84625850340137
168.63823129251702
168.57680272108843
168.68204081632652
168.8344217687075
168.82612244897962
168.75931972789118
168.79292517006803
168.8825850340136
168.99877551020407
169.050612244898
168.9412925170068
168.73714285714286
168.62462585034012
168.57319727891155
168.4426530612245
168.3291836734694
168.24666666666667
168.35244897959183
168.47061224489798
168.69768707482993
168.77353741496597
168.88156462585036
168.8565306122449
169.00149659863948
169.09074829931973
169.07557823129252
168.8878231292517
168.76231292517008
168.84455782312926
169.06557823129253
169.25190476190477
169.23877551020408
169.1961904761905
169.26884353741497
169.39319727891157
169.52619047619046
169.77517006802722
170.04346938775512
170.32408163265308
170.59204081632652
171.07360544217687
171.42931972789114
171.73945578231292
171.9559863945578
172.22625850340137
172.4782993197279
172.7669387755102
173.06081632653064
173.37272108843538
173.7208843537415
174.058231292517
174.3104761904762
174.55999999999997
174.85816326530613
175.33510204081634
175.83557823129254
176.14850340136056
176.34129251700682
176.63687074829934
176.92585034013607
177.1587755102041
177.32673469387754
177.56448979591838
177.74904761904764
178.00986394557822
178.34360544217688
178.77925170068028
179.2161904761905
179.57333333333332
179.97530612244898
180.44809523809525
180.98809523809524
181.4678911564626
181.84768707482993
182.2748979591837
182.76795918367347
183.35285714285715
183.85095238095238
184.34047619047618
184.81707482993198
185.33360544217686
185.69925170068026
185.92816326530613
186.1843537414966
186.62986394557822
187.0529931972789
187.55129251700683
188.16319727891158
188.8134693877551
189.338231292517
190.00714285714287
190.8512244897959
191.7431972789116
192.51897959183674
193.31863945578232
194.03068027210887
194.75768707482996
195.35850340136054
195.9995918367347
196.62034013605444
197.2500680272109
197.788843537415
198.44040816326532
199.15537414965988
199.88292517006803
200.60448979591837
201.37931972789116
202.18911564625853
203.00843537414966
203.7848979591837
204.49993197278914
205.2522448979592
206.0851020408163
206.88482993197277
207.72714285714284
208.6330612244898
209.53863945578235
210.29897959183674
211.09904761904764
211.91585034013607
212.71455782312927
213.46646258503404
214.36170068027212
215.17931972789117
215.92047619047622
216.59102040816327
217.4208843537415
218.19530612244898
218.96741496598642
219.61931972789117
220.29340136054424
220.94959183673467
221.64020408163265
222.2557823129252
222.85965986394558
223.45197278911567
224.06149659863945
224.59823129251703
225.13380952380953
225.56959183673467
225.97884353741497
226.36891156462585
226.80217687074833
227.17122448979592
227.5372789115646
227.92721088435377
228.30142857142857
228.60061224489795
228.92857142857144
229.2127210884354
229.42421768707487
229.6468707482993
229.92938775510203
230.1138775510204
230.2287755102041
230.4270068027211
230.62972789115645
230.74557823129254
230.76557823129252
230.87061224489798
230.92074829931974
230.98340136054424
231.0100680272109
231.08421768707484
231.08809523809524
231.05455782312924
231.0217006802721
230.93503401360545
230.89714285714285
230.86251700680276
230.75816326530614
230.54632653061225
230.3501360544218
230.20673469387754
230.0457142857143
229.8729931972789
229.64557823129252
229.4457823129252
229.18027210884355
228.86666666666667
228.558843537415
228.2718367346939
227.95925170068028
227.67068027210885
227.3491156462585
226.98408163265307
226.5792517006803
226.1800680272109
225.77918367346936
225.44367346938776
225.0343537414966
224.5395238095238
224.05585034013606
223.6374149659864
223.2170068027211
222.69925170068024
222.14414965986393
221.67666666666668
221.21190476190478
220.72775510204085
220.15380952380954
219.67068027210885
219.17591836734695
218.73877551020408
218.24761904761905
217.7339455782313
217.16557823129256
216.65721088435376
216.21013605442175
215.74918367346942
215.26707482993197
214.84666666666666
214.41870748299323
213.95612244897958
213.4843537414966
213.09625850340137
212.77952380952382
212.40639455782312
212.0108843537415
211.67891156462585
211.3251700680272
210.9213605442177
210.6222448979592
210.38088435374152
210.13027210884354
209.87061224489798
209.6261224489796
209.3983673469388
209.28517006802724
209.1422448979592
208.89278911564628
208.7074149659864
208.53210884353743
208.3717006802721
208.1603401360544
208.02931972789116
207.9703401360544
207.97897959183675
207.91061224489795
207.84768707482993
207.87102040816328
207.9318367346939
207.97074829931975
207.9904081632653
207.94761904761904
207.92367346938778
208.0090476190476
208.13292517006803
208.22149659863945
208.22809523809525
208.14959183673471
208.16843537414968
208.33238095238096
208.52972789115645
208.53544217687076
208.52027210884356
208.5513605442177
208.61170068027212
208.64163265306124
208.6834693877551
208.84251700680272
208.94170068027213
208.9900680272109
209.00108843537416
209.0694557823129
209.09292517006804
209.11462585034013
209.15789115646257
209.17462585034014
209.1960544217687
209.2909523809524
209.42204081632656
209.48768707482995
209.48006802721085
209.42163265306127
209.365306122449
209.43646258503404
209.53727891156464
209.63734693877552
209.71401360544218
209.7282993197279
209.66285714285715
209.6136054421769
209.66965986394558
209.67551020408163
209.7013605442177
209.7103401360544
209.7426530612245
209.76414965986396
209.84823129251703
209.88972789115647
209.82551020408164
209.7404761904762
209.74074829931973
209.73027210884356
209.64013605442176
209.62795918367348
209.65217687074832
209.68
209.64877551020408
209.6276870748299
209.59455782312924
209.52299319727894
209.4414285714286
209.39115646258503
209.47585034013605
209.49074829931973
209.50625850340137
209.4748979591837
209.4569387755102
209.4268707482993
209.47462585034015
209.48734693877552
209.4531972789116
209.40020408163267
209.30931972789114
209.2478231292517
209.1765306122449
209.1374829931973
209.0769387755102
209.06714285714284
209.01639455782316
208.96571428571428
208.90074829931973
208.7631292517007
208.64755102040817
208.56027210884355
208.54435374149662
208.54190476190476
208.57367346938776
208.51088435374152
208.32496598639457
208.17081632653063
208.11442176870753
208.08687074829933
208.03217687074832
207.96054421768707
207.90401360544217
207.7987074829932
207.70408163265307
207.53884353741498
207.42380952380952
207.34986394557825
207.29619047619047
207.18761904761905
207.09027210884355
206.9840136054422
206.9047619047619
206.86727891156463
206.76061224489794
206.5431292517007
206.38884353741497
206.33442176870747
206.24496598639456
206.04598639455784
205.84897959183675
205.6744217687075
205.62707482993198
205.5180952380952
205.33877551020407
205.09108843537416
205.00619047619048
204.93108843537414
204.79231292517008
204.59074829931973
204.41455782312926
204.2042857142857
204.0239455782313
203.85836734693876
203.70034013605442
203.49108843537417
203.33578231292518
203.19360544217687
202.98646258503402
202.70469387755102
202.4757142857143
202.34551020408162
202.24217687074832
202.03244897959183
201.7569387755102
201.45938775510206
201.28931972789118
201.05816326530615
200.76877551020408
200.43081632653062
200.23517006802723
200.08292517006802
199.96795918367346
199.76299319727892
199.44816326530614
199.12340136054422
198.91462585034014
198.73931972789117
198.51081632653063
198.23190476190476
197.87761904761905
197.50258503401363
197.1252380952381
196.8054421768707
196.5244217687075
196.31088435374153
196.08884353741496
195.8351700680272
195.5829931972789
195.27761904761905
194.97183673469388
194.6620408163265
194.37367346938774
194.07850340136054
193.8123129251701
193.55408163265304
193.28455782312923
192.94081632653058
192.57108843537412
192.3029931972789
192.03564625850342
191.71680272108847
191.43170068027212
191.1514285714286
190.8591836734694
190.6300680272109
190.37721088435376
189.92047619047622
189.4827210884354
189.19129251700681
188.89462585034016
188.52272108843542
188.1974829931973
187.96408163265306
187.687074829932
187.28251700680272
186.85238095238097
186.5909523809524
186.36625850340135
186.0751700680272
185.71353741496597
185.42414965986393
185.10632653061225
184.7287074829932
184.2987074829932
183.85714285714286
183.4621088435374
183.18333333333334
182.97197278911565
182.64136054421772
182.23965986394558
181.83108843537417
181.46285714285713
181.1100680272109
180.87680272108844
180.62632653061223
180.32285714285715
179.94931972789118
179.53367346938776
179.08455782312927
178.7074829931973
178.3813605442177
178.00394557823128
177.57659863945577
177.16278911564626
176.68020408163267
176.31734693877553
176.06054421768707
175.79292517006803
175.30714285714288
174.79204081632653
174.3391156462585
173.94965986394558
173.60408163265305
173.20496598639457
172.77061224489796
172.39714285714285
172.05544217687074
171.68619047619046
171.18714285714285
170.7079591836735
170.22938775510204
169.83843537414964
169.36081632653062
168.92034013605445
168.58251700680273
168.28972789115647
167.81428571428572
167.25544217687076
166.8518367346939
166.49979591836737
166.05551020408166
165.5278231292517
165.01897959183674
164.62340136054422
164.19292517006804
163.67272108843537
163.14408163265307
162.81333333333333
162.443537414966
161.95761904761903
161.52442176870747
161.14367346938778
160.72183673469385
160.19931972789118
159.713537414966
159.18585034013608
158.7604081632653
158.29176870748296
157.88258503401363
157.4255782312925
156.9731292517007
156.47285714285715
156.0087755102041
155.59
155.16333333333336
154.6834693877551
154.20700680272108
153.68312925170068
153.32088435374152
152.96816326530615
152.64217687074833
152.21714285714285
151.77374149659866
151.3274829931973
150.9004081632653
150.55034013605444
150.15176870748297
149.82414965986396
149.45027210884354
149.0844217687075
148.6634013605442
148.2304081632653
147.838231292517
147.52979591836734
147.2222448979592
146.86312925170068
146.44721088435375
145.99408163265304
145.54020408163262
145.1404761904762
144.72054421768706
144.3953741496599
144.10761904761904
143.76503401360543
143.27727891156462
142.9095918367347
142.61850340136056
142.36149659863946
142.0540136054422
141.7099319727891
141.30190476190475
140.91210884353742
140.5827210884354
140.2182993197279
139.80911564625848
139.47068027210884
139.11795918367346
138.74578231292517
138.41115646258504
138.11850340136056
137.76938775510206
137.46149659863949
137.17802721088435
136.78469387755104
136.42877551020408
136.06687074829932
135.7117006802721
135.32911564625851
135.0360544217687
134.73578231292515
134.28986394557825
133.95258503401362
133.56489795918367
133.27700680272108
132.82020408163265
132.3942176870748
131.90653061224492
131.48714285714289
131.10925170068026
130.7639455782313
130.3548299319728
130.03795918367348
129.70931972789117
129.2668707482993
128.8174149659864
128.50238095238097
128.18489795918367
127.75081632653061
127.4422448979592
127.11496598639457
126.68204081632653
126.25809523809525
125.94333333333334
125.65278911564626
125.2352380952381
124.81843537414966
124.55768707482993
124.33142857142857
123.96421768707484
123.54829931972789
123.24156462585034
122.98693877551021
122.71965986394558
122.34598639455783
121.97952380952383
121.60938775510205
121.2834693877551
120.8334693877551
120.50190476190477
120.1813605442177
119.82768707482994
119.463537414966
119.16414965986394
118.94380952380952
118.62503401360544
118.33197278911564
118.01904761904763
117.72102040816327
117.27986394557823
116.86598639455782
116.55884353741496
116.3404761904762
116.0730612244898
115.74265306122447
115.45367346938775
115.18163265306123
114.90938775510205
114.53496598639455
114.12523809523809
113.73523809523809
113.53210884353742
113.45251700680272
113.33285714285714
112.97999999999999
112.54632653061226
112.21068027210885
111.9909523809524
111.76027210884354
111.5369387755102
111.29421768707482
111.03693877551022
110.76707482993197
110.43925170068027
110.13761904761905
109.92850340136054
109.81979591836736
109.5904761904762
109.36884353741497
109.09102040816327
108.90557823129252
108.7095918367347
108.53081632653061
108.24625850340136
108.14068027210884
108.03666666666668
107.78850340136054
107.3917006802721
107.10272108843539
106.98278911564627
106.82585034013607
106.68585034013606
106.43054421768707
106.15775510204082
105.86925170068027
105.72850340136054
105.72047619047618
105.6430612244898
105.3547619047619
105.10891156462584
104.89115646258503
104.68795918367347
104.5143537414966
104.52176870748299
104.33074829931974
104.10231292517007
104.02027210884354
103.95074829931974
103.85156462585033
103.73380952380953
103.60061224489796
103.38632653061225
103.26061224489797
103.13217687074831
103.02156462585033
102.91312925170068
102.72925170068027
102.51278911564626
102.4187074829932
102.25680272108843
102.21054421768709
102.16823129251702
102.09462585034014
101.85061224489795
101.64557823129252
101.60387755102042
101.61836734693878
101.58571428571427
101.42387755102041
101.20496598639457
101.05938775510205
100.95530612244899
100.8557142857143
100.60068027210886
100.43367346938774
100.40102040816326
100.43748299319728
100.36163265306122
100.34809523809525
100.25557823129252
100.21108843537415
99.96904761904761
99.92707482993197
100.07496598639456
100.29843537414968
100.10931972789115
99.90877551020408
99.81843537414967
99.83680272108845
99.80673469387756
99.80598639455782
99.8412244897959
99.87911564625851
99.82666666666668
99.7234693877551
99.64027210884355
99.72904761904762
99.8556462585034
99.91646258503403
99.82857142857144
99.76625850340135
99.83401360544218
99.89863945578232
100.01557823129252
100.08074829931972
100.09061224489795
100.13428571428571
100.22877551020409
100.27904761904762
100.32673469387754
100.28
100.30591836734695
100.38108843537415
100.52945578231291
100.51775510204082
100.61353741496599
100.79421768707483
101.00965986394559
101.22639455782313
101.44027210884354
101.5547619047619
101.58857142857143
101.69217687074828
101.81755102040817
102.00034013605443
102.23802721088435
102.59170068027213
102.97047619047619
103.2365306122449
103.42707482993198
103.58299319727892
103.92761904761905
104.21027210884353
104.49061224489797
104.76006802721089
105.2452380952381
105.63034013605441
106.05510204081634
106.42258503401362
106.72074829931972
106.9
107.32585034013606
107.87598639455783
108.39591836734694
108.6844217687075
109.04714285714286
109.44789115646259
110.03163265306122
110.46428571428572
110.89448979591837
111.37285714285714
111.94727891156464
112.42108843537416
112.80204081632654
113.23598639455783
113.8148299319728
114.4491156462585
114.9234693877551
115.27074829931973
115.68727891156462
116.16578231292517
116.6265306122449
117.04238095238095
117.47374149659865
117.89551020408163
118.32367346938776
118.67238095238096
119.09190476190477
119.47952380952381
119.81217687074829
120.0995918367347
120.51442176870748
120.91367346938776
121.32333333333332
121.7951700680272
122.20496598639455
122.50897959183673
122.79700680272109
123.16530612244898
123.43428571428572
123.74959183673471
124.20292517006803
124.6270068027211
124.92850340136054
125.2160544217687
125.62782312925171
125.94
126.2665986394558
126.48040816326531
126.71585034013606
127.00666666666666
127.28258503401361
127.51625850340136
127.8247619047619
128.21380952380954
128.47578231292516
128.64714285714288
128.85469387755103
129.07537414965986
129.29945578231295
129.56850340136054
129.88510204081632
130.1456462585034
130.35442176870748
130.63931972789115
130.95503401360546
131.23149659863947
131.48034013605445
131.6578231292517
131.84625850340137
132.01802721088436
132.22809523809525
132.5538775510204
132.91625850340137
133.05353741496597
133.07408163265308
133.2631292517007
133.48843537414967
133.66408163265308
133.7579591836735
133.79598639455781
133.91435374149663
134.10693877551023
134.28625850340137
134.3508843537415
134.37142857142857
134.40537414965985
134.42176870748298
134.36061224489796
134.17074829931974
134.0574829931973
134.04639455782313
134.00367346938776
133.81931972789118
133.51687074829934
133.4226530612245
133.31503401360544
133.07843537414968
132.7374149659864
132.58925170068028
132.50802721088434
132.30142857142854
131.88673469387754
131.44428571428574
131.16523809523812
130.83
130.3912925170068
130.04238095238094
129.7691836734694
129.37904761904764
128.86244897959185
128.44734693877552
128.06034013605444
127.60034013605443
127.04585034013604
126.62414965986395
126.26224489795918
125.80503401360545
125.26768707482995
124.74319727891157
124.26884353741498
123.87564625850341
123.4813605442177
123.09707482993197
122.68204081632653
122.29088435374152
121.81149659863947
121.35081632653062
120.94714285714286
120.53108843537416
120.04802721088436
119.57877551020408
119.23585034013605
118.9348299319728
118.55972789115647
118.12013605442176
117.72047619047618
117.35557823129253
116.93360544217687
116.48312925170069
116.19360544217686
115.95292517006803
115.58496598639456
115.13734693877551
114.85244897959183
114.6095918367347
114.19993197278912
113.75292517006804
113.52238095238094
113.31081632653061
112.98639455782313
112.64278911564625
112.39156462585034
112.03891156462585
111.62639455782313
111.28326530612246
111.14591836734694
110.83850340136054
110.34401360544217
109.82795918367347
109.70170068027211
109.48816326530613
109.25380952380954
108.8191156462585
108.44911564625849
108.14034013605442
107.9804761904762
107.71496598639456
107.36190476190477
107.09299319727893
106.81761904761906
106.59748299319729
106.44054421768708
106.23897959183674
105.87945578231293
105.65408163265307
105.48721088435374
105.3465306122449
105.18612244897959
105.27999999999999
105.17843537414964
104.9991156462585
104.69707482993198
104.50408163265307
104.28442176870747
104.12081632653062
103.88278911564626
103.7570068027211
103.80523809523811
103.72408163265305
103.4826530612245
103.31591836734694
103.37115646258503
103.46394557823129
103.35979591836734
103.19938775510205
103.0912925170068
103.1208843537415
103.18142857142857
103.21013605442177
103.14496598639457
102.9769387755102
103.04074829931973
103.22034013605443
103.25748299319729
103.06360544217688
102.85714285714288
102.79156462585033
102.77122448979591
102.82496598639455
102.83163265306122
102.84564625850341
102.90367346938775
102.9712925170068
103.10707482993196
103.29442176870748
103.42183673469387
103.37666666666667
103.31197278911564
103.40530612244898
103.42993197278912
103.44
103.44401360544217
103.60687074829931
103.73625850340136
103.90115646258504
103.9356462585034
103.93068027210884
103.99938775510203
104.30448979591837
104.48687074829932
104.6304081632653
104.75850340136056
104.9191156462585
105.02414965986395
105.13367346938776
105.27619047619048
105.40115646258502
105.54326530612245
105.72462585034015
105.87721088435373
105.98755102040818
106.03999999999999
106.17210884353742
106.29993197278912
106.47795918367348
106.6513605442177
106.83408163265307
106.96986394557823
107.04170068027211
107.09448979591836
107.18489795918367
107.35891156462586
107.5095918367347
107.61149659863948
107.78789115646259
107.9708843537415
108.20816326530613
108.3787074829932
108.62333333333333
108.8130612244898
109.12367346938775
109.37190476190477
109.54727891156463
109.72517006802721
109.97401360544218
110.21578231292517
110.4504761904762
110.64251700680273
110.85721088435375
111.0634693877551
111.28455782312925
111.37829931972792
111.56122448979592
111.7225850340136
111.97979591836736
112.18435374149661
112.29789115646258
112.39625850340137
112.49659863945578
112.65231292517007
112.87993197278911
113.2047619047619
113.26163265306124
113.21714285714287
113.2291156462585
113.41142857142857
113.72108843537414
114.10394557823129
114.29401360544219
114.33482993197279
114.49210884353741
114.70687074829932
114.93129251700681
115.11646258503401
115.43387755102043
115.65727891156462
115.82455782312925
115.96306122448979
116.07231292517008
116.22142857142858
116.50054421768706
116.87673469387755
117.06639455782312
117.15428571428572
117.35197278911565
117.65802721088436
118.00714285714285
118.31979591836735
118.70537414965986
119.09217687074829
119.33401360544218
119.70183673469387
120.1365306122449
120.63115646258504
121.061768707483
121.5691836734694
122.03625850340137
122.51557823129252
123.09585034013605
123.57374149659864
124.05748299319728
124.44585034013605
124.87217687074832
125.46503401360545
126.24829931972789
127.05238095238096
127.73673469387755
128.3877551020408
128.93156462585034
129.5925850340136
130.6001360544218
131.76931972789117
132.96061224489796
134.03204081632651
135.2638775510204
136.5121768707483
137.83326530612246
139.20414965986396
140.86285714285714
142.44360544217687
144.03469387755104
145.57931972789117
147.22251700680272
148.57904761904763
149.99857142857144
151.31646258503403
152.3304761904762
152.93748299319728
153.3414285714286
153.57972789115644
153.7191836734694
153.85190476190473
153.8287074829932
153.79482993197277
153.85598639455785
154.04285714285714
154.17979591836735
154.18605442176874
154.15176870748297
154.19387755102042
154.52360544217686
155.00238095238097
155.71727891156462
156.52163265306123
157.3965306122449
158.31517006802721
159.14632653061227
159.91000000000003
160.61619047619047
161.40360544217688
162.1621088435374
162.79068027210886
163.25190476190477
163.5370068027211
163.871768707483
164.18952380952382
164.5565306122449
164.83020408163267
165.1482993197279
165.49006802721087
165.98666666666668
166.50190476190474
166.82993197278915
166.70789115646258
166.41687074829932
166.17326530612246
165.90829931972792
165.55217687074833
165.1369387755102
164.70333333333335
164.2013605442177
163.66891156462586
162.95156462585032
161.94489795918366
160.4783673469388
158.49884353741498
155.97931972789115
153.38421768707485
150.74517006802722
148.34
145.8708843537415
143.59040816326532
141.091768707483
138.5795918367347
136.05204081632655
133.6961904761905
131.3262585034014
129.11680272108845
127.06176870748298
125.0730612244898
122.90469387755101
120.75068027210884
118.60843537414966
116.6504081632653
114.8587074829932
113.0142857142857
111.17374149659865
109.16061224489795
107.28870748299319
105.43224489795918
103.64421768707484
101.75408163265305
99.86176870748298
97.85197278911565
95.9344217687075
94.22408163265305
92.83768707482993
91.25836734693877
89.78979591836736
88.54591836734694
87.80013605442177
87.13163265306125
86.35088435374149
85.30945578231294
84.10721088435375
82.70680272108844
81.32605442176872
79.74904761904762
77.9038775510204
75.76551020408164
73.78850340136054
71.98068027210881
70.26673469387752
