188.70193877551026
189.0803401360543
189.50925170068027
189.90374149659863
190.181768707483
190.4382993197279
190.54551020408164
190.68190476190475
190.83904761904762
191.12653061224492
191.17734693877554
191.0495918367347
190.793537414966
190.61482993197276
190.44142857142856
190.4242857142857
190.47517006802724
190.62979591836736
190.77435374149658
190.87537414965988
190.72102040816327
190.54999999999998
190.44578231292516
190.4329931972789
190.32578231292518
190.29122448979592
190.23884353741494
190.2704081632653
190.31489795918367
190.41455782312926
190.3821768707483
190.3191836734694
190.1618367346939
190.08136054421772
190.07163265306124
190.04353741496598
189.80721088435376
189.58333333333337
189.57462585034014
189.64380952380955
189.73340136054424
189.80374149659866
189.89993197278912
189.9084353741497
189.88074829931972
189.7656462585034
189.70442176870748
189.65489795918367
189.6126530612245
189.525306122449
189.50945578231293
189.53238095238098
189.5681632653061
189.6756462585034
189.8174149659864
189.9659863945578
190.01904761904763
190.12897959183672
190.17619047619047
190.1282993197279
190.04108843537415
190.09455782312926
190.18190476190478
190.1474829931973
190.08244897959182
190.08020408163264
190.10387755102042
190.1779591836735
190.22972789115647
190.24108843537414
190.1060544217687
189.9995918367347
190.0174829931973
190.19931972789115
190.39999999999998
190.5261224489796
190.57428571428574
190.57074829931975
190.59414965986394
190.63823129251702
190.6192517006803
190.58482993197276
190.64680272108845
190.71163265306123
190.77891156462584
190.8329931972789
190.96251700680273
191.04802721088438
191.12700680272107
191.14666666666665
191.2510884353742
191.3756462585034
191.42612244897958
191.39061224489797
191.381768707483
191.24013605442178
191.13891156462583
191.16802721088436
191.44401360544217
191.61
191.67972789115646
191.74625850340138
191.96340136054425
192.23374149659864
192.3917006802721
192.52040816326533
192.60544217687078
192.8361224489796
193.1695918367347
193.53761904761905
193.77816326530612
193.98952380952386
194.19843537414965
194.46401360544218
194.616462585034
194.78115646258505
194.97693877551018
195.35265306122452
195.747074829932
196.17326530612246
196.4960544217687
196.84761904761905
197.2982993197279
197.7468707482993
198.03591836734694
198.30054421768708
198.63931972789115
198.98319727891158
199.25020408163266
199.50183673469388
199.8127891156463
200.23115646258503
200.64326530612246
201.07231292517008
201.47979591836736
201.83639455782313
202.10190476190476
202.51707482993197
203.12510204081633
203.6831972789116
204.0895238095238
204.5521088435374
205.1444897959184
205.77346938775509
206.31863945578232
206.8618367346939
207.37367346938777
207.87789115646262
208.40469387755104
209.07149659863947
209.67197278911564
210.31061224489792
210.8222448979592
211.3661224489796
211.85476190476192
212.46904761904764
212.8908843537415
213.32244897959185
213.88306122448978
214.4513605442177
214.7787755102041
215.14551020408163
215.64421768707479
216.22421768707483
216.6683673469388
217.1713605442177
217.7604081632653
218.37823129251703
218.82836734693876
219.23428571428573
219.69925170068026
220.21673469387758
220.7513605442177
221.31591836734697
221.7474149659864
222.19156462585036
222.62217687074832
223.111768707483
223.5573469387755
224.04551020408164
224.4313605442177
224.8274149659864
225.2665986394558
225.77680272108844
226.2213605442177
226.6495238095238
227.0761224489796
227.48877551020408
227.8492517006803
228.21795918367349
228.64918367346937
229.05074829931974
229.43068027210884
229.87115646258505
230.34448979591838
230.74938775510202
231.06183673469388
231.42632653061227
231.8123129251701
232.16945578231295
232.50755102040816
232.90836734693877
233.32258503401363
233.66068027210886
233.94693877551023
234.20142857142855
234.47367346938773
234.72857142857143
234.98210884353742
235.24659863945578
235.47993197278913
235.70578231292515
235.87775510204082
236.0752380952381
236.19210884353745
236.34115646258505
236.50278911564627
236.69585034013605
236.73775510204084
236.73850340136053
236.8525850340136
237.05292517006802
237.19183673469388
237.24081632653062
237.2678231292517
237.30251700680273
237.31755102040816
237.373537414966
237.3892517006803
237.42585034013604
237.4261224489796
237.44442176870749
237.41734693877552
237.3253741496599
237.28700680272107
237.24013605442178
237.1331972789116
236.99401360544218
236.92836734693878
236.8595918367347
236.67870748299322
236.51530612244898
236.38176870748302
236.22108843537416
236.00149659863945
235.81673469387755
235.68380952380954
235.46809523809526
235.2525850340136
235.02850340136055
234.81891156462586
234.53897959183675
234.3169387755102
234.06714285714287
233.84469387755104
233.61687074829933
233.39374149659864
233.11551020408163
232.80197278911564
232.49877551020407
232.24190476190475
231.97319727891158
231.69319727891158
231.39319727891157
231.15448979591838
230.8895238095238
230.61510204081634
230.3130612244898
230.01659863945576
229.67809523809524
229.3440136054422
229.02993197278911
228.75163265306122
228.4269387755102
228.1151020408163
227.8538775510204
227.60999999999999
227.2912925170068
226.9470068027211
226.60884353741497
226.29551020408164
226.02673469387753
225.73027210884356
225.4101360544218
225.1744217687075
224.95673469387756
224.65993197278914
224.28809523809525
224.04197278911568
223.83326530612248
223.6551020408163
223.42448979591836
223.19673469387754
222.92904761904762
222.71938775510202
222.5263945578231
222.36027210884356
222.14360544217686
221.92557823129255
221.75163265306122
221.6565986394558
221.5267346938776
221.33632653061227
221.21326530612245
221.171768707483
221.05605442176872
220.9292517006803
220.8571428571429
220.85299319727892
220.72537414965987
220.6195238095238
220.57367346938778
220.53884353741498
220.4787755102041
220.506462585034
220.57190476190476
220.57598639455782
220.54258503401363
220.5270068027211
220.54843537414965
220.52952380952382
220.48081632653063
220.4440136054422
220.52306122448977
220.59795918367345
220.60823129251702
220.53761904761905
220.50374149659865
220.52972789115648
220.5843537414966
220.5834013605442
220.52149659863946
220.46428571428572
220.4951700680272
220.55190476190478
220.56585034013602
220.5291836734694
220.50272108843538
220.53591836734697
220.60952380952378
220.6503401360544
220.61632653061224
220.58782312925172
220.58591836734695
220.550612244898
220.48591836734693
220.49034013605444
220.5073469387755
220.46551020408165
220.46755102040817
220.5021768707483
220.4878231292517
220.4282993197279
220.42850340136056
220.40360544217685
220.35897959183677
220.3178911564626
220.27020408163264
220.26870748299322
220.25102040816327
220.26891156462585
220.2765306122449
220.2651700680272
220.14340136054423
220.03537414965987
220.00367346938776
219.9961904761905
220.0025170068027
220.02693877551022
220.09448979591838
220.0782993197279
220.02857142857144
219.97020408163263
219.98986394557824
219.92462585034016
219.83972789115649
219.76680272108845
219.79931972789115
219.85197278911565
219.8470068027211
219.7649659863946
219.70068027210885
219.66149659863945
219.66755102040818
219.6421768707483
219.62040816326532
219.5822448979592
219.57414965986396
219.4995918367347
219.41102040816327
219.36
219.3274149659864
219.26414965986396
219.18625850340138
219.0868707482993
218.93925170068027
218.7908163265306
218.74312925170068
218.76244897959182
218.7674149659864
218.67993197278912
218.57591836734696
218.4691156462585
218.3812925170068
218.22802721088436
218.12802721088437
218.05557823129251
218.10285714285718
218.06081632653064
217.98333333333335
217.88721088435378
217.85795918367347
217.78537414965984
217.70598639455784
217.66544217687076
217.65115646258505
217.56986394557825
217.44108843537416
217.26360544217687
217.1608163265306
217.06707482993198
217.01591836734693
216.92925170068028
216.85517006802723
216.74557823129254
216.60918367346937
216.42190476190478
216.2887755102041
216.21945578231293
216.16510204081635
216.1
215.967074829932
215.8436054421769
215.6900680272109
215.50496598639458
215.26081632653063
215.11748299319729
215.0670068027211
214.96653061224492
214.76897959183674
214.5916326530612
214.43591836734691
214.25027210884355
214.05163265306126
213.90394557823132
213.74714285714288
213.50857142857143
213.36448979591833
213.29020408163265
213.26442176870748
213.07551020408164
212.80503401360545
212.5555102040816
212.39374149659864
212.2782993197279
212.02428571428572
211.7739455782313
211.55115646258506
211.41074829931972
211.20054421768705
210.9929931972789
210.7865306122449
210.58585034013603
210.35741496598644
210.0387074829932
209.63666666666668
209.4040136054422
209.26931972789117
209.06619047619049
208.6847619047619
208.39367346938778
208.11748299319729
207.85598639455782
207.55557823129254
207.2482993197279
206.89517006802726
206.5974829931973
206.3669387755102
206.12210884353743
205.8007482993197
205.4574829931973
205.1048979591837
204.84421768707486
204.6291836734694
204.35102040816327
203.9674829931973
203.66496598639455
203.40952380952382
203.12809523809526
202.8404081632653
202.52727891156465
202.2434693877551
201.98272108843537
201.70326530612246
201.33448979591836
200.94312925170067
200.58421768707484
200.16312925170067
199.79401360544216
199.38455782312923
199.11693877551022
198.85469387755103
198.6160544217687
198.27136054421769
197.85884353741497
197.44564625850342
197.13360544217687
196.86414965986393
196.5214965986395
196.16
195.86700680272108
195.62197278911563
195.40360544217688
195.0261904761905
194.53462585034012
194.0943537414966
193.7656462585034
193.3455782312925
192.94775510204084
192.57047619047623
192.32612244897962
191.98544217687075
191.73238095238094
191.44367346938776
191.11673469387756
190.62795918367345
190.19027210884354
189.8312244897959
189.5055782312925
189.16877551020406
188.7857142857143
188.40789115646263
188.07081632653063
187.66068027210886
187.29653061224488
186.90068027210884
186.56625850340137
186.12217687074832
185.69061224489798
185.24612244897958
184.9338775510204
184.6056462585034
184.26278911564629
183.88891156462586
183.51707482993197
183.0970068027211
182.70551020408163
182.24986394557823
181.80972789115646
181.36619047619047
180.9236054421769
180.52551020408163
180.11455782312925
179.6651700680272
179.18
178.74149659863946
178.34571428571428
177.9255782312925
177.45278911564628
177.03619047619048
176.70734693877552
176.36292517006802
175.93367346938777
175.4534013605442
174.97129251700682
174.55034013605442
174.1369387755102
173.74312925170068
173.37727891156464
173.0230612244898
172.53231292517006
172.0430612244898
171.6034013605442
171.19414965986394
170.65727891156462
170.13197278911565
169.72374149659862
169.39857142857142
168.9238775510204
168.48809523809524
168.08292517006802
167.69340136054421
167.21897959183676
166.76489795918368
166.41496598639458
166.05863945578233
165.58925170068028
165.07653061224494
164.60585034013607
164.15850340136055
163.75013605442177
163.36965986394557
163.0178911564626
162.65013605442178
162.278231292517
161.7995918367347
161.41918367346938
161.13068027210886
160.85938775510203
160.48122448979592
160.1026530612245
159.67122448979592
159.25244897959183
158.82163265306124
158.40809523809526
157.95632653061227
157.63646258503402
157.40244897959184
157.08625850340138
156.5912925170068
156.16231292517006
155.83197278911564
155.53374149659865
155.20428571428573
154.90639455782312
154.51748299319726
154.09537414965985
153.69428571428568
153.39578231292518
153.08285714285714
152.79020408163268
152.44646258503403
152.09891156462584
151.66238095238094
151.25789115646256
150.90809523809523
150.70176870748298
150.3799319727891
149.99333333333334
149.58251700680273
149.2581632653061
148.9365306122449
148.62231292517006
148.28319727891156
147.97448979591837
147.6758503401361
147.41408163265305
147.09102040816327
146.87040816326532
146.66238095238094
146.4220408163265
146.04244897959185
145.7126530612245
145.38931972789115
145.0677551020408
144.69802721088433
144.3029931972789
143.90829931972792
143.62408163265306
143.22687074829935
142.85442176870748
142.45210884353742
142.29034013605443
141.9504761904762
141.62122448979596
141.17034013605445
140.96197278911563
140.71523809523808
140.48360544217687
140.1404761904762
139.86775510204083
139.52591836734695
139.1978231292517
138.81979591836736
138.60455782312926
138.34673469387755
138.04761904761904
137.67918367346937
137.3548979591837
137.01170068027213
136.64523809523808
136.31115646258502
135.92802721088435
135.64190476190475
135.25836734693877
134.9452380952381
134.57904761904763
134.29442176870748
133.8916326530612
133.5982993197279
133.31115646258505
132.93714285714287
132.55993197278912
132.31081632653064
132.0786394557823
131.68496598639456
131.28394557823128
130.85217687074828
130.53108843537416
130.29442176870748
130.08428571428573
129.68802721088434
129.30251700680273
129.00115646258504
128.7278231292517
128.5817006802721
128.4012244897959
128.1621768707483
127.77367346938776
127.5395918367347
127.27006802721088
126.885306122449
126.5657142857143
126.34414965986396
126.09918367346938
125.74136054421768
125.45462585034014
125.2978231292517
125.05333333333334
124.7152380952381
124.38564625850341
124.11292517006804
123.94054421768709
123.75666666666667
123.6482993197279
123.41095238095238
123.17857142857143
122.90374149659863
122.8004081632653
122.74292517006805
122.56374149659865
122.1761224489796
121.79959183673469
121.49360544217689
121.32897959183674
121.18857142857144
120.97115646258504
120.62510204081633
120.34496598639456
120.19149659863945
120.02299319727892
119.78292517006804
119.62333333333333
119.51646258503402
119.29918367346939
119.05993197278912
118.89802721088436
118.75469387755103
118.66190476190476
118.60557823129251
118.52632653061225
118.39115646258503
118.1774149659864
118.01231292517008
117.95489795918368
117.88741496598641
117.68421768707483
117.4360544217687
117.42877551020409
117.50639455782311
117.43020408163267
117.24374149659863
117.13938775510205
117.13748299319728
116.91829931972791
116.69047619047619
116.50122448979593
116.40197278911563
116.401768707483
116.47319727891156
116.46387755102042
116.33993197278912
116.29319727891158
116.3565986394558
116.36122448979592
116.19517006802721
115.94836734693878
115.79340136054422
115.7308843537415
115.66285714285715
115.56619047619049
115.49183673469389
115.47238095238096
115.51095238095238
115.57850340136055
115.62149659863945
115.56210884353742
115.39816326530612
115.26816326530613
115.3239455782313
115.51027210884355
115.6017006802721
115.58557823129252
115.58850340136055
115.7091836734694
115.81578231292517
115.88054421768709
115.81632653061226
115.79088435374149
115.79142857142857
115.75619047619048
115.64122448979592
115.6817006802721
115.9434693877551
116.11292517006804
116.19027210884354
116.35809523809525
116.55115646258504
116.61551020408164
116.67639455782314
116.7552380952381
116.83571428571427
116.98081632653061
117.17401360544217
117.18666666666667
117.28544217687076
117.32401360544218
117.52020408163264
117.62585034013605
117.82619047619049
117.94993197278912
118.18027210884354
118.36911564625849
118.6878911564626
118.92775510204082
119.17993197278912
119.3748979591837
119.64115646258504
119.87938775510204
120.20095238095239
120.4821768707483
120.69768707482994
121.09183673469389
121.55448979591837
121.97482993197279
122.32326530612247
122.68034013605444
123.03
123.32115646258504
123.63857142857144
124.04115646258504
124.59585034013607
125.09993197278912
125.50986394557825
125.89517006802721
126.28401360544218
126.56020408163266
127.08285714285714
127.72210884353743
128.3012244897959
128.62714285714287
129.10523809523812
129.6779591836735
130.28333333333336
130.77380952380952
131.27469387755104
131.74965986394557
132.34517006802722
132.88217687074828
133.4492517006803
133.90353741496602
134.48496598639457
135.023537414966
135.6291836734694
136.12809523809526
136.6487755102041
137.15993197278914
137.73115646258503
138.13190476190476
138.5340136054422
139.06258503401358
139.73789115646258
140.248231292517
140.7287755102041
141.0765306122449
141.45727891156463
141.77129251700683
142.34884353741495
142.88496598639455
143.4887074829932
143.84006802721086
144.25537414965987
144.55850340136055
145.01183673469387
145.39034013605442
145.92102040816326
146.33455782312924
146.763537414966
147.12414965986395
147.40979591836734
147.6500680272109
148.0512925170068
148.5239455782313
148.84013605442178
149.01401360544216
149.31469387755104
149.65170068027209
149.91217687074828
150.1142176870748
150.4213605442177
150.75455782312923
151.07333333333332
151.37040816326532
151.59306122448982
151.78639455782314
152.10380952380953
152.43122448979594
152.62557823129254
152.82380952380953
153.0465306122449
153.20959183673472
153.34455782312926
153.59238095238095
153.82163265306124
153.9699319727891
154.06605442176868
154.32448979591837
154.6398639455782
154.91530612244895
155.10993197278913
155.33625850340135
155.51537414965986
155.6275510204082
155.77632653061224
155.93530612244896
156.06482993197278
156.14326530612246
156.1986394557823
156.3695238095238
156.54387755102044
156.60707482993197
156.49891156462587
156.42489795918368
156.4043537414966
156.3957142857143
156.3483673469388
156.24605442176875
156.27836734693878
156.22040816326532
156.17687074829934
156.0453741496599
155.93061224489796
155.71088435374148
155.55074829931974
155.29931972789115
155.01421768707485
154.75238095238097
154.5300680272109
154.22551020408162
153.9765306122449
153.69088435374147
153.2444217687075
152.7829931972789
152.46693877551022
152.2174829931973
151.91755102040818
151.54938775510203
151.17170068027212
150.8125850340136
150.28952380952384
149.64891156462585
149.14653061224487
148.93687074829933
148.69496598639458
148.2644217687075
147.71448979591835
147.2008163265306
146.77816326530612
146.39401360544218
145.98734693877552
145.53945578231293
145.0838775510204
144.60476190476192
144.12326530612245
143.54721088435375
142.98537414965986
142.60884353741494
142.26734693877552
141.83136054421766
141.2851700680272
140.8261904761905
140.35285714285715
139.96544217687077
139.58074829931974
139.14993197278915
138.7721088435374
138.4282993197279
138.03149659863945
137.57938775510206
137.22360544217688
136.91115646258504
136.55857142857144
136.1561224489796
135.74972789115645
135.5256462585034
135.35707482993197
135.00360544217688
134.5234693877551
134.11346938775512
133.8191156462585
133.481768707483
133.2342857142857
132.96571428571428
132.63312925170067
132.1895238095238
131.8747619047619
131.63836734693876
131.37333333333333
130.97149659863945
130.56414965986392
130.15054421768707
129.71829931972792
129.3378911564626
129.10993197278913
128.8874149659864
128.4878231292517
128.06387755102043
127.8708843537415
127.72387755102041
127.42789115646258
127.06551020408165
126.8648299319728
126.69721088435375
126.44768707482993
126.3073469387755
126.15081632653062
125.89986394557823
125.61523809523811
125.66714285714285
125.70238095238095
125.56251700680272
125.24102040816328
125.05571428571429
124.91034013605443
124.84727891156463
124.74979591836735
124.58836734693878
124.42190476190476
124.16612244897959
123.95238095238096
123.82727891156462
123.80326530612246
123.64945578231294
123.48850340136055
123.4526530612245
123.4761224489796
123.53544217687076
123.56095238095239
123.51945578231293
123.52884353741497
123.55761904761906
123.53006802721089
123.41517006802721
123.35632653061225
123.36414965986393
123.44972789115648
123.50537414965986
123.53278911564627
123.56510204081633
123.63965986394558
123.65877551020408
123.64755102040816
123.60986394557824
123.49326530612245
123.43149659863947
123.47673469387756
123.50557823129252
123.3970068027211
123.33598639455782
123.43115646258505
123.49578231292517
123.5883673469388
123.73238095238095
123.95408163265307
124.0578231292517
124.15986394557822
124.32380952380953
124.57374149659864
124.74673469387756
124.80938775510205
124.95489795918368
125.1408843537415
125.26380952380953
125.35231292517005
125.583537414966
125.79639455782313
125.8539455782313
125.98537414965986
126.16210884353741
126.28272108843538
126.33782312925172
126.39925170068028
126.43476190476191
126.5795238095238
126.77816326530613
126.95530612244899
127.03979591836735
127.22489795918368
127.36408163265305
127.49625850340135
127.57537414965986
127.6861224489796
127.80115646258503
127.82319727891156
127.91244897959186
128.0800680272109
128.30340136054423
128.43727891156465
128.57673469387757
128.7621768707483
128.8361904761905
128.94122448979593
129.14102040816326
129.55619047619047
129.84931972789116
130.03687074829935
130.1813605442177
130.41414965986394
130.69204081632654
131.03285714285715
131.26489795918368
131.3648299319728
131.4630612244898
131.7118367346939
131.92816326530613
132.14068027210885
132.27496598639456
132.34993197278914
132.44374149659865
132.59755102040816
132.6599319727891
132.64489795918365
132.7526530612245
132.94251700680275
133.1334013605442
133.3904081632653
133.70931972789114
133.88591836734696
133.98081632653063
134.1556462585034
134.40244897959184
134.5709523809524
134.69802721088433
134.94204081632654
135.2168707482993
135.41877551020409
135.64850340136056
135.88931972789118
136.15775510204082
136.37721088435376
136.6486394557823
136.881156462585
137.10666666666665
137.4621088435374
137.84244897959184
138.11816326530612
138.37659863945578
138.65414965986395
139.03632653061226
139.35115646258504
139.78843537414963
140.0844897959184
140.3961904761905
140.76530612244898
141.29714285714286
141.8009523809524
142.2925850340136
142.91428571428574
143.5338775510204
143.99884353741498
144.32068027210886
144.8934013605442
145.67285714285714
146.43585034013608
147.0213605442177
147.62142857142857
148.3712925170068
149.2278911564626
150.15598639455783
151.17421768707484
152.34598639455783
153.4625850340136
154.52571428571432
155.6774149659864
157.09074829931976
158.6452380952381
159.9819047619048
161.2039455782313
162.401156462585
163.65156462585037
164.74496598639456
165.5761904761905
166.3181632653061
166.98197278911564
167.61265306122448
168.04918367346937
168.48197278911564
168.9840816326531
169.44244897959183
169.69557823129253
169.88156462585033
170.11489795918368
170.4661904761905
170.84122448979593
171.14496598639457
171.4248299319728
171.71074829931973
172.06340136054422
172.24333333333334
172.50761904761904
172.89401360544218
173.37156462585037
173.81938775510207
174.28251700680272
174.76095238095238
175.1643537414966
175.5587074829932
175.82897959183674
176.07884353741497
176.19727891156464
176.22210884353743
176.1803401360544
176.14925170068028
175.9587074829932
175.62244897959187
175.37061224489796
175.21809523809526
175.2292517006803
175.28108843537416
175.14700680272108
174.69244897959186
174.0851020408163
173.5314285714286
173.02877551020407
172.52149659863943
171.93979591836734
171.38646258503402
170.79591836734693
170.1270068027211
169.2260544217687
168.05877551020407
166.66979591836736
165.18659863945578
163.52034013605441
161.64183673469387
159.6069387755102
157.82639455782314
156.13850340136057
154.388843537415
152.27448979591838
150.175306122449
148.06360544217688
146.3365986394558
144.8327210884354
143.36836734693878
141.7213605442177
140.055306122449
138.53462585034015
137.13374149659865
135.72448979591837
134.25401360544217
133.06632653061226
131.87809523809526
130.6022448979592
129.27013605442178
127.97340136054423
126.64761904761906
125.21843537414966
123.70251700680274
121.89551020408163
120.16380952380952
118.45027210884356
116.74843537414966
115.06095238095239
113.50809523809522
112.06639455782313
110.60285714285715
109.49700680272109
108.6669387755102
107.86306122448978
106.64401360544218
105.29632653061225
103.79176870748299
102.21387755102042
100.39836734693878
98.333537414966
96.06108843537416
93.83802721088435
91.77306122448975
89.75792517006799
