89.34074829931973
89.32986394557823
89.17068027210884
89.16721088435375
89.2582993197279
89.3112925170068
89.02585034013606
88.72734693877553
88.6243537414966
88.80850340136055
88.80537414965987
88.18680272108844
87.9665306122449
87.84578231292517
87.7147619047619
87.36401360544218
87.34925170068027
87.3878231292517
87.22619047619048
87.28387755102042
87.0457142857143
86.78952380952381
86.82476190476191
86.79108843537415
86.78299319727891
86.53387755102041
86.71197278911565
86.3595918367347
86.08462585034013
85.80979591836736
86.2156462585034
86.4891836734694
86.44353741496599
86.32333333333334
86.1048299319728
85.79462585034014
85.62605442176871
85.74517006802722
85.95204081632653
85.95455782312925
85.68108843537415
85.73510204081632
86.18945578231293
86.5904761904762
86.4277551020408
86.59843537414966
86.4387074829932
86.4812925170068
86.54292517006803
87.11142857142858
87.0256462585034
86.7008843537415
86.43721088435375
86.47625850340137
86.79231292517007
86.7991836734694
86.86503401360545
86.80068027210885
86.75707482993198
86.55414965986395
86.43687074829931
86.34394557823128
86.63625850340136
86.6343537414966
86.67210884353742
86.56965986394557
87.09653061224489
87.13122448979593
87.14340136054422
87.22653061224491
87.37074829931973
87.03741496598641
86.81462585034012
86.74578231292519
86.7018367346939
86.25122448979593
86.60741496598641
87.08945578231294
87.1530612244898
86.69489795918369
86.5191836734694
86.48625850340136
86.60823129251702
86.58136054421769
86.72897959183673
86.92625850340136
86.90503401360544
86.44312925170067
86.34979591836735
86.5843537414966
86.66965986394558
86.45680272108844
85.9131292517007
85.74231292517007
85.51918367346937
85.55659863945579
85.10149659863944
84.95156462585032
84.67136054421769
84.86748299319729
85.00768707482993
84.8769387755102
84.79931972789116
84.7669387755102
85.02122448979591
85.04374149659864
85.31068027210885
85.55993197278912
85.93503401360545
86.06136054421768
86.26387755102041
86.23503401360544
86.85469387755103
87.39299319727891
87.63455782312926
87.27272108843538
87.5
87.54680272108844
87.79183673469387
88.04891156462585
88.3882993197279
88.32646258503402
88.5304081632653
88.72462585034013
88.87843537414966
89.17537414965986
89.58836734693877
89.73448979591836
90.04489795918369
90.49993197278913
90.99897959183674
91.16469387755103
91.52938775510205
91.62224489795919
92.09319727891156
92.26877551020408
92.53238095238095
92.35673469387754
92.68170068027212
92.8956462585034
93.51877551020408
94.06204081632654
94.60115646258504
94.6051700680272
94.73863945578232
95.42884353741498
96.13163265306123
96.5926530612245
96.8352380952381
97.38571428571429
97.40108843537415
97.7269387755102
98.12863945578232
98.58925170068028
98.80448979591837
99.31292517006803
100.00265306122449
100.35163265306124
100.78938775510204
101.36204081632654
102.30931972789116
102.85272108843537
103.49687074829933
103.9543537414966
104.52734693877552
105.08210884353741
106.21244897959184
107.20843537414966
107.74659863945578
108.25333333333333
108.78278911564627
109.54551020408164
110.25857142857143
111.24462585034013
112.04748299319728
112.82775510204081
113.76551020408162
114.59360544217688
115.76585034013607
116.74585034013607
118.14197278911564
119.19598639455783
120.51632653061226
121.9112925170068
123.70816326530613
125.12965986394559
126.80122448979591
128.72285714285715
131.01360544217687
132.9987074829932
135.14319727891157
137.355306122449
139.71448979591835
142.16680272108843
144.3321088435374
146.26367346938775
148.05006802721087
149.95299319727891
152.03925170068027
154.12278911564627
156.30564625850343
158.44761904761904
160.6857142857143
162.48231292517008
164.36503401360545
166.01074829931974
168.01258503401363
169.71197278911563
171.5826530612245
173.12360544217688
174.861768707483
176.52374149659863
178.4469387755102
180.3107482993197
181.5687755102041
182.83054421768708
184.26782312925172
185.88843537414965
187.0643537414966
188.24925170068028
189.36605442176872
190.6143537414966
191.52551020408163
192.2299319727891
193.09190476190477
194.25578231292516
194.93802721088437
195.33380952380952
195.87272108843538
196.6491836734694
197.17816326530613
197.59489795918367
198.1378231292517
198.63013605442177
198.82782312925167
198.81591836734694
199.0070068027211
199.31986394557822
199.49469387755101
199.63727891156464
199.76176870748301
199.84068027210884
199.80149659863946
199.68482993197279
199.31462585034012
198.9404761904762
198.76190476190476
198.57857142857145
198.18231292517007
197.85340136054424
197.39401360544218
196.78748299319727
196.13319727891155
195.67238095238096
195.01680272108842
194.1591156462585
193.2608843537415
192.6568707482993
191.93367346938774
191.1748299319728
190.10632653061225
188.96428571428572
187.7334693877551
187.03340136054422
186.1655102040816
184.94149659863945
183.41231292517006
182.37387755102043
181.348231292517
180.30748299319728
178.98795918367347
177.64183673469387
176.4925170068027
175.6991836734694
174.87455782312924
173.7495238095238
172.51013605442176
171.42414965986396
170.42156462585035
169.46877551020407
168.68972789115645
167.9125850340136
167.24925170068028
166.5087755102041
165.95380952380953
165.15857142857143
164.48414965986396
163.79897959183674
163.18789115646257
162.66210884353742
162.40659863945575
162.32353741496598
162.185306122449
161.95013605442176
161.36469387755102
161.02802721088435
160.8065306122449
160.9769387755102
160.88755102040818
160.83163265306123
160.56326530612245
160.6596598639456
160.70455782312928
161.1221768707483
161.26802721088436
161.56040816326532
161.63074829931975
162.1774149659864
162.29789115646258
162.8295918367347
163.37775510204082
164.15074829931973
164.52476190476193
165.1661224489796
165.77578231292517
166.42108843537414
166.87108843537413
167.3939455782313
167.98231292517008
168.63455782312926
169.21047619047621
169.69775510204082
170.35149659863944
171.17278911564625
172.08455782312927
172.73857142857145
173.22156462585036
173.6934693877551
174.37850340136055
175.20210884353742
175.8578231292517
176.36551020408166
176.78993197278913
177.31122448979593
177.86489795918368
178.4808163265306
179.06925170068027
179.6682993197279
180.1718367346939
180.52156462585035
180.6943537414966
181.0929931972789
181.56408163265309
182.04299319727892
182.38755102040818
182.70659863945582
183.02496598639453
183.29986394557824
183.50231292517003
183.76530612244898
184.21632653061224
184.5087755102041
184.5848299319728
184.71891156462587
184.97102040816327
185.25197278911565
185.42387755102038
185.4656462585034
185.6077551020408
186.1012925170068
186.5713605442177
186.7148299319728
186.7138775510204
186.8679591836735
187.03795918367348
187.25210884353743
187.33768707482994
187.4522448979592
187.58442176870747
187.82598639455782
187.91795918367347
187.85972789115647
188.05585034013603
188.3531292517007
188.3505442176871
188.0673469387755
188.13
188.39401360544215
188.56034013605444
188.60448979591837
188.66319727891158
188.67394557823127
188.69108843537416
188.78326530612244
188.8499319727891
188.65421768707483
188.5861904761905
188.61476190476193
188.7575510204082
188.70666666666668
188.7797959183673
188.97115646258504
189.11095238095237
189.02190476190478
188.62326530612245
188.49673469387756
188.49326530612248
188.671768707483
188.7152380952381
188.79911564625854
188.6757142857143
188.5725170068027
188.4465986394558
188.46537414965988
188.28374149659868
188.10224489795922
187.9178911564626
187.93136054421768
187.7716326530612
187.61537414965986
187.28775510204085
187.185306122449
187.1073469387755
187.12013605442178
186.896462585034
186.93197278911566
186.96979591836734
186.75721088435373
186.30285714285714
186.22659863945577
186.17666666666668
185.98340136054424
185.72142857142856
185.63585034013607
185.5657142857143
185.54108843537415
185.24217687074832
184.9056462585034
184.89360544217686
184.80836734693878
184.4531292517007
184.19156462585036
184.16020408163268
184.04074829931974
184.1048299319728
183.81020408163266
183.45210884353742
183.1718367346939
183.11591836734692
182.76108843537415
182.57925170068026
182.24265306122447
181.87408163265306
181.62149659863945
181.4691836734694
181.38510204081632
181.25938775510204
181.06687074829932
180.85285714285715
180.48517006802723
180.1555782312925
179.7875510204082
179.69761904761904
179.3724489795918
179.2342857142857
178.89469387755105
178.64353741496598
178.54034013605443
178.44619047619048
177.8842857142857
177.3109523809524
177.06340136054422
176.93367346938777
176.66591836734693
176.17680272108845
175.73204081632653
175.47619047619048
175.5770068027211
175.35823129251702
175.01510204081632
174.5229931972789
174.21585034013606
173.8556462585034
173.63006802721088
173.1847619047619
172.6986394557823
171.9821768707483
171.50503401360544
171.41183673469385
171.33551020408163
171.04544217687075
170.44734693877552
169.8939455782313
169.3714285714286
169.15748299319728
168.6497278911565
168.03244897959183
167.79646258503402
167.6608843537415
167.1095918367347
166.3976870748299
166.0930612244898
165.80829931972792
165.46224489795918
164.8351020408163
164.37965986394556
163.80367346938775
163.47421768707483
162.94244897959186
162.5521768707483
162.16714285714286
161.9457823129252
161.41380952380953
160.81013605442175
160.1608843537415
159.73102040816326
159.08034013605442
158.63238095238097
157.95768707482995
157.45414965986396
156.78210884353743
156.35421768707485
155.76537414965986
155.37088435374153
154.8239455782313
154.09061224489795
153.53795918367348
153.03884353741498
152.34897959183672
151.67142857142858
151.51476190476188
151.27408163265306
150.41632653061225
149.52251700680273
148.78938775510207
148.36721088435374
147.70428571428573
147.1931292517007
146.50231292517006
145.84353741496597
145.1891156462585
144.80761904761906
144.37863945578232
143.65544217687076
142.8769387755102
142.11027210884353
141.5795238095238
141.0391156462585
140.59122448979593
139.8502721088435
138.99074829931973
138.29850340136053
137.8542857142857
137.43959183673468
136.6978231292517
135.75414965986394
134.84850340136055
134.0717006802721
133.58054421768708
132.99734693877554
132.41496598639458
131.56272108843538
130.9287755102041
130.56020408163266
130.10102040816327
129.33761904761906
128.34224489795918
127.60074829931973
126.81122448979592
126.35380952380953
125.80673469387756
125.22768707482993
124.3047619047619
123.7204761904762
123.13979591836735
122.59238095238095
121.91380952380953
121.3726530612245
120.71585034013606
120.08605442176871
119.52224489795918
119.04102040816328
118.38414965986394
117.5708163265306
116.88115646258504
116.30693877551022
115.78285714285715
115.13741496598641
114.41102040816327
113.60952380952382
113.0391156462585
112.771768707483
112.19319727891157
111.43510204081633
111.02108843537417
110.58904761904762
109.8304081632653
108.94517006802721
108.45517006802723
107.77578231292519
107.16163265306122
106.50836734693878
105.94918367346939
105.33768707482994
104.79448979591837
104.21272108843539
103.74054421768707
103.3013605442177
102.72428571428571
102.09795918367347
101.57761904761905
101.06585034013605
100.26231292517008
99.74768707482993
99.25156462585035
99.05863945578231
98.50836734693878
97.84517006802722
97.02517006802721
96.58176870748301
96.2921768707483
95.5269387755102
94.86238095238096
94.42312925170067
94.26251700680272
93.88551020408164
93.32795918367347
92.82136054421768
92.29333333333334
91.96394557823129
91.71428571428572
91.34183673469389
90.86115646258503
90.17238095238096
89.5021768707483
88.52435374149661
88.15469387755103
87.8186394557823
87.55068027210883
86.5912244897959
85.91489795918368
85.43693877551021
85.21448979591837
84.75190476190477
84.23231292517008
83.65972789115648
83.07414965986395
82.39721088435374
81.9117006802721
81.6721768707483
81.54020408163265
80.64027210884353
80.17224489795919
80.0504081632653
79.79836734693879
78.71585034013606
78.09326530612245
77.82612244897959
77.45108843537415
76.89006802721087
76.43741496598639
75.85918367346939
75.17448979591836
74.94795918367348
74.77503401360545
74.46585034013606
73.91340136054421
73.42802721088435
73.24108843537414
73.00557823129252
72.78965986394557
72.0574149659864
71.69972789115647
71.20360544217688
70.97863945578233
70.32170068027212
69.73333333333333
69.45503401360544
69.38931972789115
68.84925170068028
68.42591836734694
68.17693877551021
68.07394557823129
67.64333333333333
67.24972789115647
66.56428571428572
65.97183673469388
65.77632653061225
65.54278911564626
65.1261224489796
64.41408163265307
64.05183673469388
64.19850340136054
64.14027210884353
63.885646258503414
63.43870748299321
63.271700680272104
62.92721088435374
62.680068027210886
62.219795918367346
61.818775510204084
61.43734693877551
61.16340136054421
60.940884353741495
60.89789115646259
60.54591836734694
60.287891156462585
60.11775510204082
59.735170068027216
59.533265306122445
59.27285714285715
59.23761904761905
58.811292517006805
58.57074829931973
57.99619047619048
57.74476190476191
57.39578231292517
57.382993197278914
57.19095238095238
57.08462585034014
56.828911564625855
56.54591836734694
56.47639455782313
56.398367346938784
56.30238095238095
55.78244897959184
55.641292517006804
55.712040816326535
55.57374149659864
55.15455782312925
54.863129251700684
54.96136054421768
54.68333333333333
54.46333333333333
54.32360544217686
54.01272108843537
53.625306122448976
53.354557823129255
53.112925170068024
52.917414965986396
52.967551020408166
53.09462585034014
53.0978231292517
52.680408163265305
52.3621768707483
52.11374149659864
52.26163265306123
52.02673469387755
51.93551020408163
51.80789115646258
51.64857142857143
51.5265306122449
51.1812925170068
51.09319727891157
50.97993197278912
51.171360544217684
51.02340136054422
50.82408163265306
50.57142857142857
50.4774149659864
50.51034013605442
50.50272108843538
50.5408843537415
50.40319727891157
50.374217687074825
49.88319727891157
49.491224489795925
49.495782312925165
49.63857142857143
49.66353741496599
49.63231292517007
49.62312925170068
49.46768707482993
49.33020408163266
49.3165306122449
49.358163265306125
49.360136054421766
49.12782312925171
48.53585034013606
48.638435374149665
48.64006802721089
48.689047619047614
48.274353741496604
48.372244897959185
48.38394557823129
48.59394557823129
48.48680272108844
48.39408163265307
48.055510204081635
48.29190476190476
48.11292517006803
48.10952380952381
47.77142857142857
47.94829931972789
47.87149659863946
47.97605442176871
48.149795918367346
48.16231292517007
47.901496598639454
47.636394557823124
47.570136054421766
47.582244897959185
47.548163265306115
47.69
47.64312925170068
47.5338775510204
47.370952380952374
47.36231292517007
47.38367346938776
47.19578231292517
47.43183673469388
47.67224489795918
47.729659863945585
47.483333333333334
47.5047619047619
47.5630612244898
47.7295918367347
47.59210884353742
47.35251700680272
47.28693877551021
47.49748299319727
47.65054421768708
47.714625850340134
47.63401360544218
47.479387755102046
47.52469387755102
47.69197278911565
47.64802721088436
47.700816326530614
47.589727891156464
47.64360544217686
47.604965986394554
47.86585034013606
47.73700680272109
47.670136054421775
47.53258503401361
47.79108843537415
48.084013605442166
48.118435374149655
47.94965986394558
47.82945578231293
48.1225850340136
48.12952380952381
48.304081632653066
48.423469387755105
48.849591836734696
49.0548299319728
49.235510204081635
49.00931972789116
49.02823129251701
49.093537414965986
49.5791156462585
49.83503401360544
49.98115646258504
49.722857142857144
49.8843537414966
50.24170068027211
51.00374149659865
51.19755102040817
51.41789115646259
51.36925170068027
51.632176870748296
51.805850340136054
52.342244897959176
52.6565306122449
52.69156462585034
52.717551020408166
53.117142857142866
53.276802721088444
53.19619047619047
53.287346938775514
53.54761904761905
53.57115646258504
53.349931972789115
53.173197278911566
53.2443537414966
53.50469387755102
53.543945578231295
53.34394557823129
53.59292517006803
54.16591836734694
54.25353741496599
53.9570068027211
53.991292517006805
54.21585034013606
54.58047619047619
54.770748299319735
55.116462585034014
54.79931972789116
54.98761904761905
55.12585034013606
55.453809523809525
55.36272108843538
55.542517006802726
55.46489795918367
55.49061224489796
55.84476190476191
56.19707482993197
56.17836734693878
55.96251700680273
56.16360544217687
56.56557823129252
56.6391156462585
56.372993197278916
56.56938775510204
56.78340136054422
56.89734693877551
56.78891156462585
56.86625850340136
56.932789115646266
57.219183673469395
57.20115646258503
56.96918367346939
57.043945578231295
57.42068027210884
57.61224489795919
57.67448979591837
57.65448979591837
57.85523809523809
58.00020408163265
58.24108843537416
58.31775510204082
58.551088435374155
58.56006802721089
58.56918367346939
58.58734693877551
58.66829931972789
58.80591836734694
58.79625850340136
58.83353741496599
58.908367346938775
59.01823129251701
59.11544217687075
59.295646258503396
59.4247619047619
59.250952380952384
59.05850340136055
59.26278911564626
59.222312925170066
58.980884353741494
58.88537414965986
58.978571428571435
58.754557823129254
58.52850340136054
58.4856462585034
58.41863945578232
58.272721088435375
58.08700680272109
57.97081632653062
57.84421768707483
58.08530612244898
57.90727891156463
57.627006802721084
57.12061224489796
57.03673469387755
56.87619047619048
56.80619047619048
56.656870748299326
56.353197278911566
55.985646258503394
55.72496598639456
55.5365306122449
55.785102040816334
55.83979591836735
55.727210884353745
55.13979591836735
54.968095238095245
54.69517006802721
54.472925170068024
54.32149659863946
54.183401360544224
54.13884353741497
54.09074829931973
54.00625850340137
53.78972789115647
53.50836734693878
53.34319727891157
53.408775510204094
53.40551020408164
53.22183673469388
53.03408163265306
52.817006802721096
52.34020408163265
51.96680272108844
51.98564625850341
51.64448979591837
51.57748299319727
51.62061224489796
51.9795918367347
51.55925170068027
51.44319727891156
51.37877551020408
51.22680272108843
50.99911564625851
50.88755102040817
51.185374149659864
50.91612244897959
50.901156462585035
50.788095238095245
50.876938775510204
50.3539455782313
50.04353741496598
50.39034013605442
50.71149659863946
50.335034013605444
49.85251700680273
49.84469387755102
50.13564625850341
50.34755102040816
49.97204081632653
49.51299319727892
49.30585034013606
49.656190476190474
49.609251700680275
49.448503401360554
49.199319727891165
49.351836734693876
49.316802721088436
49.48979591836735
49.447210884353744
49.21244897959184
48.804217687074825
49.10367346938776
49.31843537414966
49.0121768707483
48.81292517006803
48.806666666666665
48.86108843537416
48.72734693877551
49.07965986394558
49.016394557823126
49.125850340136054
48.60680272108844
48.85074829931973
48.73340136054422
49.22551020408164
49.20476190476191
49.5374149659864
49.28380952380952
49.175918367346945
49.43775510204082
49.55401360544218
49.560748299319734
49.59074829931974
49.9095918367347
49.97299319727892
49.990952380952386
49.875578231292515
49.89666666666666
49.54659863945578
49.468503401360536
49.74197278911564
50.15102040816327
50.396666666666675
50.36183673469388
50.33537414965987
50.260816326530616
50.51551020408163
50.58680272108843
50.15482993197279
50.439931972789125
51.04489795918368
51.661768707483
51.4604761904762
51.31353741496599
51.388503401360545
51.3665306122449
51.372789115646256
51.33482993197279
51.68795918367347
51.85142857142857
51.94891156462585
52.09564625850341
52.42707482993198
52.642380952380954
52.696530612244906
52.61925170068027
52.74224489795919
52.84122448979592
52.90605442176871
52.88278911564626
53.350816326530605
53.57054421768707
53.69986394557824
54.010340136054424
54.745986394557825
54.93421768707483
54.94469387755102
54.85197278911564
55.151972789115646
55.4756462585034
55.998707482993204
55.925986394557825
55.85891156462585
56.27605442176871
56.98156462585034
57.47428571428571
57.36469387755102
57.64326530612245
57.5112925170068
57.88775510204082
58.15904761904762
58.508095238095244
58.67578231292517
59.20680272108844
59.73843537414966
59.62047619047619
59.99836734693878
60.31272108843538
61.07367346938776
61.41707482993198
61.696598639455786
61.567891156462586
61.74040816326531
61.921836734693876
61.880612244897954
61.8139455782313
61.54442176870749
61.352653061224494
61.7330612244898
62.282925170068026
62.74632653061225
62.96639455782313
63.36904761904762
63.34857142857143
63.36054421768708
63.77095238095238
64.33632653061224
64.43775510204082
64.33891156462585
64.8004081632653
65.24598639455783
65.30843537414967
65.22142857142859
65.35564625850341
65.76537414965986
66.42598639455781
67.08605442176872
67.2408163265306
67.48462585034014
67.82210884353742
68.08551020408164
68.38285714285715
68.86693877551019
69.31931972789116
69.94061224489796
70.68530612244898
71.22115646258504
71.37054421768707
71.61809523809524
71.99585034013606
72.51149659863945
73.15918367346939
73.89727891156463
74.80639455782313
75.85795918367347
76.92108843537416
77.64204081632654
78.1326530612245
78.87088435374149
79.90870748299321
80.8430612244898
81.32312925170069
81.8669387755102
82.49850340136055
83.20591836734695
83.90027210884354
84.74115646258504
85.87462585034012
86.67462585034014
87.78346938775512
89.18680272108844
90.57564625850341
91.53993197278912
92.78789115646259
94.39619047619048
95.58197278911564
96.76013605442176
98.693537414966
100.73183673469387
102.75857142857143
104.21421768707482
106.13952380952382
107.95367346938775
110.44632653061224
112.51380952380953
114.90999999999998
116.7947619047619
119.3695918367347
121.51938775510203
123.66666666666667
125.23401360544217
127.36374149659864
128.92612244897958
129.82673469387754
130.31278911564627
131.3401360544218
132.48448979591836
133.67333333333335
134.62986394557822
135.37231292517006
136.00938775510207
136.57809523809524
137.31244897959184
137.6625850340136
138.28544217687073
138.59795918367348
139.3308843537415
139.48163265306124
139.8552380952381
140.09149659863948
140.88557823129253
141.42986394557823
141.97809523809525
142.6656462585034
143.21639455782315
143.53952380952384
143.9561904761905
144.87442176870746
145.47285714285715
145.8329931972789
146.00911564625852
146.21020408163267
146.532925170068
146.86217687074827
147.22428571428574
147.30843537414967
147.24843537414966
147.09176870748297
147.1082993197279
146.89156462585038
146.5140136054422
145.95959183673472
145.2905442176871
144.6381632653061
144.2184353741497
143.95034013605442
143.5578231292517
143.1274829931973
142.71646258503404
142.27761904761905
141.6456462585034
140.9512925170068
139.9774149659864
139.00455782312926
137.89102040816329
137.01510204081632
135.70061224489794
134.39673469387753
132.90646258503403
131.37714285714287
129.86918367346937
128.44551020408164
127.0312925170068
125.0543537414966
123.23040816326531
121.34585034013607
119.52931972789115
117.28836734693877
115.1739455782313
112.92054421768708
110.85061224489797
108.48734693877552
106.49333333333334
104.17102040816326
101.85891156462586
99.23224489795919
96.94850340136054
94.03517006802721
91.43469387755101
89.21904761904761
87.25489795918367
84.97999999999999
82.63666666666667
80.43707482993197
78.05115646258504
76.30673469387754
74.69374149659863
73.23979591836735
71.24795918367347
69.71680272108844
68.26972789115646
66.61346938775512
64.75380952380952
62.86435374149659
61.08353741496598
59.045850340136056
57.52510204081633
56.03802721088433
54.31489795918366
