88.39353741496606
88.6734693877551
88.23027210884354
87.77149659863946
87.5304081632653
87.14074829931972
87.00156462585034
87.17816326530611
87.3026530612245
87.12632653061223
86.974693877551
86.65897959183674
86.39374149659864
86.17680272108845
86.04925170068026
85.6974149659864
85.51122448979592
85.47421768707483
85.34544217687075
85.23421768707482
85.30782312925169
85.23231292517008
85.2230612244898
85.06925170068027
85.11598639455784
84.98231292517008
85.1961224489796
84.93965986394558
84.52068027210885
84.56517006802721
84.79544217687075
84.8004081632653
84.62238095238095
84.6395918367347
84.62551020408164
84.67816326530613
84.79707482993197
84.43707482993199
84.06115646258505
84.18421768707483
84.62442176870749
84.75285714285715
84.37387755102041
84.40380952380951
84.60428571428571
84.67244897959183
84.60598639455782
84.87551020408162
84.78707482993197
84.74523809523811
84.87374149659863
85.14857142857143
84.77727891156464
84.76639455782313
84.67945578231293
84.97190476190477
85.01333333333334
85.24809523809525
85.1617006802721
84.96394557823129
84.66163265306123
84.73367346938777
84.9248299319728
84.83619047619047
85.00380952380952
85.2144217687075
85.4878911564626
85.1786394557823
85.12
85.0134693877551
85.4078231292517
85.30904761904762
85.2042857142857
84.87938775510204
84.77768707482994
84.85639455782314
84.87
84.91993197278912
84.95102040816326
85.16068027210885
85.16639455782314
85.05074829931974
84.86122448979592
84.71748299319728
84.83176870748301
85.00857142857143
85.02068027210885
84.71163265306123
84.52102040816327
84.33639455782313
84.21591836734694
84.19095238095238
84.58836734693878
84.46789115646258
84.33489795918368
84.14115646258503
84.26054421768707
83.91278911564626
83.79061224489797
83.49061224489796
83.17013605442176
83.14455782312926
83.40394557823129
83.66469387755102
83.45462585034014
83.21034013605443
83.21503401360543
83.59707482993197
84.27074829931972
84.65714285714287
84.82993197278911
85.20319727891157
85.55142857142856
85.64530612244897
85.50231292517007
85.99904761904763
86.13721088435375
86.45714285714286
86.44278911564626
86.64775510204082
86.61789115646259
86.81619047619047
86.88639455782314
87.0226530612245
87.3713605442177
87.57183673469387
87.64149659863946
87.88020408163266
88.42299319727891
88.99000000000001
88.85884353741496
89.00775510204082
89.33088435374151
89.70666666666668
89.70380952380953
89.95510204081634
90.32285714285715
90.85585034013604
91.26986394557824
91.33292517006804
91.46673469387756
91.84129251700679
92.3561224489796
92.50585034013605
92.76911564625851
93.17795918367347
93.81598639455783
94.49108843537414
94.88217687074831
95.34829931972789
95.38476190476192
95.41163265306125
95.52272108843539
96.19482993197279
96.78224489795917
97.17578231292518
97.6947619047619
97.72006802721089
98.01503401360543
98.61265306122449
99.71068027210885
100.48108843537416
101.12442176870749
101.50224489795917
102.27639455782312
103.19666666666669
104.0830612244898
104.68993197278913
105.37231292517008
106.01312925170069
106.678231292517
107.35530612244898
107.85380952380952
108.64204081632653
109.46537414965987
110.47068027210885
111.40346938775511
112.27877551020407
112.96802721088437
114.00965986394559
115.52816326530612
117.2261224489796
118.69496598639456
119.89544217687074
121.27748299319728
122.68238095238097
124.41877551020407
126.18061224489796
128.32292517006803
130.32265306122449
132.2644897959184
133.9278231292517
136.248231292517
139.06612244897963
141.8326530612245
143.9942857142857
145.83632653061224
147.37251700680272
149.23993197278912
151.67115646258506
154.1575510204082
156.18040816326533
157.98414965986393
159.6759863945578
161.7278911564626
163.90238095238095
165.93210884353743
167.40374149659863
169.0447619047619
170.80768707482994
172.65802721088434
174.20789115646255
175.81789115646262
177.38299319727892
178.9766666666667
180.4526530612245
182.02578231292517
183.52462585034016
184.54714285714286
185.67557823129255
186.79068027210883
188.19442176870749
189.27816326530612
190.57612244897962
191.44897959183675
192.17857142857144
192.68367346938777
193.316462585034
193.84591836734694
194.681768707483
195.42054421768708
196.07095238095238
196.17761904761906
196.55952380952382
196.98938775510203
197.42204081632653
197.57482993197277
197.78741496598641
197.8265986394558
197.83068027210885
197.8991156462585
198.12340136054422
198.05993197278912
197.89714285714285
197.54
197.35272108843537
197.00476190476192
196.82986394557824
196.5418367346939
196.22945578231293
195.63496598639455
195.09408163265306
194.4544217687075
193.88156462585036
193.14231292517007
192.38027210884357
191.30217687074833
190.48367346938778
189.74911564625853
189.03428571428574
187.9691836734694
186.68421768707483
185.66714285714286
184.6509523809524
183.62034013605444
182.48802721088435
181.50591836734696
180.28428571428574
179.01993197278912
177.74727891156462
176.78299319727893
175.64585034013606
174.5265306122449
173.34455782312926
172.3208163265306
171.28659863945578
170.1130612244898
169.20659863945576
168.246462585034
167.35149659863947
166.38122448979593
165.73748299319726
164.91476190476192
164.21551020408165
163.52115646258505
162.96680272108847
162.14122448979592
161.77687074829936
161.39646258503402
161.0361224489796
160.37952380952382
160.0261224489796
159.7779591836735
159.60054421768706
159.0652380952381
158.84414965986394
158.77884353741496
158.79863945578234
158.80217687074833
159.04170068027213
158.96632653061226
158.92394557823133
158.97884353741497
159.1896598639456
159.02360544217686
159.20217687074827
159.57931972789117
160.32782312925173
160.5413605442177
160.9713605442177
161.24727891156462
162.00714285714287
162.40408163265306
163.19006802721088
163.6791156462585
164.42374149659864
164.99183673469386
165.5051700680272
166.04523809523812
166.5917006802721
167.360612244898
168.10789115646259
169.01795918367347
169.70183673469387
170.2730612244898
170.86095238095237
171.34285714285716
171.95360544217687
172.56272108843538
173.2534693877551
173.66312925170067
174.51231292517008
175.38768707482996
176.08761904761906
176.40714285714287
176.79877551020408
177.1398639455782
177.67761904761906
178.39414965986396
178.94707482993198
179.4430612244898
179.89190476190478
180.2300680272109
180.43482993197279
180.60374149659867
180.98238095238096
181.6101360544218
182.16687074829935
182.27489795918368
182.35986394557824
182.76938775510203
183.25061224489795
183.55367346938777
183.62394557823131
183.8841496598639
184.0121088435374
184.26204081632653
184.3938775510204
184.69986394557822
184.80204081632652
185.20367346938775
185.6281632653061
185.7705442176871
185.70734693877554
185.72061224489795
186.0612925170068
186.32428571428574
186.42000000000002
186.50544217687076
186.80544217687074
187.10367346938773
187.05102040816328
187.01319727891158
187.1042857142857
187.3813605442177
187.4229931972789
187.54210884353742
187.57816326530613
187.68748299319728
187.46292517006805
187.61285714285714
187.65625850340138
187.7695918367347
187.65068027210884
187.86632653061227
187.87979591836736
187.87503401360547
187.85006802721088
187.84721088435376
187.6723129251701
187.69680272108846
187.72972789115644
187.90462585034015
187.97802721088436
187.9721768707483
187.7134693877551
187.74428571428572
187.88136054421773
187.8204081632653
187.7422448979592
187.65163265306123
187.50714285714287
187.246462585034
187.1174149659864
187.1818367346939
187.19680272108843
187.16319727891155
187.00346938775513
187.00061224489795
186.80972789115646
186.72721088435375
186.39755102040817
186.19
185.99013605442178
186.14333333333332
186.01319727891158
185.88197278911565
185.68074829931976
185.5039455782313
185.18462585034013
184.94619047619048
184.9557142857143
185.0022448979592
184.93061224489793
184.701156462585
184.34081632653061
184.02680272108844
183.97408163265305
183.9865306122449
183.5891156462585
183.33326530612246
183.21421768707484
183.3600680272109
183.18714285714287
182.96006802721092
182.51476190476188
182.40108843537416
182.06204081632654
181.72006802721089
181.57578231292516
181.6374149659864
181.36714285714288
181.06142857142856
180.84748299319727
180.59333333333333
180.47680272108846
180.29340136054424
180.21721088435373
179.82102040816326
179.39850340136059
179.07768707482992
178.86625850340138
178.50306122448978
178.14027210884353
177.98693877551023
177.8108163265306
177.54904761904766
177.34360544217688
176.90693877551024
176.6626530612245
176.39306122448977
176.20006802721088
175.82537414965986
175.55721088435376
175.2303401360544
175.02625850340135
174.58891156462585
174.23965986394558
173.78768707482993
173.5514965986395
172.89857142857144
172.50156462585034
172.14557823129252
172.0304081632653
171.6100680272109
171.248231292517
170.93646258503404
170.62435374149663
170.2912925170068
169.90414965986395
169.42625850340139
168.90360544217688
168.47299319727892
168.26142857142858
167.7990476190476
167.29938775510203
166.85496598639457
166.5983673469388
166.2614965986395
165.65210884353743
165.10755102040818
164.63108843537415
164.38680272108843
163.988843537415
163.57721088435375
162.99360544217686
162.5082993197279
162.0978231292517
161.75448979591837
161.13544217687075
160.59823129251703
160.19462585034012
159.65741496598642
159.09598639455783
158.60163265306124
158.11986394557823
157.4039455782313
156.81163265306122
156.25891156462586
155.64190476190478
154.97020408163266
154.55170068027212
154.17918367346942
153.66442176870748
153.07503401360543
152.45585034013607
151.94843537414965
151.44619047619045
150.97972789115647
150.26197278911567
149.8123129251701
149.33897959183673
148.64455782312925
147.85367346938776
147.44442176870749
146.9761224489796
146.14925170068028
145.35387755102045
145.03251700680272
144.50727891156464
143.81639455782312
143.06510204081633
142.62850340136055
141.82061224489794
141.19891156462586
140.4977551020408
139.89680272108842
139.12591836734697
138.54789115646258
138.01673469387757
137.53244897959183
136.8513605442177
136.10149659863947
135.53768707482993
134.82673469387754
134.12482993197278
133.4421088435374
132.82666666666668
131.94163265306122
131.2130612244898
130.36068027210885
129.69551020408164
129.08353741496597
128.77081632653062
128.0043537414966
127.4613605442177
126.82448979591837
126.30809523809525
125.39965986394557
124.84918367346938
124.25142857142856
123.63034013605443
122.92319727891157
122.20707482993197
121.5430612244898
120.88727891156462
120.5444217687075
119.66979591836734
119.11068027210885
118.51176870748299
117.95251700680274
117.22489795918369
116.67027210884355
116.1678911564626
115.41809523809525
114.81224489795919
114.23068027210884
113.49040816326531
112.67183673469388
111.85897959183673
111.24904761904762
110.63517006802722
110.12517006802722
109.54870748299321
109.0791156462585
108.58102040816328
108.04278911564626
107.20666666666666
106.63700680272109
105.93639455782314
105.56013605442178
105.06986394557823
104.6725170068027
103.8770068027211
103.29149659863947
102.46156462585034
101.63326530612244
101.18476190476191
101.02578231292517
100.75122448979592
100.20986394557823
99.54727891156462
98.86000000000001
98.44979591836736
98.07040816326531
97.38387755102042
96.64591836734695
96.00938775510204
95.5139455782313
95.0426530612245
94.30176870748299
93.87326530612245
93.46918367346939
93.34068027210884
92.65931972789116
92.22870748299319
91.57115646258504
91.39428571428572
90.94020408163266
90.3330612244898
89.85129251700681
89.17918367346938
88.63006802721088
88.06687074829932
87.78727891156463
87.01925170068027
86.57972789115647
86.0648299319728
85.45510204081634
84.68136054421768
84.3191156462585
84.00333333333333
83.40666666666667
83.03687074829932
82.78693877551021
82.47292517006802
81.7926530612245
81.29265306122448
80.86360544217689
80.22530612244898
79.89265306122448
79.45054421768708
79.22278911564626
78.57122448979592
78.02217687074831
77.33605442176871
76.97108843537416
76.65462585034015
76.33258503401362
75.66843537414965
75.41816326530612
74.86761904761904
74.5660544217687
73.94142857142857
74.22027210884355
73.62251700680272
73.00299319727893
72.2225850340136
72.04816326530613
71.57823129251702
71.03591836734694
70.46741496598639
70.01224489795919
69.74897959183673
69.46925170068027
68.91122448979593
68.65455782312925
68.33748299319728
68.13013605442177
67.66414965986394
67.33809523809524
66.98469387755102
66.86156462585035
66.46312925170068
65.90142857142857
65.32170068027212
65.26204081632653
64.7674149659864
64.39802721088436
63.79197278911565
63.54734693877551
63.23993197278911
63.34972789115647
63.0947619047619
62.525238095238095
62.03863945578232
61.72333333333334
61.490204081632655
61.15462585034014
60.92666666666666
60.73204081632654
60.628027210884355
60.33619047619048
60.02952380952381
59.703809523809525
59.00884353741496
58.48795918367347
58.41047619047619
58.38938775510204
58.22027210884354
57.97489795918367
57.701564625850345
57.704557823129264
57.46503401360545
57.186462585034015
56.51775510204082
56.264693877551025
56.04020408163265
56.205986394557826
56.04258503401361
55.79340136054422
55.53537414965986
55.46816326530613
55.20489795918367
55.16809523809523
54.914489795918364
54.840204081632656
54.35503401360545
54.24884353741497
53.95408163265307
53.87374149659864
53.79020408163265
53.76312925170068
53.57102040816328
53.050884353741495
53.07312925170068
53.18224489795918
53.01863945578231
52.21142857142857
52.04945578231293
51.890408163265306
51.827278911564626
51.398639455782316
51.35394557823129
51.06448979591837
51.18693877551021
51.02564625850341
50.95612244897959
50.90374149659864
50.88224489795918
50.51285714285715
50.423537414965985
50.29435374149659
50.290340136054425
50.41346938775511
50.40517006802721
50.13204081632653
49.83190476190477
49.67965986394558
49.67496598639456
49.732176870748305
49.55251700680272
49.41210884353742
49.31551020408163
49.13360544217687
48.9421768707483
48.88578231292517
48.577278911564626
48.62224489795919
48.88863945578231
48.6791156462585
48.506734693877554
48.43843537414966
48.20843537414966
48.262448979591845
48.395102040816326
48.28156462585035
47.6165306122449
47.60170068027211
47.59020408163265
47.841972789115644
47.447414965986404
47.364761904761906
47.3087074829932
47.56489795918368
47.42809523809524
47.65850340136055
47.268367346938774
47.04394557823129
47.108911564625856
47.2643537414966
46.965170068027206
46.795850340136056
47.05761904761904
47.16285714285714
47.051632653061226
46.778231292517006
46.891020408163264
47.20013605442177
47.028775510204085
46.89666666666667
46.74619047619048
46.986598639455785
46.73564625850341
46.78421768707483
46.408639455782314
46.64945578231293
46.48034013605442
46.31857142857143
46.20421768707483
46.45612244897959
46.374081632653066
46.32768707482994
46.711768707482996
47.05904761904762
46.92006802721088
46.76707482993197
46.39727891156463
46.71421768707483
46.809047619047625
46.73863945578232
46.45231292517007
46.607891156462586
46.66122448979592
46.569319727891155
46.8487074829932
46.87897959183673
46.72993197278912
46.61965986394558
46.9374149659864
47.097482993197275
47.15428571428571
46.88428571428572
46.852312925170075
47.020476190476195
47.21081632653062
47.1056462585034
47.16408163265305
47.43707482993197
47.433877551020416
46.98013605442177
47.27959183673469
47.32353741496599
47.54775510204082
47.34231292517007
48.04510204081633
48.16360544217687
48.35272108843538
48.26312925170068
48.40632653061225
48.324557823129254
48.3439455782313
48.37272108843538
48.62285714285714
48.88646258503401
49.232040816326524
49.49619047619048
49.738503401360546
49.987414965986396
50.279115646258504
50.57081632653061
50.59204081632653
50.87299319727891
51.17727891156463
51.617482993197285
51.78353741496599
51.4843537414966
51.53591836734694
51.783129251700686
52.27346938775511
52.19979591836734
52.27605442176871
52.289251700680275
52.37142857142857
52.429319727891155
52.54775510204081
52.651496598639454
52.81190476190477
52.63414965986395
52.993809523809524
53.05877551020408
53.49768707482994
53.03326530612245
52.82768707482993
52.79965986394558
53.33877551020409
53.449931972789116
53.51074829931973
53.74795918367347
53.798707482993194
53.978299319727896
54.182857142857145
54.433673469387756
54.58836734693877
54.533265306122445
54.4834693877551
54.674489795918376
55.1430612244898
55.07224489795918
55.18040816326531
55.01931972789116
54.95013605442177
54.8778231292517
54.907823129251696
55.044693877551026
55.15238095238095
55.21156462585034
55.228367346938775
55.522721088435375
55.78775510204082
55.78809523809524
56.025986394557826
56.184761904761906
56.378571428571426
56.40095238095238
56.42632653061224
56.46687074829932
56.68727891156463
56.93659863945578
57.123061224489796
57.31319727891156
57.53414965986395
57.38000000000001
57.071020408163264
57.16625850340136
57.48013605442177
57.6008843537415
57.61224489795919
57.77591836734694
57.864013605442175
57.85034013605442
57.89530612244897
57.883809523809525
57.948095238095235
57.610680272108844
57.55816326530613
57.69632653061225
57.9052380952381
57.88496598639456
57.82578231292517
57.710748299319725
57.38380952380953
57.25557823129252
57.10081632653061
56.95789115646258
56.71639455782313
56.598707482993206
56.67326530612245
56.618299319727896
56.64836734693878
56.5504081632653
56.35142857142857
55.67503401360544
55.37612244897959
55.74081632653061
55.91625850340136
55.8891156462585
55.393945578231296
55.46442176870749
55.05367346938776
54.88176870748299
54.39857142857143
54.6078231292517
54.44102040816326
54.543673469387755
54.26870748299319
54.252857142857145
53.61829931972789
53.31802721088435
53.00850340136054
53.044693877551026
52.86557823129252
52.82578231292517
52.53299319727891
52.41632653061224
52.33074829931972
52.12646258503401
51.92462585034014
51.62768707482993
51.333945578231294
51.27714285714286
51.35333333333334
51.113673469387756
50.94489795918368
51.38571428571428
51.01163265306123
50.988299319727886
50.86380952380953
50.54408163265306
49.79204081632653
49.95755102040816
50.649319727891154
50.35877551020408
50.05156462585034
49.78142857142857
49.90680272108844
49.76993197278912
49.507551020408165
49.48897959183674
49.48489795918368
49.489387755102044
49.101156462585045
49.24170068027211
49.6082993197279
49.59346938775511
49.29102040816327
49.02897959183674
48.90714285714286
48.94251700680272
48.83646258503401
48.52843537414966
48.51993197278912
48.820340136054426
48.90231292517007
48.98319727891157
49.24068027210885
49.10823129251701
48.652857142857144
48.40292517006803
48.406462585034014
48.332857142857144
48.388503401360545
48.372176870748305
48.41680272108844
48.389931972789114
48.504557823129254
47.977482993197285
47.96108843537415
48.17823129251701
48.57482993197279
48.319659863945574
48.48183673469387
48.11857142857143
48.16081632653061
48.218095238095245
48.63557823129252
48.377482993197276
48.27700680272109
48.38401360544218
48.42653061224489
48.7943537414966
48.89170068027211
49.29238095238095
49.00666666666667
48.92734693877551
48.485170068027216
48.77047619047619
48.73571428571429
49.05496598639456
49.12551020408164
49.45312925170069
49.15156462585034
49.08027210884353
49.17891156462585
49.508911564625855
49.58768707482993
49.76421768707483
49.75918367346939
49.736394557823125
49.45489795918367
49.81333333333333
50.13068027210884
50.095510204081634
49.67748299319728
49.945510204081636
50.572108843537414
50.55530612244898
50.3008843537415
50.11687074829932
50.35299319727891
50.73244897959184
50.97013605442177
51.116122448979596
51.10659863945579
51.40265306122449
51.40897959183674
51.65027210884354
51.82360544217687
52.156394557823134
52.08619047619048
52.32612244897959
52.447959183673476
52.61775510204082
52.38897959183674
52.98374149659865
53.41068027210884
53.954081632653065
54.463741496598644
54.70931972789116
54.58639455782313
54.38646258503401
54.85367346938776
55.03074829931973
55.252108843537414
55.24993197278911
55.74285714285714
56.20734693877551
56.27210884353742
56.22326530612245
56.56401360544218
56.78986394557823
56.92768707482993
57.15129251700681
57.831088435374156
58.48061224489796
58.852176870748295
58.80183673469388
58.909795918367344
59.349319727891164
59.662448979591844
59.94619047619047
59.903673469387755
59.998979591836736
60.39789115646259
60.93877551020408
61.16666666666667
61.158571428571435
61.160476190476196
60.82714285714286
60.854353741496595
60.87374149659864
61.17054421768708
61.271632653061225
61.79353741496598
62.18632653061225
62.338027210884356
62.68925170068027
63.060408163265315
63.62238095238095
63.484897959183684
63.70231292517007
63.622517006802724
63.85442176870748
64.08952380952381
64.76027210884354
64.83367346938776
65.07442176870748
65.35979591836735
65.91360544217687
66.23367346938777
66.6326530612245
66.89102040816326
67.26455782312925
67.73469387755102
68.34006802721088
68.7656462585034
69.13462585034014
69.84557823129252
70.32367346938776
70.39768707482993
70.23027210884354
71.06591836734694
71.71911564625852
72.68306122448979
73.2760544217687
74.05374149659863
74.71802721088436
75.85319727891157
76.88986394557823
77.7413605442177
78.68843537414966
79.53741496598639
80.31877551020409
80.98829931972789
81.90707482993197
82.34394557823128
82.70748299319727
83.49585034013606
84.56204081632654
85.2725850340136
86.33068027210884
87.74394557823129
89.09755102040816
90.27142857142857
91.47340136054422
92.76823129251702
94.15149659863947
95.69748299319728
97.3082993197279
99.45639455782313
101.46054421768707
103.0578231292517
104.72074829931974
106.81462585034014
108.96673469387757
111.0178911564626
113.42721088435374
115.83598639455782
118.06836734693879
120.24659863945578
122.12707482993198
124.1160544217687
125.97727891156464
127.70897959183674
128.78632653061226
129.90299319727893
130.85272108843537
131.53755102040816
132.42346938775512
133.27068027210885
133.75605442176874
134.52020408163267
135.37102040816328
136.3419047619048
136.51204081632653
136.73496598639454
136.7572789115646
137.60462585034014
138.0746258503401
138.51244897959185
138.68292517006802
139.19312925170067
139.81251700680272
140.73911564625848
141.22639455782314
141.63666666666666
142.056462585034
142.80768707482994
143.5125170068027
143.99469387755101
144.17931972789117
144.49394557823132
145.02925170068028
145.20326530612243
145.18353741496597
145.12204081632655
145.42523809523811
145.53020408163266
145.42013605442176
144.94102040816327
144.81503401360547
144.5522448979592
144.39292517006805
143.82551020408164
143.34945578231293
142.58183673469387
142.31809523809525
141.8760544217687
141.78598639455785
141.27020408163264
140.80102040816328
139.8621768707483
138.96972789115648
138.09394557823128
136.94489795918366
136.02312925170068
135.1370068027211
134.35755102040818
133.08993197278912
131.50074829931972
129.97768707482993
128.50380952380954
127.2556462585034
125.6456462585034
124.04292517006803
122.2674149659864
120.46040816326531
118.48149659863945
116.3569387755102
114.19489795918368
112.04993197278912
109.99102040816327
107.67360544217686
105.47639455782313
103.09244897959184
100.7525850340136
98.21414965986393
95.75333333333334
93.39510204081634
90.73340136054422
88.25251700680272
85.87340136054422
83.7395238095238
81.34231292517008
79.24258503401362
77.06755102040816
75.10156462585034
73.61142857142858
72.54938775510205
70.96721088435375
69.10551020408164
67.60850340136055
66.21503401360545
64.61510204081634
62.515578231292515
60.61775510204082
58.452721088435375
57.02789115646259
55.711564625850315
53.88282312925168
