94.75727891156465
93.88517006802721
93.65319727891156
94.00326530612244
93.99027210884354
93.92346938775509
93.281768707483
92.97884353741497
92.7891836734694
92.66319727891157
92.97700680272109
92.98428571428572
92.94401360544218
92.43870748299321
92.39421768707484
91.95598639455784
92.01054421768708
91.80843537414967
91.59312925170067
91.42931972789117
91.5670068027211
91.43721088435373
91.11380952380952
91.06
90.84544217687076
90.68496598639456
90.74693877551022
90.98952380952382
90.69931972789117
90.83585034013606
91.01496598639456
91.04714285714286
90.71285714285715
90.7304761904762
90.61591836734695
90.7769387755102
90.77809523809525
90.71244897959184
90.30312925170068
90.48789115646258
91.00244897959185
91.34857142857143
90.94625850340137
90.70292517006803
90.93238095238095
91.16197278911565
91.08027210884354
91.1851700680272
90.92727891156461
91.12374149659864
91.2686394557823
91.17401360544218
90.74836734693878
91.08802721088435
91.3495238095238
91.25312925170067
91.00945578231293
91.06326530612245
90.79027210884354
90.84585034013605
91.29823129251702
91.6970068027211
91.3382993197279
91.14197278911566
91.30700680272108
91.50360544217688
91.6491836734694
91.87414965986395
91.88925170068026
91.57551020408164
91.51210884353742
91.20795918367347
90.89170068027211
90.7156462585034
91.11619047619048
91.2608843537415
91.40721088435374
91.23816326530613
91.2534693877551
91.35721088435375
91.43884353741497
91.3487074829932
91.22006802721089
91.37727891156462
91.00843537414967
91.15319727891156
91.01074829931973
90.83877551020407
90.59496598639457
90.88510204081632
90.80034013605442
90.84414965986394
90.84197278911563
90.88285714285713
90.3812925170068
90.38727891156462
90.11503401360544
90.01068027210886
89.74408163265306
89.79687074829931
89.52489795918368
89.77680272108844
89.9712925170068
90.2247619047619
90.27435374149661
90.23687074829934
89.99503401360545
90.1474149659864
90.52102040816327
90.7843537414966
91.21142857142857
91.6312925170068
91.85251700680271
92.07272108843537
92.1374149659864
91.95653061224489
92.22829931972788
92.86401360544218
92.99748299319728
93.06952380952382
93.15782312925171
93.4029931972789
93.64115646258503
94.0169387755102
93.9851700680272
94.17319727891156
94.48795918367347
95.08387755102041
95.48911564625851
95.97496598639457
95.9825850340136
96.10707482993197
96.35945578231295
96.49952380952382
96.88360544217687
97.3939455782313
97.71782312925171
98.01115646258505
98.54360544217688
98.99843537414966
99.09095238095237
99.37278911564627
99.76727891156462
100.13537414965987
100.58108843537416
101.15081632653062
101.72353741496599
102.26258503401361
102.75367346938776
103.15945578231293
103.31843537414966
103.46727891156463
103.88095238095238
104.17054421768708
104.76163265306124
105.23292517006803
105.94850340136054
106.3691836734694
107.02163265306123
107.63829931972788
108.47074829931972
109.01251700680271
109.65551020408162
110.18319727891156
110.83326530612246
111.20122448979592
111.87721088435374
112.75755102040816
113.72891156462586
114.18707482993199
114.91095238095238
115.9434693877551
117.09755102040816
117.79639455782313
118.53
119.31795918367347
120.15414965986395
121.25863945578232
122.21489795918369
123.23292517006803
124.38360544217687
125.87496598639456
127.67367346938777
129.29632653061225
130.87795918367345
132.564693877551
134.55768707482994
136.48367346938775
138.29448979591837
140.13659863945577
142.17489795918368
144.36210884353744
146.5617006802721
148.81149659863945
151.20802721088435
153.20346938775512
155.01278911564626
157.2222448979592
159.7330612244898
161.93108843537416
163.84986394557822
165.76278911564626
167.75340136054425
169.7074829931973
171.3112925170068
173.04578231292516
174.89115646258506
176.62136054421768
178.34721088435373
180.36020408163267
182.36374149659866
184.10673469387757
185.79394557823133
187.1534693877551
188.49591836734692
189.77523809523808
190.9181632653061
191.91333333333336
192.9334693877551
193.76591836734696
194.54170068027213
195.46027210884353
196.544149659864
197.4912925170068
198.26231292517008
198.72387755102042
199.30401360544215
199.9391836734694
200.5957823129252
201.20068027210883
201.74108843537417
202.1055102040816
202.26197278911565
202.52238095238098
202.9394557823129
203.2321088435374
203.38102040816327
203.4191156462585
203.59986394557822
203.8155782312925
203.96476190476193
203.91129251700684
203.73517006802723
203.6829931972789
203.40761904761905
203.16857142857143
202.90673469387755
202.79156462585033
202.36544217687077
201.97673469387757
201.63721088435378
201.27693877551022
200.703537414966
200.09231292517006
199.52857142857147
199.02006802721087
198.3400680272109
197.66993197278913
196.6992517006803
195.9836054421769
195.08204081632653
194.32442176870748
193.3205442176871
192.6142176870748
191.82863945578234
190.92496598639457
189.80727891156465
188.7908163265306
187.70734693877552
186.7527891156463
185.6544217687075
184.48353741496598
182.9000680272109
181.70755102040818
180.57469387755103
179.66278911564626
178.53394557823128
177.78285714285715
176.69721088435372
175.75707482993195
174.86
174.17850340136056
173.21183673469386
172.40687074829933
171.99551020408163
171.34129251700682
170.48040816326534
169.7857823129252
169.52578231292517
169.1408843537415
168.56068027210884
168.0104081632653
167.5413605442177
167.39108843537414
167.22795918367348
167.14993197278912
166.9926530612245
166.99551020408165
166.9665306122449
166.85625850340136
166.7299319727891
166.71503401360545
166.921768707483
166.9113605442177
166.77666666666664
167.01707482993197
167.37414965986395
167.84272108843538
168.01952380952378
168.568231292517
168.73571428571432
169.13639455782317
169.61503401360545
170.40598639455783
171.3009523809524
171.83993197278912
172.28401360544217
172.51156462585035
173.34734693877553
173.99510204081633
174.71401360544218
175.18714285714285
175.82829931972788
176.37421768707483
177.31598639455783
178.13258503401363
178.7474829931973
179.0113605442177
179.52666666666667
179.95278911564625
180.62020408163266
181.10476190476192
181.58666666666664
182.00387755102042
182.45333333333332
182.57938775510206
182.7974829931973
183.27360544217686
183.74285714285713
184.09061224489798
184.58653061224493
184.90258503401358
185.26149659863947
185.52775510204083
185.72054421768706
185.86503401360545
186.25884353741498
186.39482993197277
186.47809523809525
186.81421768707483
187.28523809523813
187.51183673469387
187.5443537414966
187.70863945578233
187.93585034013606
188.3400680272109
188.36108843537414
188.62190476190477
188.7213605442177
189.0804761904762
189.31380952380954
189.56367346938774
189.5734013605442
189.6151020408163
189.75537414965987
190.02054421768707
190.30285714285714
190.31639455782317
190.2630612244898
190.39891156462588
190.4921768707483
190.70891156462585
190.82278911564626
190.90108843537413
190.67095238095237
190.6944217687075
190.82102040816326
191.1753741496599
191.34639455782315
191.4651700680272
191.35102040816327
191.25115646258502
191.26891156462585
191.45884353741496
191.3782993197279
191.2721768707483
191.35217687074828
191.5425170068027
191.51108843537415
191.32707482993197
191.1452380952381
191.21687074829933
191.29578231292516
191.3682993197279
191.1634693877551
191.2239455782313
191.02714285714285
190.99136054421768
190.73258503401362
190.76952380952383
190.88551020408164
191.08333333333331
190.93095238095236
190.64299319727894
190.60360544217687
190.59061224489795
190.5025850340136
190.31408163265309
190.171768707483
190.11666666666667
190.1373469387755
190.01537414965986
189.83979591836734
189.53918367346938
189.16619047619048
188.97625850340137
188.95530612244897
188.92680272108845
188.90136054421768
188.7970068027211
188.54653061224488
188.22687074829932
188.1026530612245
188.06326530612245
188.06401360544217
187.84986394557822
187.42455782312925
187.3640816326531
187.3721088435374
187.24489795918367
186.8969387755102
186.78768707482993
186.71108843537417
186.66850340136057
186.33721088435374
185.98278911564626
185.51408163265307
185.4569387755102
185.33979591836734
185.33578231292515
185.08884353741496
184.85319727891158
184.56564625850342
184.36156462585035
184.09285714285716
183.77285714285713
183.4903401360544
183.4434693877551
183.37149659863945
183.07367346938776
182.69244897959186
182.4861904761905
182.40503401360544
182.08108843537417
181.8204761904762
181.44265306122452
181.2244217687075
180.86551020408166
180.6422448979592
180.20965986394557
179.92517006802723
179.67258503401362
179.5778231292517
179.2660544217687
178.93639455782312
178.54197278911565
178.16013605442177
177.694693877551
177.46585034013606
177.25544217687073
176.90517006802722
176.47707482993198
176.37081632653062
176.19190476190477
175.8210204081633
175.2131972789116
174.89061224489797
174.61510204081634
174.38013605442177
173.96006802721087
173.48027210884354
172.97795918367348
172.4478231292517
172.12455782312924
171.8339455782313
171.37435374149658
170.82292517006806
170.44285714285712
170.13755102040818
169.6461224489796
169.17455782312928
168.96380952380952
168.7795918367347
168.51204081632653
167.88748299319727
167.36646258503401
166.93224489795918
166.66619047619048
166.14380952380952
165.66727891156464
165.1026530612245
164.91843537414965
164.5527210884354
164.08319727891157
163.368843537415
163.11340136054423
162.82081632653063
162.2318367346939
161.37571428571428
160.6040816326531
160.06904761904764
159.71380952380954
159.40897959183673
159.08591836734695
158.5625850340136
157.90836734693877
157.2034693877551
156.78006802721092
156.1601360544218
155.60646258503402
155.09115646258505
154.6025850340136
153.98972789115646
153.27761904761905
152.58122448979591
151.7978231292517
151.25074829931972
150.7374829931973
150.2268027210884
149.63319727891155
148.87333333333333
148.20884353741496
147.73462585034014
147.35517006802723
146.70680272108845
145.9352380952381
145.19993197278916
144.65993197278914
144.08258503401362
143.53598639455782
142.94551020408164
142.22448979591837
141.23027210884354
140.62510204081633
140.0366666666667
139.5474829931973
138.74714285714288
138.01761904761906
136.97210884353743
136.14789115646258
135.54578231292516
135.15462585034012
134.80034013605444
134.33428571428573
133.6787755102041
132.9716326530612
132.3709523809524
131.73843537414967
131.1202040816327
130.48619047619047
129.85646258503402
129.05544217687074
128.3656462585034
127.71163265306123
127.02578231292517
126.36244897959183
125.83421768707484
125.29482993197279
124.69170068027212
124.03795918367348
123.51346938775511
122.76469387755103
122.02972789115647
121.36448979591837
120.70782312925172
120.07639455782312
119.33435374149659
118.70326530612246
118.05190476190478
117.79782312925171
117.18469387755101
116.48761904761906
115.58421768707483
115.03496598639455
114.34993197278912
113.93986394557822
113.08095238095238
112.61319727891157
112.0543537414966
111.73850340136055
110.9212925170068
110.31911564625852
109.66544217687076
109.22843537414965
108.43911564625851
107.63312925170068
107.2261224489796
106.92238095238096
106.60775510204083
106.0565306122449
105.54421768707483
104.68625850340136
104.0334693877551
103.35170068027212
103.02544217687074
102.68081632653062
102.29544217687075
101.37897959183672
100.76115646258503
100.21591836734694
99.871768707483
99.19891156462586
98.84224489795919
98.41074829931974
98.05319727891157
97.54414965986395
97.13564625850341
96.4208163265306
95.66244897959183
95.10102040816327
94.90020408163267
94.4443537414966
93.87489795918367
93.10102040816325
92.38884353741497
91.89142857142856
91.72646258503401
91.46503401360545
90.71795918367349
90.06816326530611
89.59707482993198
89.39897959183673
88.99428571428571
88.778231292517
87.92401360544218
87.18312925170068
86.39557823129252
86.083537414966
85.51673469387755
85.4752380952381
85.243537414966
84.61673469387755
84.10251700680274
83.68190476190476
83.26959183673469
82.71782312925171
82.39972789115647
81.68108843537416
81.03918367346938
80.44972789115646
80.20190476190476
79.90088435374149
79.41748299319727
78.91210884353742
78.42782312925169
78.03503401360544
77.66530612244898
77.2548299319728
76.7505442176871
76.27687074829932
75.66551020408164
74.95816326530613
74.56857142857143
74.54054421768708
74.18557823129252
73.81795918367348
73.16857142857143
73.05857142857141
72.88265306122449
72.58163265306123
71.90040816326531
71.63462585034014
71.41965986394558
71.20102040816326
70.78938775510204
70.15965986394559
69.24687074829932
68.89564625850339
68.70646258503402
68.40721088435376
67.88170068027212
67.81136054421769
67.46238095238095
67.05768707482993
66.69054421768708
66.5304761904762
66.18340136054422
65.8669387755102
65.70755102040818
65.20387755102041
64.85612244897959
64.371768707483
64.42612244897958
64.15149659863945
63.85605442176871
63.265510204081636
63.167414965986396
63.09857142857143
62.94761904761906
62.67170068027211
62.067891156462586
61.72292517006803
61.23210884353742
61.37095238095239
60.86401360544218
60.597687074829935
60.0012925170068
60.53421768707483
60.54816326530613
60.139863945578234
59.80149659863946
59.79272108843537
59.49476190476191
58.95537414965987
58.878911564625845
58.577823129251705
58.40659863945579
58.21258503401361
58.36986394557823
58.22265306122449
58.22340136054422
57.74877551020408
57.54503401360544
57.17
56.99897959183674
56.77748299319729
56.78775510204082
56.60571428571428
56.29122448979592
56.092448979591836
55.86598639455782
55.55367346938776
55.259251700680274
55.12401360544217
54.997006802721096
54.993809523809524
54.95721088435374
54.676802721088436
54.405034013605444
54.32176870748299
54.25095238095238
54.14108843537415
53.769659863945584
53.65632653061225
53.747687074829926
53.91530612244897
53.408163265306115
53.23265306122449
53.40918367346939
53.7608843537415
53.466870748299314
53.249319727891155
52.75142857142857
52.5747619047619
52.59469387755102
52.65489795918367
52.20795918367347
51.917482993197275
51.98619047619048
51.90510204081633
51.62020408163266
51.642312925170074
51.79265306122449
51.82993197278912
51.662244897959184
51.744693877551015
51.60414965986394
51.45979591836735
51.037551020408166
50.84054421768708
50.83197278911565
50.91578231292518
50.79517006802721
50.88020408163265
50.78945578231293
50.82312925170068
50.534897959183674
50.604829931972795
50.160204081632656
50.34721088435374
50.218231292517004
50.24170068027212
50.101292517006804
50.22979591836735
50.360952380952384
50.43823129251701
50.246938775510195
49.99891156462586
50.093265306122454
50.30401360544218
50.32224489795919
50.13326530612245
50.006802721088434
49.70204081632653
49.598707482993206
49.72156462585035
49.99
50.05013605442177
49.769455782312924
49.91707482993197
49.865442176870744
49.9838775510204
49.75693877551021
49.92387755102041
50.01442176870749
49.73068027210885
49.73258503401361
49.78054421768707
49.85755102040817
49.767959183673476
49.978095238095236
49.99496598639456
49.84428571428571
49.67006802721088
49.56496598639456
49.82462585034014
49.98224489795919
49.86170068027211
49.86455782312925
50.08326530612245
49.939727891156465
49.861496598639455
50.0269387755102
50.15027210884353
50.15775510204082
50.24530612244898
50.42455782312925
50.66809523809523
50.9456462585034
50.88278911564626
50.67625850340136
50.882380952380956
50.93557823129252
51.102993197278906
50.997891156462586
51.358095238095245
51.39265306122449
51.965918367346944
52.13122448979592
51.97244897959183
51.980612244897955
52.16462585034014
52.61931972789116
52.59666666666667
53.17360544217687
53.08891156462585
53.33414965986394
53.280748299319725
53.792517006802726
54.23380952380953
54.77496598639456
54.64122448979592
54.7891156462585
55.341360544217686
55.839183673469385
55.965986394557824
56.07353741496598
56.31054421768707
56.38700680272109
56.50204081632653
56.36326530612245
56.340476190476195
56.54455782312925
56.535442176870745
56.616938775510214
56.68721088435374
57.07353741496598
57.27068027210885
57.22482993197279
57.40102040816327
57.29496598639456
57.37646258503402
57.08047619047619
57.35578231292517
57.39299319727892
57.6295918367347
57.97428571428572
58.24700680272109
58.17795918367347
58.27911564625851
58.43462585034013
58.63578231292517
58.71176870748299
59.053877551020406
59.029863945578235
59.18768707482994
59.24401360544218
59.55142857142857
59.56387755102041
59.636530612244904
59.78965986394558
59.79632653061224
59.53897959183674
59.43224489795918
60.01183673469388
60.29414965986395
60.591904761904765
60.59108843537415
60.647891156462585
60.688979591836734
60.94387755102041
60.90931972789116
60.77319727891156
60.75421768707483
61.02190476190476
61.2839455782313
61.48095238095239
61.542040816326534
61.6987074829932
61.97380952380952
62.072585034013606
61.922653061224494
61.83925170068027
62.11884353741496
62.48761904761905
62.910000000000004
62.951632653061225
62.849931972789115
62.60727891156463
62.84095238095239
63.0578231292517
63.45455782312925
63.25074829931973
63.12244897959184
62.805034013605436
63.122993197278916
62.88530612244898
63.40598639455783
63.29734693877552
63.16727891156462
62.56537414965987
62.66605442176871
62.410816326530615
62.16965986394558
61.97625850340136
62.16462585034014
62.048367346938775
61.92455782312925
61.62959183673469
61.61571428571429
61.50401360544218
61.597142857142856
61.14428571428572
60.74897959183674
60.524081632653065
60.60829931972789
60.37557823129252
60.11074829931973
59.818435374149665
59.67523809523809
59.55952380952382
59.31503401360544
59.127755102040815
58.72551020408163
58.58972789115647
58.395918367346944
58.49299319727892
58.156938775510206
58.19047619047618
58.19551020408163
57.91421768707483
57.69380952380952
57.303265306122455
57.05802721088436
56.44557823129252
56.31040816326531
56.127210884353744
56.23809523809524
55.88231292517007
55.82374149659864
55.50877551020409
55.4569387755102
55.02734693877551
55.2604761904762
55.05183673469388
54.81503401360544
54.58170068027211
54.78326530612245
54.689727891156465
54.341632653061225
54.006258503401355
54.03836734693878
54.143197278911565
53.98836734693877
53.639863945578234
53.796938775510206
53.71333333333334
53.31625850340136
53.18585034013606
53.65183673469389
53.64857142857143
53.31680272108844
53.43714285714286
53.31462585034014
52.865306122448985
52.65816326530612
52.931496598639455
52.70564625850341
52.289863945578226
52.256734693877554
52.47204081632653
52.51068027210884
52.513673469387754
52.48761904761905
52.48421768707483
52.23204081632653
52.21380952380953
52.33823129251701
52.23816326530612
51.790272108843546
51.22387755102041
50.99421768707483
51.29489795918367
52.01809523809524
52.45972789115646
51.92054421768707
51.518027210884355
51.50775510204082
51.66496598639456
51.58272108843538
51.7530612244898
51.61183673469388
51.34448979591837
51.62265306122449
51.98455782312925
51.960680272108846
52.08380952380953
51.90312925170068
51.88380952380953
51.95782312925171
52.138231292517005
52.11414965986395
52.387074829931976
52.71700680272109
52.623605442176874
52.79673469387755
52.4756462585034
52.335782312925176
52.29217687074829
52.66496598639456
52.61795918367348
52.61027210884354
52.42408163265306
52.820408163265306
53.10387755102042
53.32061224489796
53.17755102040816
53.51591836734694
53.52428571428571
53.33850340136054
53.52238095238095
53.98707482993198
53.981768707483
53.86408163265306
54.00843537414966
54.2695918367347
53.872517006802724
53.97829931972789
54.28850340136054
54.67748299319728
54.737482993197276
54.75387755102041
54.97993197278912
54.892108843537414
55.211564625850336
55.432517006802726
55.56027210884354
55.37537414965987
55.933673469387756
56.221088435374156
56.22027210884353
55.969455782312934
56.544217687074834
56.571700680272116
56.824217687074835
56.686190476190475
56.96632653061224
57.26068027210884
57.9612925170068
58.20727891156462
58.256666666666675
58.47795918367347
58.71469387755103
59.27557823129252
59.63265306122449
59.921836734693876
60.131836734693884
60.555782312925174
60.774421768707484
60.80299319727891
61.151156462585035
61.42197278911564
61.632108843537424
61.948503401360554
62.22204081632653
62.54979591836735
62.87238095238095
63.368979591836734
63.81537414965986
64.21047619047619
64.87108843537416
64.63877551020408
64.60142857142857
64.62952380952382
64.98142857142858
64.88414965986395
64.79115646258504
64.88074829931973
64.83156462585035
65.3343537414966
65.31367346938775
65.50340136054422
65.38707482993198
65.78802721088434
66.31965986394557
66.94496598639455
67.31931972789116
67.19544217687076
67.33408163265307
67.54095238095238
68.25891156462586
68.43972789115648
68.69068027210886
68.81687074829932
69.11721088435374
69.3526530612245
70.20054421768708
70.6660544217687
70.6839455782313
70.54333333333334
70.8965306122449
71.26877551020408
71.7252380952381
72.31047619047621
73.0955782312925
73.67904761904762
74.04374149659863
74.21843537414966
74.72408163265305
75.23170068027211
75.66700680272109
75.81829931972788
76.43605442176872
77.22544217687076
78.33734693877551
79.12170068027211
79.81306122448979
80.50945578231293
81.26965986394558
82.2121768707483
83.25707482993198
84.43149659863946
85.20965986394557
85.6491836734694
86.2082993197279
86.96081632653062
88.13646258503402
88.98204081632653
89.87748299319728
90.60489795918367
91.74639455782314
92.82523809523809
94.19850340136054
95.63775510204081
96.88149659863944
98.11061224489796
99.52380952380952
101.23938775510206
102.61993197278912
104.05115646258504
105.87693877551021
108.10761904761904
110.29455782312925
112.35095238095238
114.33068027210884
116.61027210884353
118.77925170068028
120.87863945578232
122.98170068027211
125.0644217687075
127.0326530612245
128.83598639455784
130.75496598639458
132.2292517006803
133.52714285714285
134.59775510204082
135.66272108843538
136.45190476190476
137.34530612244896
138.20061224489794
138.88190476190476
139.47537414965987
140.20414965986396
141.36612244897958
141.91938775510204
142.2668707482993
142.42244897959188
143.22741496598638
143.67095238095237
144.2220408163265
144.42210884353742
144.76081632653063
145.13727891156464
145.95374149659867
146.53687074829932
147.25265306122452
147.85476190476192
148.41061224489798
148.94088435374152
149.24578231292517
149.47510204081635
149.88081632653063
150.6397278911565
151.00224489795917
151.295306122449
151.34272108843538
151.4819047619048
151.46333333333334
151.39938775510205
151.14156462585035
151.00666666666666
150.80142857142857
150.33360544217686
149.96639455782312
149.5412925170068
149.12149659863945
148.4044217687075
147.79605442176873
147.42326530612246
147.17925170068028
146.48904761904762
145.83938775510205
145.01108843537418
144.44442176870749
143.314693877551
142.50401360544217
141.28544217687076
140.21795918367349
138.6685714285714
137.23564625850338
135.59156462585037
134.1305442176871
132.6130612244898
131.28523809523807
129.25503401360544
127.27952380952382
125.31986394557822
123.95489795918368
122.10156462585036
119.55979591836734
116.88442176870748
114.65659863945577
112.85598639455782
110.50741496598638
107.90074829931973
105.23911564625848
103.1273469387755
100.74598639455782
98.07687074829933
95.28802721088435
92.8426530612245
90.19673469387754
87.56183673469388
85.29768707482992
83.08972789115646
80.94639455782314
78.72319727891157
77.54380952380953
76.26680272108845
74.77326530612245
72.62755102040816
70.70768707482992
68.58673469387756
66.76714285714286
65.27469387755103
63.43625850340136
61.376666666666665
59.46666666666667
57.88095238095232
55.70595238095232
