89.10275510204082
89.23421768707479
89.34034013605444
89.17809523809524
89.26748299319729
89.05265306122449
88.98809523809524
88.81142857142858
88.58374149659865
88.66897959183675
88.39666666666666
88.2487074829932
87.9212925170068
87.48183673469387
86.98292517006803
87.27394557823129
87.1995918367347
87.04727891156463
86.53551020408163
86.85421768707484
86.52979591836734
86.68931972789116
86.31897959183674
86.49530612244898
86.53979591836736
86.51496598639456
86.20122448979592
86.34843537414966
86.51727891156463
86.36142857142858
86.16408163265307
85.88251700680271
85.76891156462585
85.54795918367347
85.85108843537415
86.14965986394557
86.41027210884354
85.9270068027211
85.62768707482994
85.62714285714284
85.92054421768708
86.09340136054422
86.38850340136054
86.45340136054422
86.32
86.23619047619049
85.97809523809524
85.82789115646258
85.93170068027212
86.14687074829932
86.07149659863946
86.14170068027211
85.98244897959184
85.7339455782313
85.85687074829933
86.45809523809524
86.4774149659864
86.17619047619047
86.03455782312926
86.10210884353742
86.3157142857143
86.46605442176872
86.57877551020408
86.55040816326532
86.65353741496598
86.66918367346938
86.68646258503401
86.88517006802721
86.89734693877551
86.98095238095237
86.58224489795919
86.55687074829933
86.30197278911565
86.83496598639455
86.78897959183674
86.6573469387755
86.393537414966
86.59619047619049
86.46068027210885
86.16251700680272
86.25265306122449
86.38795918367347
86.20816326530613
86.01925170068027
85.9886394557823
86.27122448979593
86.3352380952381
86.28802721088435
85.90870748299321
85.70210884353742
85.49986394557823
85.6304761904762
85.84476190476191
85.77319727891157
85.57108843537415
85.2700680272109
85.09129251700682
85.17149659863946
85.17693877551021
85.09823129251701
84.64095238095237
84.96421768707484
85.03421768707483
85.53537414965987
85.27795918367347
85.34721088435376
85.28326530612246
85.6504761904762
85.68061224489797
86.09666666666666
86.48367346938775
86.59945578231293
86.81775510204082
87.2091836734694
87.32734693877552
86.88
87.39346938775512
87.6404081632653
87.74843537414965
87.41326530612244
87.81727891156463
88.07904761904763
88.53394557823128
88.581768707483
88.64027210884355
88.871768707483
89.22122448979593
89.47619047619048
89.66591836734695
89.89816326530612
90.04455782312927
90.52721088435375
90.72965986394559
90.91952380952381
90.95136054421768
91.42768707482993
91.64224489795917
92.32006802721088
92.73734693877552
92.70006802721089
92.46136054421768
93.0421768707483
93.94931972789115
94.50387755102042
94.8138775510204
95.243537414966
95.79183673469389
96.18156462585034
96.57000000000001
96.97843537414967
97.34714285714286
97.56244897959184
98.1408843537415
98.52537414965985
98.78680272108843
99.14931972789117
99.71074829931973
99.95272108843537
100.1730612244898
100.79374149659864
101.61027210884353
102.41632653061225
103.12925170068029
103.83693877551022
104.51945578231293
105.32503401360545
105.91986394557824
106.55625850340137
107.12904761904763
108.07503401360543
108.58714285714287
109.35462585034014
110.15619047619047
111.18666666666667
111.60537414965988
112.38666666666667
113.19272108843538
114.258231292517
115.1339455782313
116.29802721088436
117.39755102040817
118.87238095238096
120.32469387755103
121.79775510204082
123.24986394557826
124.97333333333336
126.60292517006803
128.57530612244898
130.81843537414966
133.05034013605442
135.17074829931974
137.40190476190475
139.35061224489795
141.2782993197279
143.13809523809525
145.52863945578235
147.62455782312927
149.85238095238094
151.49734693877554
153.45040816326528
155.50197278911565
158.06632653061223
159.99782312925169
161.88707482993198
163.6870068027211
165.7208843537415
167.41163265306125
169.37700680272107
171.3418367346939
173.05244897959184
174.58755102040817
176.29258503401363
178.20551020408163
179.62741496598642
180.9755782312925
182.36891156462588
184.08986394557823
185.26346938775512
186.40557823129254
187.4879591836735
188.746462585034
189.8344217687075
190.8834693877551
191.8365986394558
192.80965986394557
193.67278911564625
194.56462585034015
195.21877551020407
195.78197278911566
196.29755102040815
196.85639455782314
197.303537414966
197.54823129251702
197.8747619047619
198.24816326530615
198.52108843537414
198.89401360544218
199.1870068027211
199.34897959183675
199.3460544217687
199.35183673469388
199.29897959183677
199.21285714285713
199.25591836734696
199.06680272108844
198.8378231292517
198.48632653061225
198.18510204081636
197.84931972789116
197.39768707482995
196.87619047619046
196.36108843537414
195.89272108843534
195.26578231292518
194.61360544217686
193.8943537414966
193.13061224489797
192.33333333333331
191.52312925170068
190.78190476190474
189.87034013605444
188.80394557823132
187.5781632653061
186.71578231292514
185.79843537414965
184.85353741496598
183.29285714285714
182.01421768707485
180.71278911564627
179.7774149659864
178.56829931972788
177.60625850340136
176.3652380952381
175.23027210884356
174.11931972789117
173.2260544217687
172.16251700680272
171.22639455782314
170.23938775510203
169.19006802721088
168.17775510204083
167.35931972789118
166.5536054421769
165.87469387755104
165.3904081632653
164.8673469387755
164.12374149659865
163.50721088435375
163.10319727891158
162.74149659863946
162.52068027210885
162.19027210884354
161.8756462585034
161.37374149659865
161.10619047619048
160.836462585034
160.69564625850342
160.58095238095237
160.7669387755102
160.57380952380953
160.5338775510204
160.57326530612244
161.05170068027212
160.96897959183676
161.04047619047623
161.19034013605443
161.7078911564626
162.2221088435374
162.65081632653062
162.81517006802721
163.1969387755102
163.70768707482992
164.3357142857143
164.65727891156462
165.24285714285713
165.87265306122453
166.50503401360544
167.04292517006803
167.75673469387755
168.42210884353744
169.10333333333335
169.7104081632653
170.2265306122449
170.80809523809523
171.85809523809525
172.80380952380955
173.27721088435374
173.66190476190476
174.37857142857143
175.196462585034
175.79931972789115
176.373537414966
176.96380952380952
177.30891156462584
177.63544217687075
178.24632653061227
178.93319727891156
179.31707482993198
179.79292517006803
180.20870748299322
180.51625850340136
180.66816326530613
181.111768707483
181.5591836734694
182.03401360544217
182.39374149659864
182.69374149659865
182.97551020408162
183.28585034013605
183.7196598639456
183.9305442176871
184.1118367346939
184.26340136054424
184.65054421768707
184.9061904761905
185.04673469387757
185.1396598639456
185.38312925170067
185.51707482993197
185.69659863945577
185.97619047619048
186.46374149659866
186.6391836734694
186.57020408163265
186.5678231292517
186.8191836734694
187.2425850340136
187.4421768707483
187.61836734693878
187.562925170068
187.81489795918367
187.87455782312927
187.88034013605443
187.78632653061223
187.9661224489796
188.12333333333333
188.20544217687075
188.37074829931976
188.41673469387754
188.5134693877551
188.55687074829933
188.69721088435375
188.77884353741496
188.92258503401365
188.99761904761908
188.8700680272109
188.7889115646259
188.81952380952382
188.84714285714287
188.82884353741497
188.75775510204082
188.61496598639454
188.4568707482993
188.52210884353744
188.50421768707486
188.44387755102042
188.56816326530614
188.62591836734694
188.61312925170068
188.46857142857144
188.53700680272112
188.421768707483
188.24292517006802
188.02136054421769
188.03768707482996
188.05904761904765
187.91775510204084
187.75129251700682
187.5378231292517
187.38755102040815
187.31231292517006
187.49013605442178
187.4056462585034
187.12292517006802
186.78585034013605
186.74782312925169
186.66911564625852
186.36959183673468
186.16047619047617
185.99517006802722
185.9914285714286
185.95149659863947
185.98816326530613
185.72489795918366
185.4604081632653
185.2343537414966
185.14537414965986
184.99857142857144
184.92952380952383
184.60455782312926
184.3417006802721
184.06761904761905
184.14802721088435
183.93074829931976
183.68578231292517
183.374693877551
183.23768707482992
182.92340136054423
182.67986394557823
182.55931972789116
182.35578231292516
182.02585034013606
181.92843537414967
181.85523809523812
181.69639455782314
181.34367346938774
181.03238095238095
180.80217687074833
180.54823129251702
180.39448979591836
180.07557823129252
180.0221088435374
179.6804761904762
179.3443537414966
178.8252380952381
178.686462585034
178.55965986394557
178.1970068027211
177.7587074829932
177.65693877551018
177.46979591836737
177.15340136054422
176.86802721088435
176.44333333333336
175.9678911564626
175.74088435374148
175.5472789115646
175.19884353741497
174.89190476190475
174.5343537414966
173.95857142857145
173.69768707482993
173.5370068027211
173.24442176870747
172.70408163265307
172.09108843537416
171.7174149659864
171.3717006802721
171.23346938775512
170.90489795918367
170.79938775510206
170.45870748299322
170.06503401360544
169.4310884353742
168.83102040816328
168.0357823129252
167.5995918367347
167.2777551020408
167.07816326530613
166.67455782312925
166.4895918367347
165.92537414965983
165.24843537414966
164.72721088435375
164.32809523809522
163.90918367346939
163.51802721088436
163.10421768707482
162.52285714285716
162.08993197278912
161.56149659863945
161.2687074829932
160.85585034013607
160.46496598639456
159.71340136054422
159.33945578231294
158.7587074829932
158.16904761904763
157.38238095238094
156.91836734693877
156.47462585034012
156.15197278911566
155.66537414965987
155.24190476190478
154.72292517006804
153.94442176870749
153.23870748299322
152.69823129251702
152.21374149659863
151.51884353741497
150.9069387755102
150.33
149.51646258503405
148.94673469387754
148.45931972789117
148.0677551020408
147.41163265306122
146.72877551020406
146.03346938775508
145.37374149659863
144.80034013605442
144.13544217687075
143.693537414966
142.91653061224488
142.17197278911567
141.46625850340138
141.10993197278913
140.485306122449
140.01210884353742
139.35517006802723
138.69564625850342
137.75224489795917
137.231768707483
136.70367346938775
136.21517006802722
135.4878231292517
134.72122448979593
133.89244897959185
132.98081632653063
132.32108843537415
131.54938775510206
131.13544217687075
130.65360544217685
130.25108843537416
129.49578231292517
128.96571428571428
128.07823129251702
127.1573469387755
126.31952380952382
126.22727891156462
125.80904761904763
125.12979591836734
124.03020408163266
123.31027210884353
122.68020408163265
122.11183673469388
121.60312925170068
121.04129251700681
120.30102040816327
119.60850340136055
118.96482993197279
118.38448979591837
117.6221768707483
117.2400680272109
116.54700680272109
115.84544217687075
115.12965986394556
114.80176870748299
114.25646258503401
113.55585034013605
112.81387755102043
112.4608843537415
111.65809523809526
111.01156462585035
110.31904761904761
109.97653061224491
109.1378231292517
108.49782312925169
107.81081632653061
107.30462585034014
106.67687074829931
105.96625850340138
105.65312925170068
105.2465306122449
104.64421768707483
103.7687074829932
103.23585034013607
102.89197278911564
102.4156462585034
101.79442176870748
101.07129251700681
100.5495238095238
100.22312925170068
99.66414965986394
99.17244897959185
98.68095238095239
98.29380952380954
97.57469387755103
97.09054421768708
96.48387755102041
95.94755102040817
95.32095238095238
94.66687074829932
94.08326530612247
93.88809523809523
93.66551020408164
93.05714285714285
92.59421768707483
92.14557823129252
91.34659863945578
90.88163265306123
90.54877551020408
90.37659863945578
89.64503401360545
88.93367346938774
88.19802721088436
87.80210884353741
87.4957142857143
87.2686394557823
86.75353741496598
85.85979591836735
85.09013605442176
84.60904761904763
84.3670068027211
83.93863945578232
83.36891156462585
82.80748299319728
82.42585034013605
82.1165306122449
81.67802721088437
81.03585034013607
80.59557823129252
80.38346938775511
80.12510204081633
79.2304761904762
78.68129251700681
78.45034013605444
77.99102040816327
77.42136054421769
76.92619047619047
76.64136054421769
75.87061224489796
75.56238095238095
75.25877551020409
75.08510204081632
74.59394557823128
74.06251700680272
73.341768707483
72.96027210884355
72.8269387755102
72.32904761904761
71.43517006802722
71.1
70.66632653061225
70.24278911564626
69.7269387755102
69.57986394557823
69.04795918367347
68.87564625850341
68.65857142857143
68.21680272108844
67.89897959183675
67.64387755102041
67.43707482993199
67.0108843537415
66.88231292517008
66.15639455782313
65.80367346938776
65.31421768707483
65.00401360544217
64.42061224489797
64.40068027210884
64.26081632653062
63.89687074829932
63.38503401360544
63.18469387755103
63.11979591836735
63.05197278911565
62.55122448979592
62.34863945578232
61.983605442176874
61.609251700680275
60.901768707482994
60.94401360544218
60.986530612244906
60.68265306122449
60.03027210884354
59.978911564625854
59.87489795918367
59.57326530612245
58.99891156462586
58.87843537414966
58.75353741496598
58.68571428571428
58.4456462585034
57.963537414965984
57.22231292517007
57.18544217687075
57.23530612244899
57.1212925170068
56.55986394557823
56.34755102040816
55.979183673469386
56.10054421768707
56.42979591836735
56.30238095238096
55.87129251700681
55.6308843537415
55.63476190476191
55.45353741496599
55.27176870748299
54.85040816326531
54.216462585034016
53.93578231292517
53.74578231292517
53.946870748299325
53.74836734693878
53.612312925170066
53.03047619047619
53.0104761904762
52.82727891156463
52.88115646258504
52.56414965986394
52.47244897959184
52.16061224489797
52.035306122448986
51.807414965986396
51.93659863945578
51.93884353741497
51.81537414965987
51.76489795918367
51.71891156462585
51.50442176870749
51.218163265306124
51.367210884353746
51.39632653061225
50.96040816326531
50.65884353741497
50.65149659863946
50.85319727891157
50.77911564625851
51.00360544217688
51.00632653061224
50.62040816326531
50.120816326530615
49.94537414965987
50.04687074829932
49.636054421768705
49.368843537414975
49.3095918367347
49.66639455782314
49.452653061224495
49.395374149659865
49.209863945578235
49.32496598639456
49.30197278911564
49.30918367346939
48.97965986394558
48.81387755102041
48.85727891156463
49.09775510204082
48.72136054421769
48.57251700680273
48.50598639455782
48.298639455782315
47.95659863945579
47.93877551020408
48.11163265306122
47.74632653061225
47.74442176870748
47.622176870748305
47.77591836734694
47.83965986394558
47.952721088435375
47.74843537414966
47.87278911564626
47.81551020408163
47.65768707482994
47.51836734693878
47.875850340136054
48.1169387755102
48.11789115646259
47.84952380952381
47.445850340136055
47.34496598639456
47.35414965986395
47.66353741496599
47.66707482993198
47.63496598639456
47.28414965986395
47.29965986394558
47.15319727891156
47.15965986394558
47.07707482993197
47.052721088435376
46.993809523809524
47.440680272108835
47.49918367346939
47.63074829931972
47.29517006802721
47.332857142857144
47.4034693877551
48.02761904761905
47.82095238095238
47.61877551020408
47.610612244897965
47.91360544217687
47.58755102040816
47.258367346938776
47.05897959183674
47.1608843537415
47.22068027210885
47.2843537414966
47.66612244897959
47.90680272108844
47.859183673469396
47.52503401360544
47.769727891156464
48.100204081632654
48.272448979591836
48.27537414965986
48.50639455782313
48.673537414965985
48.64292517006803
48.235510204081635
48.55149659863945
48.66714285714286
49.0265306122449
48.933673469387756
49.49510204081633
49.5034693877551
49.47074829931973
49.49918367346939
49.567619047619054
49.93816326530612
50.19374149659864
50.467006802721095
50.595510204081634
51.09578231292517
51.68775510204082
51.60326530612245
51.40054421768708
51.36292517006803
52.06938775510204
52.30823129251701
52.7365306122449
52.648775510204075
53.17081632653061
53.108979591836736
53.3343537414966
53.1591156462585
53.56340136054421
53.45170068027211
53.349863945578235
53.431224489795916
53.719183673469395
53.74496598639456
53.595510204081634
53.46659863945578
53.71537414965986
53.88557823129251
53.8608843537415
53.807414965986396
54.05952380952381
54.15360544217687
54.285646258503405
54.704625850340136
54.88333333333334
54.852653061224494
54.8182993197279
54.95891156462584
55.14836734693878
55.25401360544218
55.45278911564626
55.67687074829932
55.95285714285715
56.02714285714286
56.09782312925171
56.061088435374145
56.12625850340136
56.23761904761905
56.20027210884354
56.07687074829932
56.242380952380955
56.28299319727891
56.29326530612245
56.4608843537415
56.629047619047626
56.37292517006803
56.5956462585034
56.86068027210885
57.11850340136055
57.089387755102045
57.44619047619047
57.47761904761905
57.24414965986394
57.12054421768708
57.51761904761905
58.00088435374149
58.16387755102041
58.031292517006804
58.235238095238095
58.307414965986396
58.17836734693877
58.15353741496599
58.49027210884354
58.85884353741496
58.616190476190475
58.540408163265305
58.869523809523805
59.40775510204081
59.46034013605443
59.24027210884354
58.93190476190476
59.03557823129252
59.064353741496596
59.07197278911565
58.84224489795918
58.941904761904766
58.7743537414966
58.54721088435374
58.32312925170068
58.30353741496598
58.242380952380955
58.177346938775514
58.09809523809525
58.20027210884354
58.0352380952381
57.885238095238094
57.512721088435384
57.508639455782316
57.25802721088435
56.989659863945576
56.68605442176871
56.615238095238105
56.57632653061224
56.49170068027211
56.34469387755102
56.080068027210885
55.881564625850345
55.594217687074824
55.65353741496599
55.60612244897959
55.54156462585034
55.18748299319728
55.10578231292517
54.84367346938775
54.73809523809524
54.76632653061224
54.6665306122449
54.569523809523815
54.06687074829932
53.70646258503402
53.10666666666667
52.915510204081635
53.027687074829934
53.27646258503402
53.13619047619047
52.59258503401361
52.446666666666665
52.38442176870748
52.517006802721085
52.2243537414966
51.85857142857142
51.80965986394558
51.73265306122449
51.69687074829932
51.65897959183674
51.64408163265306
51.56408163265307
51.65285714285714
51.624421768707485
51.28768707482993
51.15326530612245
51.052517006802724
51.157278911564624
51.179863945578234
50.81088435374149
50.41863945578231
50.378843537414966
50.52972789115646
50.48680272108844
50.50591836734694
50.379115646258505
50.2665306122449
50.24965986394558
49.92142857142858
49.68197278911565
49.55102040816327
49.590748299319735
49.309659863945576
49.24170068027211
49.2565306122449
49.65945578231293
49.89142857142857
50.02006802721089
49.83455782312926
49.12625850340136
48.72421768707483
48.792857142857144
49.34585034013606
49.35965986394558
49.28829931972789
49.269523809523804
49.314829931972795
49.11551020408164
48.82102040816327
48.68353741496599
48.86462585034015
48.961700680272116
49.27367346938776
49.02380952380952
49.23040816326531
49.356258503401364
49.488027210884354
49.29734693877551
49.66530612244898
49.53557823129252
49.38142857142858
49.29795918367348
49.73231292517007
49.78197278911565
50.058027210884354
49.781768707482996
49.816258503401365
49.708775510204084
49.87040816326531
49.77904761904762
50.1052380952381
50.06278911564626
49.91312925170068
49.98231292517006
50.296462585034014
50.57061224489796
50.24197278911565
50.21353741496599
50.28877551020409
50.621632653061226
50.480884353741494
50.48870748299319
50.58659863945579
50.75598639455782
51.11081632653062
51.47925170068027
51.50469387755102
51.4917006802721
51.5669387755102
51.708707482993205
51.908367346938775
52.09707482993198
51.793673469387755
51.52170068027211
52.014149659863946
52.4360544217687
52.363945578231295
52.12972789115646
52.20598639455782
52.47659863945578
53.11129251700681
53.354829931972795
53.50387755102041
53.59102040816327
53.696938775510205
53.73353741496599
54.18448979591837
54.84170068027211
54.723333333333336
54.91027210884354
54.81755102040817
55.314897959183675
55.728299319727896
56.47591836734694
56.39285714285714
56.52510204081633
56.54312925170068
56.89115646258503
57.044693877551026
57.45945578231292
57.516938775510205
57.855986394557824
58.04040816326531
58.09537414965986
58.48918367346939
58.87986394557823
59.518027210884355
59.559183673469384
59.911972789115644
60.19272108843538
60.95408163265306
61.17122448979592
61.21714285714285
61.017959183673476
61.31755102040816
61.883537414965986
62.24666666666667
62.200816326530614
61.960680272108846
61.95972789115647
61.73408163265306
61.942176870748305
62.04836734693878
62.30149659863947
62.602176870748295
63.30952380952381
63.50680272108844
63.39938775510204
63.83197278911564
64.21380952380952
64.67231292517006
64.93775510204081
65.34020408163265
64.90877551020408
64.90353741496598
65.26891156462585
65.79115646258504
66.33197278911564
66.60680272108843
66.90918367346939
66.9274149659864
67.28687074829932
67.48414965986395
68.1674149659864
68.80258503401362
69.33340136054422
69.60034013605443
70.06687074829932
70.68925170068027
71.05068027210885
71.38591836734693
71.59945578231293
72.12149659863945
72.39374149659864
73.35795918367347
74.10292517006803
75.01258503401361
75.36292517006802
76.2657142857143
77.34040816326531
78.50666666666667
79.18714285714287
80.07564625850341
80.67299319727891
81.11537414965986
81.72496598639455
82.67727891156463
83.39510204081634
84.2182993197279
85.1878911564626
86.121768707483
87.10884353741497
88.20734693877552
89.48210884353742
90.70918367346938
92.05074829931974
93.06761904761905
94.4057142857143
95.76476190476191
97.62088435374149
99.06163265306122
100.8895918367347
102.74755102040817
104.7612925170068
106.66707482993198
108.80510204081634
110.71020408163267
112.76142857142858
115.38945578231294
117.73183673469387
119.90979591836734
122.04721088435375
124.09448979591836
125.65034013605444
127.33292517006804
129.0640136054422
130.39006802721087
131.34605442176868
132.50707482993198
133.62680272108844
134.7430612244898
135.35789115646259
136.03428571428572
136.3808163265306
136.96843537414966
137.6072789115646
138.2161904761905
138.64258503401362
139.01421768707485
139.59884353741495
140.1095918367347
140.6386394557823
140.91074829931972
141.34013605442178
141.83149659863943
142.22251700680272
142.6704081632653
143.21897959183676
143.8130612244898
144.19156462585033
144.83952380952383
145.2478231292517
145.53482993197278
145.55666666666667
146.02462585034016
146.331768707483
146.78285714285715
146.71993197278914
146.69952380952384
146.61673469387756
146.80408163265307
146.59585034013605
146.18503401360545
145.8204761904762
145.61693877551022
145.19421768707483
144.63115646258504
144.08782312925172
143.31537414965987
142.76537414965986
142.46374149659863
142.63591836734696
142.18891156462587
141.4930612244898
140.783537414966
140.10020408163263
139.15455782312927
137.98238095238094
136.80571428571432
135.03020408163266
133.6904761904762
132.41510204081635
131.19414965986397
129.54979591836735
128.2873469387755
126.7570068027211
125.0982993197279
123.24517006802722
121.56272108843537
119.6678231292517
117.83591836734695
115.51020408163265
113.42190476190476
111.30163265306123
109.34081632653061
106.99414965986395
104.89340136054423
102.55823129251701
100.3770068027211
97.63333333333333
95.03333333333333
92.33537414965987
89.99122448979593
87.44843537414967
85.26204081632653
83.05394557823129
80.71775510204083
78.0287755102041
75.95231292517008
74.70006802721088
73.85013605442177
71.93687074829931
69.90401360544217
68.06673469387755
67.0478231292517
65.46210884353741
63.58605442176871
61.41836734693878
59.42646258503402
57.7891156462585
56.254081632653005
54.37040816326524
