25.984829931972783
25.35353741496597
25.13517006802721
24.974285714285717
25.39204081632653
25.60482993197279
25.543945578231295
25.265102040816327
24.654625850340135
24.515646258503402
24.580408163265304
24.900068027210885
24.612925170068028
24.383197278911567
24.314421768707483
23.957278911564625
24.04156462585034
24.02285714285714
24.01408163265306
23.842721088435376
23.729047619047616
23.46027210884354
23.331972789115646
23.57673469387755
23.767142857142858
23.530068027210888
23.618027210884353
23.402244897959182
23.56605442176871
23.163469387755104
22.912517006802723
22.633809523809525
23.055986394557824
23.35530612244898
23.24517006802721
23.16836734693878
22.983401360544217
23.13687074829932
23.061156462585036
23.12680272108844
22.762040816326532
22.92503401360544
22.921768707482993
22.95374149659864
22.47714285714286
22.6256462585034
22.5565306122449
22.58299319727891
22.19761904761905
22.655238095238097
22.711972789115645
22.91591836734694
22.442721088435373
22.534761904761908
22.375986394557824
22.87952380952381
22.536734693877552
22.52156462585034
22.260612244897956
22.56326530612245
22.677891156462586
22.466598639455782
21.98952380952381
21.410204081632656
21.834693877551018
22.09843537414966
22.34326530612245
22.113673469387756
21.884421768707483
22.052448979591837
22.312925170068027
22.316598639455783
22.039863945578233
22.170680272108843
22.14387755102041
21.89442176870749
21.86
22.325918367346937
22.434829931972793
22.475374149659864
22.07455782312925
21.997414965986394
21.832993197278913
22.025442176870747
21.700204081632652
21.425850340136055
21.405850340136055
21.407278911564624
21.564625850340136
21.17394557823129
21.14027210884354
20.758979591836734
21.25170068027211
20.99721088435374
21.282585034013607
21.092244897959183
21.273197278911567
20.908707482993197
20.75278911564626
20.5721768707483
20.91482993197279
21.125442176870752
21.32095238095238
20.958707482993198
20.801496598639456
20.63605442176871
20.992108843537416
20.71952380952381
20.19469387755102
20.229455782312925
20.92891156462585
20.750884353741498
20.718367346938777
20.734965986394556
21.140680272108845
21.14659863945578
21.01700680272109
20.62925170068027
20.543197278911567
20.85857142857143
20.739183673469388
20.81367346938776
20.8543537414966
21.00659863945578
21.105238095238096
20.864829931972785
20.51448979591837
20.558231292517007
20.96156462585034
21.19829931972789
21.0656462585034
20.682312925170066
20.913537414965987
21.198095238095238
21.301768707482992
21.14884353741496
21.109455782312928
20.998367346938775
20.982721088435376
21.084421768707486
20.585578231292516
20.66551020408163
20.625714285714288
21.227414965986394
21.551632653061226
21.79102040816327
21.567551020408164
21.586326530612244
21.32414965986395
20.96721088435374
20.465646258503405
20.44312925170068
20.239591836734697
20.478911564625847
20.428707482993197
20.990408163265307
21.125374149659866
20.569387755102042
20.13197278911565
20.562721088435374
21.253877551020413
21.220272108843538
21.19047619047619
21.080136054421768
21.070068027210887
21.097619047619048
21.119319727891156
21.018843537414966
20.62945578231293
20.535918367346937
20.779455782312926
21.039115646258505
20.993129251700683
20.86795918367347
20.938435374149662
20.91061224489796
20.685578231292517
20.631496598639455
20.798843537414967
20.958843537414968
20.880000000000003
21.2465306122449
21.683809523809522
21.622448979591837
21.547074829931972
21.492721088435374
21.513809523809524
21.59326530612245
22.067687074829934
22.3978231292517
22.21687074829932
21.69238095238095
21.706938775510203
22.279115646258504
22.986394557823125
23.403401360544215
23.69265306122449
23.57510204081633
23.559047619047618
23.78061224489796
24.023197278911564
23.937346938775512
23.94938775510204
24.05095238095238
24.45421768707483
24.835714285714285
25.059115646258505
25.161496598639456
25.34312925170068
25.870952380952378
26.381496598639455
26.502108843537417
26.764693877551025
26.87938775510204
27.004557823129254
27.12482993197279
27.188911564625855
27.415306122448982
27.634285714285717
27.986938775510204
28.225102040816328
28.534897959183674
28.656122448979595
28.46918367346939
29.23537414965987
29.6443537414966
29.6887074829932
29.223673469387755
29.207210884353742
29.701360544217685
30.141564625850343
30.170272108843537
30.5134693877551
30.786462585034016
30.744081632653064
30.626326530612246
31.450068027210882
31.67938775510204
31.259999999999998
30.82299319727891
31.01
31.48183673469388
31.70421768707483
31.84299319727891
31.79360544217687
31.429795918367347
31.30993197278912
30.998639455782314
30.709047619047617
30.524285714285714
30.477142857142855
30.37598639455782
30.054761904761904
30.016190476190474
29.81251700680272
29.931156462585037
29.93231292517007
29.616598639455784
29.207755102040817
29.090952380952384
29.111632653061225
28.75578231292517
28.44918367346939
28.21204081632653
28.232176870748297
27.976530612244897
27.54591836734694
26.97074829931973
27.220748299319727
27.34442176870748
27.268571428571427
26.974625850340136
26.835782312925172
26.636802721088436
26.251156462585033
26.09673469387755
25.84122448979592
25.720340136054425
25.93299319727891
26.258163265306123
26.123741496598637
25.361020408163267
25.794897959183672
26.022448979591836
26.159183673469386
25.437619047619048
25.096802721088437
24.992721088435378
25.41952380952381
25.601496598639457
25.76278911564626
25.315510204081633
25.18857142857143
25.24027210884354
25.679251700680275
25.54469387755102
25.386938775510203
24.989319727891157
24.781088435374148
24.967551020408166
24.91836734693878
24.689931972789118
24.734421768707485
25.112380952380956
25.43748299319728
25.430680272108845
25.56809523809524
25.9012925170068
25.748775510204084
25.449455782312928
25.65551020408163
26.24312925170068
26.381904761904764
26.11136054421769
26.1343537414966
26.128367346938777
26.394013605442176
26.205850340136053
26.114217687074834
26.446598639455782
27.035170068027213
27.39142857142857
26.879591836734697
27.07251700680272
27.403469387755102
27.759591836734696
27.438911564625847
27.615510204081634
27.94102040816327
28.249387755102042
28.424761904761905
28.761496598639457
28.875034013605443
28.92639455782313
29.181972789115644
29.54530612244898
29.349319727891157
29.01047619047619
29.400884353741496
29.829251700680274
30.16700680272109
30.042380952380952
30.24761904761905
30.335510204081633
30.55326530612245
30.930952380952384
31.395306122448982
31.40183673469388
31.14938775510204
31.27231292517007
31.82095238095238
32.13197278911565
32.13068027210885
32.2160544217687
32.44619047619048
32.680680272108845
32.72183673469388
32.90006802721089
33.16510204081633
33.64489795918367
33.62156462585034
33.84829931972789
34.033469387755105
34.21748299319728
34.39727891156463
34.73251700680273
34.86482993197279
34.72931972789115
35.0243537414966
35.16034013605443
35.40170068027211
35.71034013605442
35.97680272108843
36.14666666666666
36.50904761904762
36.41231292517007
36.62292517006803
36.96585034013606
37.215986394557824
36.96809523809524
37.15224489795919
37.42578231292517
37.265510204081636
37.58625850340137
38.2534693877551
38.30727891156462
38.11496598639455
38.291768707482994
38.76340136054422
38.82993197278912
38.748979591836736
38.66163265306122
39.004285714285714
39.39931972789116
39.61231292517007
39.540340136054425
39.49183673469388
39.48897959183673
39.965374149659866
39.995918367346945
40.196462585034006
40.17163265306122
40.51979591836735
40.581156462585035
40.70340136054422
40.43748299319728
40.51673469387755
40.993877551020404
41.35863945578231
41.474557823129246
41.547551020408164
41.86034013605443
41.74802721088435
41.502040816326534
41.32367346938776
41.53034013605442
41.64197278911564
41.71823129251701
41.9243537414966
42.05816326530612
41.979455782312925
41.68775510204082
42.28108843537415
42.88530612244898
43.105578231292526
42.5156462585034
42.66068027210885
42.90258503401361
43.46163265306123
43.61068027210884
43.624693877551024
43.282448979591834
43.35993197278912
43.62510204081633
44.06204081632654
43.98578231292517
44.18020408163265
44.045646258503396
44.3174149659864
44.48387755102041
44.8295918367347
44.76421768707483
44.48251700680272
44.3608843537415
44.73401360544217
45.10448979591837
45.311836734693884
45.16414965986395
45.26530612244898
45.0508843537415
45.21857142857143
45.17
45.25993197278912
45.05312925170068
45.06183673469388
45.35938775510204
45.44204081632653
45.618979591836734
45.71802721088436
45.78503401360544
45.44639455782313
45.52748299319728
45.66945578231293
45.66761904761905
45.42972789115646
45.62673469387755
45.90904761904761
45.92748299319728
45.50156462585034
45.25816326530612
45.19176870748299
45.2769387755102
45.24380952380953
45.61380952380953
45.702993197278914
45.750408163265305
45.38544217687075
45.202993197278914
45.40462585034014
45.531360544217684
45.526054421768706
45.23707482993197
45.393401360544225
45.63312925170068
45.74299319727891
45.266666666666666
44.81285714285714
44.95394557823129
45.31836734693878
45.31414965986394
44.6743537414966
44.12591836734694
44.39408163265306
44.95666666666667
44.90795918367347
44.686394557823135
44.63530612244898
44.75469387755102
44.86714285714285
45.05605442176872
44.82707482993197
44.84741496598639
44.85108843537415
45.278775510204085
45.338843537414974
45.18768707482993
44.47714285714286
44.486258503401366
44.652244897959186
44.69557823129252
43.95387755102041
43.64136054421769
43.69863945578231
44.25850340136054
44.316530612244904
44.168027210884354
43.906870748299326
43.923129251700686
43.74040816326531
43.40278911564626
43.59503401360544
43.92149659863946
43.84013605442177
43.55931972789115
43.364965986394566
43.2452380952381
42.981972789115645
42.9965306122449
43.04680272108844
43.04687074829931
42.627006802721084
42.6656462585034
42.759251700680274
42.535986394557824
42.169047619047625
42.449115646258505
42.493401360544226
42.047551020408164
41.69850340136055
41.49809523809524
41.562448979591835
41.42224489795919
41.288979591836735
41.03299319727891
41.05918367346939
40.79938775510203
40.92299319727891
40.7830612244898
40.437210884353746
40.013945578231294
40.009727891156466
39.84462585034014
39.77455782312926
39.97768707482993
39.97918367346939
39.38510204081633
39.07115646258504
38.965374149659866
39.12258503401361
38.943605442176874
38.921088435374145
38.8025850340136
38.66700680272109
38.80353741496599
38.82095238095238
38.588299319727895
37.95040816326531
37.890952380952385
37.85170068027212
37.92204081632653
37.645782312925164
37.58462585034014
37.19374149659865
37.13809523809523
36.72918367346939
36.90081632653062
36.839795918367344
36.813265306122446
36.289795918367346
36.199999999999996
36.18557823129252
36.228299319727896
36.09537414965987
35.64442176870749
35.52986394557823
35.645646258503405
35.58312925170068
35.26646258503401
35.180408163265305
34.7830612244898
34.56238095238095
34.599863945578235
34.483265306122455
33.91727891156462
33.74428571428571
33.7125850340136
33.89115646258503
34.03027210884354
33.999591836734695
33.64224489795919
33.49578231292517
33.128027210884355
32.82829931972789
32.74326530612245
32.80469387755102
32.773333333333326
32.60857142857143
32.47061224489796
32.26959183673469
32.148707482993196
32.09442176870748
32.30408163265306
32.27299319727891
32.344149659863945
32.425646258503406
32.36061224489796
31.96965986394558
31.628503401360543
31.568095238095243
31.364285714285717
31.424217687074833
31.147414965986396
31.244965986394558
31.14673469387755
31.10047619047619
30.521972789115647
30.485646258503404
30.394421768707485
30.677959183673472
30.21965986394558
30.002585034013606
29.879183673469388
29.996054421768704
29.876666666666665
29.702857142857145
29.48408163265306
29.470680272108844
29.672857142857143
29.45040816326531
28.991972789115643
28.712108843537415
28.557551020408162
28.62374149659864
28.64965986394558
28.41040816326531
28.130884353741497
27.907482993197277
27.58265306122449
27.661836734693875
27.83904761904762
27.574625850340137
27.14530612244898
26.836054421768708
26.716190476190476
26.786462585034013
27.022517006802723
26.922040816326533
26.711632653061223
26.646054421768707
26.623945578231293
26.50401360544218
26.154693877551022
25.778571428571432
25.588843537414967
25.79741496598639
26.052380952380954
25.929115646258506
25.615374149659864
25.385306122448984
25.027482993197278
24.745918367346942
24.61326530612245
24.924557823129252
24.713673469387757
24.67006802721088
24.595034013605446
24.589183673469392
24.333333333333336
24.304489795918364
24.18965986394558
23.91482993197279
23.64027210884354
23.77918367346939
23.98190476190476
23.857687074829933
23.759523809523813
23.76462585034014
23.64877551020408
23.165442176870748
23.093605442176873
23.12775510204082
23.116326530612245
22.92986394557823
23.06142857142857
22.999795918367347
22.854557823129255
22.64292517006803
22.597414965986395
22.388163265306126
22.14333333333333
22.088979591836733
22.16517006802721
22.11578231292517
22.34387755102041
22.02095238095238
21.53027210884354
21.112380952380953
21.553945578231293
21.553265306122448
21.330680272108843
21.451836734693877
21.511564625850344
21.51292517006803
21.143469387755104
21.059115646258505
20.885578231292516
21.02312925170068
20.82183673469388
20.89197278911565
20.601496598639457
20.431496598639455
20.16816326530612
20.526190476190475
20.52768707482993
20.239455782312923
20.088299319727888
20.234421768707485
20.443333333333335
20.190340136054424
19.965646258503405
19.646122448979593
19.51278911564626
19.553877551020406
19.51292517006803
19.422721088435374
19.219183673469388
18.977210884353738
18.756462585034015
18.93401360544218
19.22258503401361
19.28544217687075
19.233537414965987
18.861700680272108
18.677551020408163
18.49591836734694
18.72809523809524
18.502108843537417
18.768027210884355
18.48312925170068
18.387142857142855
18.137891156462587
18.65299319727891
18.52986394557823
18.56136054421769
18.197755102040816
18.150612244897964
17.8443537414966
17.860612244897958
17.749863945578234
17.82142857142857
17.80040816326531
17.729999999999997
17.669115646258504
17.8078231292517
17.750544217687075
17.86380952380953
17.666326530612245
17.50081632653061
17.215986394557824
17.451020408163266
17.396054421768703
17.164897959183676
16.75278911564626
16.7734693877551
16.90578231292517
17.14204081632653
17.15666666666667
16.829455782312927
16.815986394557825
16.60142857142857
16.628231292517007
16.234217687074832
16.645986394557823
16.75231292517007
16.83047619047619
16.855918367346938
17.00122448979592
16.945034013605444
16.72904761904762
16.655442176870746
16.717346938775513
16.557142857142857
16.486326530612246
16.18517006802721
16.167278911564626
15.975646258503403
16.153469387755102
16.00034013605442
16.01517006802721
16.152857142857144
16.3530612244898
16.041428571428572
15.71843537414966
16.020204081632656
16.132925170068027
16.269931972789117
16.132448979591835
15.877959183673472
15.528367346938776
15.564013605442177
15.822721088435374
15.301768707482996
15.211292517006802
15.445238095238096
16.05013605442177
15.96340136054422
16.021156462585033
15.89061224489796
15.651836734693878
15.284081632653063
15.592244897959185
15.668775510204082
15.520476190476192
15.265714285714285
15.371632653061226
15.310544217687074
15.145986394557823
15.206258503401362
15.319183673469388
15.123469387755101
14.873401360544218
15.032244897959183
15.44952380952381
15.627551020408163
15.405034013605441
15.372380952380952
15.328163265306124
15.318571428571428
15.13408163265306
15.151496598639458
14.906666666666666
14.847210884353743
15.076122448979593
15.378979591836735
15.445714285714287
15.347687074829931
15.435238095238095
15.219115646258505
15.08122448979592
14.982857142857142
15.2887074829932
15.068571428571428
14.788843537414966
14.966326530612244
15.582993197278913
15.293945578231295
14.61374149659864
14.763673469387754
15.084761904761905
15.043265306122448
14.991496598639458
15.272244897959185
15.06482993197279
14.685510204081634
14.59809523809524
14.628095238095238
14.841496598639457
15.054353741496598
14.85156462585034
14.55952380952381
14.679931972789115
14.929795918367347
14.944149659863946
14.716326530612246
14.565442176870748
14.400272108843538
14.77687074829932
15.050612244897959
15.199047619047619
14.937891156462586
14.691224489795918
14.724489795918368
14.996598639455783
15.276666666666667
14.67904761904762
14.481632653061224
14.890952380952381
15.501292517006803
15.223945578231293
14.695714285714285
14.488707482993197
14.621836734693876
14.974625850340137
14.823401360544219
14.767891156462587
14.726054421768708
14.623809523809523
14.279795918367347
14.657891156462586
14.804897959183675
14.498639455782314
14.130204081632652
14.316054421768708
14.475238095238096
14.825238095238095
14.61891156462585
14.527278911564625
14.471632653061224
14.570340136054423
14.699659863945579
14.753877551020409
14.918775510204082
14.702857142857143
14.720680272108844
14.661292517006805
14.996190476190478
15.16530612244898
14.954081632653061
14.547346938775512
14.497891156462586
14.784081632653061
14.921020408163265
14.866462585034014
14.520680272108843
14.461904761904762
14.512448979591836
14.785986394557822
14.661156462585033
14.65170068027211
14.622380952380952
14.718979591836735
14.603197278911566
14.486258503401361
14.602448979591838
14.887074829931974
14.907142857142858
14.829319727891157
14.70823129251701
14.541904761904764
14.70700680272109
15.049931972789116
15.064353741496598
14.674217687074831
14.277414965986395
14.139047619047618
14.246598639455783
14.333061224489796
14.216530612244899
14.530544217687076
14.475442176870748
14.514557823129254
14.320544217687075
14.680068027210883
14.536462585034013
14.71904761904762
14.799795918367346
14.942244897959185
14.625714285714286
14.65877551020408
14.897959183673471
14.810816326530613
14.758367346938776
14.939659863945577
14.747619047619047
14.426802721088437
14.442244897959183
14.58034013605442
14.475850340136054
14.42034013605442
14.582857142857144
14.89265306122449
14.562312925170069
14.321632653061226
14.091700680272108
14.433061224489794
13.947278911564627
14.257619047619048
14.32360544217687
14.846938775510203
14.770476190476192
14.790272108843538
14.88278911564626
14.972448979591837
14.5256462585034
13.869863945578231
14.219863945578233
14.75530612244898
14.706190476190477
14.399863945578232
14.59986394557823
14.710136054421769
14.907074829931974
15.269047619047619
15.208775510204081
14.6221768707483
14.28156462585034
14.48857142857143
14.671020408163267
14.598707482993197
14.426530612244898
14.388843537414965
14.464693877551019
14.947006802721088
15.156802721088434
15.219591836734693
14.946734693877552
14.748435374149661
14.456462585034014
14.42578231292517
14.63326530612245
14.935510204081632
14.94265306122449
14.667551020408164
14.534625850340136
15.163809523809523
15.14387755102041
14.355374149659863
14.174149659863946
14.601700680272112
14.89278911564626
14.479863945578233
14.418503401360544
14.39265306122449
14.851768707482995
14.744761904761905
14.572789115646259
14.573605442176872
14.750748299319728
14.696870748299322
14.878775510204083
14.90795918367347
14.477551020408164
14.500272108843538
14.428707482993198
14.773809523809524
14.963333333333335
15.196598639455782
14.775034013605444
14.798299319727892
14.8143537414966
14.881836734693877
15.086598639455781
15.27625850340136
15.41108843537415
15.179387755102042
14.979591836734693
14.521904761904763
14.808979591836733
15.260204081632653
15.446938775510205
15.077891156462586
14.986190476190476
15.105850340136056
15.067346938775511
15.141020408163264
15.51530612244898
15.488367346938775
15.047006802721087
14.86748299319728
15.168639455782312
15.602925170068028
15.296326530612244
15.148639455782313
14.963537414965987
15.138299319727892
15.39517006802721
15.574897959183673
15.574625850340137
15.232517006802723
15.100952380952382
15.16591836734694
15.694829931972789
15.675646258503402
15.467142857142857
15.410816326530613
15.690204081632654
15.93204081632653
15.853877551020409
15.571904761904761
15.375034013605443
15.510612244897962
15.42673469387755
15.631904761904764
15.865306122448978
16.012244897959185
15.871496598639457
16.086734693877553
16.0443537414966
16.311360544217685
15.986190476190476
16.140204081632653
15.953401360544218
15.924013605442179
15.529455782312926
15.687891156462586
16.158639455782314
16.38666666666667
16.420816326530613
16.150748299319726
15.974693877551019
16.034897959183674
16.460068027210884
16.650408163265308
16.778707482993198
16.62469387755102
16.574897959183673
16.45517006802721
16.42476190476191
16.184489795918367
16.273061224489794
16.261156462585035
15.985714285714286
16.303537414965987
16.744285714285716
16.841292517006806
16.5465306122449
16.89904761904762
16.822380952380954
16.934489795918367
17.190544217687076
17.88312925170068
17.43517006802721
16.915374149659865
16.80530612244898
17.315986394557825
17.281904761904762
17.170204081632654
17.28251700680272
17.244897959183675
17.190068027210884
17.23952380952381
17.686666666666667
17.966054421768707
17.633197278911567
17.513877551020407
17.63748299319728
18.244013605442177
18.265850340136055
18.31095238095238
18.184625850340133
18.164897959183676
18.304149659863945
18.302380952380954
18.10455782312925
18.148639455782316
18.491632653061227
19.109115646258502
19.238639455782312
19.32891156462585
19.24074829931973
19.457755102040814
19.610544217687078
19.59734693877551
19.701020408163266
19.61904761904762
19.692312925170064
19.980544217687076
20.290204081632652
20.25877551020408
20.575102040816326
20.7408843537415
20.86823129251701
20.835714285714285
21.331632653061227
21.474489795918366
21.82299319727891
22.1787074829932
22.3065306122449
22.236666666666668
22.453605442176872
22.926666666666666
23.21326530612245
23.44965986394558
23.7721768707483
24.43700680272109
24.854829931972795
25.39721088435374
25.961292517006804
26.4156462585034
26.877142857142857
27.380748299319727
27.881156462585036
28.110340136054425
28.207210884353742
28.159931972789117
28.282108843537415
28.432517006802723
28.22795918367347
28.37210884353742
28.55054421768708
28.725578231292516
28.621020408163265
28.850816326530612
28.70625850340136
28.90612244897959
29.1491156462585
29.376122448979594
29.106938775510205
29.358775510204083
29.792108843537413
30.11510204081633
30.09557823129252
30.733469387755104
31.027278911564625
31.5208843537415
31.688367346938776
32.37353741496598
32.784625850340134
33.27006802721088
33.032653061224494
33.29707482993198
33.61047619047619
33.62707482993197
33.41292517006803
33.89102040816327
34.026054421768706
33.67503401360544
33.57884353741497
33.433129251700684
33.627959183673475
33.52462585034014
33.69136054421769
33.02836734693877
32.86197278911565
32.72047619047619
32.752857142857145
32.975374149659864
32.470136054421765
32.13149659863946
31.798639455782315
32.0508843537415
31.840612244897958
31.278299319727893
30.552312925170067
30.092176870748304
29.794557823129253
29.484557823129254
29.25408163265306
29.197891156462582
28.679183673469392
27.98619047619048
27.613197278911567
27.79952380952381
27.38142857142857
26.577210884353743
26.220816326530613
26.516530612244896
26.42585034013605
26.221224489795922
25.810408163265308
25.22020408163265
24.82013605442177
24.660680272108845
24.5108843537415
24.091020408163264
24.03421768707483
24.106598639455783
24.1121768707483
23.796190476190475
23.377278911564627
23.452925170068028
23.255850340136057
23.168027210884354
22.80598639455782
22.7021768707483
22.2521768707483
22.165374149659865
22.38013605442177
22.509251700680274
22.179931972789117
22.05816326530612
21.993197278911566
21.800544217687076
21.306462585034016
21.685102040816325
21.70421768707483
21.460272108843537
20.97421768707483
20.91877551020405
20.021496598639423
