25.483401360544228
25.664013605442175
25.331360544217688
25.3521768707483
25.71278911564626
25.766190476190474
25.574897959183673
25.211360544217687
24.926666666666666
24.881088435374153
24.96319727891157
24.873809523809527
24.618435374149662
24.47265306122449
24.46938775510204
24.155918367346942
23.97462585034014
23.83823129251701
24.153061224489793
23.841904761904765
23.689183673469387
23.550136054421767
23.98340136054422
23.683537414965986
23.25965986394558
23.132925170068027
23.445646258503402
23.408843537414967
23.32836734693878
23.17612244897959
23.17394557823129
22.9878231292517
23.14224489795918
22.91278911564626
22.757210884353743
22.749659863945578
23.07360544217687
22.958639455782315
22.43047619047619
22.597891156462588
23.071292517006803
23.108639455782313
22.786666666666665
22.61938775510204
22.907619047619047
22.73013605442177
22.402789115646257
22.381292517006802
22.9212925170068
22.847414965986392
22.457346938775512
22.286598639455782
22.522721088435375
22.62326530612245
22.895238095238096
22.763537414965985
22.692993197278913
22.609319727891155
22.465170068027213
22.30789115646259
22.30047619047619
22.45265306122449
22.2408843537415
22.27755102040816
22.27394557823129
22.19047619047619
22.253061224489798
22.189931972789118
22.057551020408162
21.580272108843538
21.93299319727891
21.90591836734694
22.311020408163266
21.927687074829933
22.224013605442178
21.973673469387755
21.998979591836733
21.71938775510204
21.91312925170068
21.955510204081634
21.57938775510204
21.59095238095238
21.70170068027211
21.657551020408164
21.16537414965987
21.091020408163267
21.577414965986396
21.445238095238096
21.473809523809525
21.35904761904762
21.498163265306125
21.070680272108845
21.32387755102041
21.081156462585035
21.295374149659864
21.212380952380954
21.278503401360545
20.837346938775507
20.952380952380953
20.703129251700684
20.786598639455782
21.027482993197278
21.232993197278912
21.037619047619053
21.068163265306122
20.974761904761905
20.822312925170067
20.42285714285714
20.378843537414966
20.27374149659864
20.576394557823132
20.668231292517007
21.131632653061224
20.870680272108842
20.996938775510205
21.04625850340136
21.24170068027211
20.65421768707483
20.586326530612244
20.488843537414965
20.47714285714286
20.505374149659865
20.93877551020408
20.898367346938777
20.681700680272108
20.786462585034016
20.852448979591834
21.019727891156464
21.120884353741495
21.087755102040816
20.90469387755102
20.83122448979592
21.15
20.94102040816327
20.966122448979593
20.867278911564625
20.7178231292517
20.528571428571432
20.694149659863946
20.91727891156463
21.29136054421769
21.145442176870745
20.95625850340136
20.44326530612245
20.82312925170068
20.874217687074832
21.102244897959185
20.89721088435374
20.743061224489797
20.419591836734696
20.379319727891158
20.545986394557822
20.84204081632653
20.742721088435374
20.71095238095238
20.601632653061223
20.626054421768707
20.621156462585034
20.860204081632652
21.16292517006803
21.105034013605447
20.940204081632654
21.045510204081634
21.149795918367346
20.93312925170068
20.59979591836735
20.789115646258505
20.957551020408168
21.030476190476193
20.688775510204085
20.469115646258505
20.740748299319726
21.03319727891156
21.14884353741496
20.880408163265308
20.64687074829932
20.798231292517006
21.14
21.415714285714287
21.095578231292517
21.117755102040817
21.231972789115645
21.352857142857143
21.04986394557823
21.09265306122449
21.51931972789116
21.706870748299316
21.942517006802724
22.151224489795915
22.3978231292517
22.513197278911562
22.27748299319728
22.37210884353742
22.408979591836733
22.994625850340135
23.17455782312925
23.732789115646263
23.632380952380952
23.862585034013605
23.9634693877551
24.252380952380957
24.195306122448976
24.048707482993198
24.096666666666668
24.47027210884354
25.177074829931975
25.510272108843537
25.698095238095235
25.748163265306125
25.94197278911565
26.359931972789113
26.62986394557823
27.20231292517007
27.243673469387755
27.178163265306118
27.195646258503402
27.49857142857143
27.759455782312926
27.892108843537418
27.994557823129252
28.197414965986397
28.391564625850343
28.694761904761908
28.666802721088438
29.312789115646257
29.736054421768706
29.635714285714286
29.265238095238097
29.590816326530614
30.621632653061226
30.56639455782313
30.254285714285714
30.820272108843536
31.41333333333333
31.093945578231292
30.818979591836737
31.108843537414966
31.247142857142855
31.090884353741497
31.28
31.200748299319727
31.603061224489792
31.6634693877551
31.61204081632653
31.246938775510202
31.089319727891155
31.132380952380956
31.265034013605444
31.223809523809525
31.062857142857144
30.982721088435376
30.497959183673473
30.091904761904765
30.160748299319728
30.09748299319728
29.525170068027215
29.425646258503406
29.73455782312925
29.296326530612244
28.652925170068023
28.358639455782313
28.30829931972789
28.121020408163265
28.275374149659864
28.52673469387755
28.53775510204082
28.279795918367345
27.5321768707483
26.92326530612245
26.8878231292517
26.962993197278912
26.886462585034018
26.639115646258507
26.477482993197277
26.353741496598637
26.70156462585034
26.78108843537415
26.238027210884354
25.8543537414966
25.641292517006804
25.82027210884354
25.855578231292515
26.16952380952381
25.788163265306125
25.588571428571427
25.607346938775514
25.644897959183673
25.479251700680273
25.240272108843534
25.24374149659864
25.11857142857143
24.727482993197277
24.86027210884354
25.26829931972789
25.58823129251701
25.420952380952382
25.48952380952381
25.297755102040817
25.187959183673467
25.22863945578231
25.28278911564626
25.450068027210882
25.51544217687075
25.575170068027212
25.87517006802721
25.979727891156465
25.835102040816324
26.11938775510204
26.328843537414965
25.953333333333337
25.711768707482996
26.01843537414966
26.010680272108843
26.040068027210886
26.18877551020408
26.410136054421766
26.555714285714288
26.48857142857143
26.346666666666668
26.58544217687075
27.271156462585033
27.440952380952382
27.554217687074832
27.58748299319728
27.874421768707485
27.808911564625852
27.95972789115646
27.990204081632655
28.377210884353744
28.72353741496599
28.792993197278914
28.651836734693877
28.85469387755102
29.177278911564628
29.509727891156462
29.416122448979593
29.62659863945578
29.627959183673468
29.805918367346937
30.04659863945578
30.562925170068027
30.78292517006803
30.802244897959184
31.03544217687075
31.41795918367347
31.392517006802724
31.572040816326535
31.485170068027216
31.737414965986396
31.340816326530614
31.990680272108847
32.57707482993197
33.09585034013605
32.901428571428575
33.07374149659864
33.40292517006802
33.39387755102041
33.37380952380953
33.378299319727894
33.76176870748299
33.971972789115654
34.18394557823129
34.415238095238095
34.45367346938776
34.65551020408164
34.61380952380952
34.9039455782313
34.9669387755102
35.49666666666667
35.57462585034014
35.629387755102044
35.68258503401361
35.96918367346939
36.13544217687074
36.46986394557823
36.69353741496599
36.75136054421769
36.844897959183676
37.01319727891156
37.35727891156463
37.52108843537415
37.53605442176871
37.5747619047619
37.79414965986395
38.3025850340136
38.6852380952381
39.098435374149666
39.11333333333333
39.321224489795924
39.39122448979592
39.36959183673469
39.401360544217695
39.624693877551024
39.93258503401361
39.98258503401361
40.15319727891157
40.29952380952382
40.56414965986395
40.63775510204081
40.74197278911565
40.6743537414966
40.67523809523809
40.387687074829934
40.75149659863946
41.16755102040816
41.20523809523809
40.907278911564624
41.16115646258503
41.42666666666667
41.26380952380953
41.55183673469388
41.55374149659865
41.777687074829934
41.61680272108843
41.98401360544217
41.75598639455782
41.88421768707484
41.69061224489796
42.17843537414966
42.364761904761906
42.473877551020415
42.390952380952385
42.50326530612245
42.9525850340136
43.21054421768707
43.07904761904762
43.05448979591837
43.14666666666666
43.40904761904763
43.24183673469388
43.53299319727891
43.65544217687075
43.83952380952381
44.32530612244898
44.25190476190476
44.12979591836734
43.62510204081632
44.02034013605442
44.212380952380954
44.76748299319729
44.681496598639455
44.48965986394558
44.425646258503406
44.85299319727891
44.697959183673476
44.50081632653061
44.76326530612245
45.483537414965994
45.611768707482995
45.31551020408163
45.38646258503401
45.440340136054424
45.71340136054422
45.525034013605435
45.783401360544225
45.81700680272109
45.819319727891155
45.39278911564626
45.554081632653066
45.70034013605442
45.762585034013604
45.75938775510205
46.116462585034014
46.103197278911566
45.542312925170066
45.44353741496599
45.49333333333334
45.70224489795918
45.62891156462585
46.11074829931973
45.99551020408163
45.52843537414966
45.20421768707483
45.36693877551021
45.44353741496599
45.322108843537414
45.29714285714285
45.258707482993195
45.603401360544225
45.74149659863946
45.88312925170068
45.34231292517006
45.09863945578231
44.81394557823129
44.86659863945579
44.680612244897965
44.9456462585034
45.35360544217687
45.391496598639456
45.251768707482995
44.786258503401356
44.75734693877551
44.61952380952381
44.96061224489796
44.93326530612245
44.72857142857143
44.78585034013606
44.91074829931973
45.075306122448985
44.86204081632653
44.64585034013606
44.443401360544215
44.58081632653061
44.940272108843544
44.64605442176871
44.49755102040817
44.475034013605445
44.56925170068027
44.608707482993196
44.38863945578232
44.199999999999996
44.00571428571429
44.447687074829936
44.32625850340136
44.25619047619048
43.83517006802722
44.05843537414966
44.028435374149666
44.033129251700686
43.61299319727892
43.55340136054422
43.43448979591837
43.534557823129255
43.20476190476191
43.16789115646259
42.975578231292516
43.03054421768708
42.578911564625855
42.68544217687075
42.82551020408164
42.813809523809525
42.202448979591836
42.08081632653061
42.19768707482993
42.25442176870749
42.069319727891155
42.02952380952381
41.91687074829932
41.62394557823129
41.48183673469388
41.45312925170068
41.22081632653062
41.10190476190476
41.09469387755102
41.234489795918364
40.86319727891157
40.7387074829932
40.3387074829932
39.967891156462585
39.52578231292517
39.81993197278912
40.04530612244898
40.19156462585035
39.933945578231295
39.32238095238095
38.94517006802721
38.950816326530614
38.77068027210885
38.6260544217687
38.63142857142857
38.76646258503401
38.70448979591836
38.5308843537415
37.92251700680272
37.57918367346939
37.98265306122448
38.311088435374145
38.09721088435374
37.65374149659864
37.34673469387755
37.51027210884354
37.256122448979596
37.12210884353742
36.54340136054422
36.49061224489796
36.54517006802722
37.03496598639455
36.79891156462585
36.471972789115654
35.87870748299319
35.79727891156463
35.823197278911564
35.888231292517005
35.524897959183676
35.28231292517007
35.08496598639456
34.96863945578231
34.79897959183674
34.60632653061224
34.27503401360544
34.2021768707483
34.13496598639456
34.212857142857146
34.045374149659864
34.1008843537415
33.748503401360544
33.76843537414966
33.646462585034016
33.61278911564626
33.58448979591837
33.438163265306116
33.24857142857143
33.05040816326531
33.15578231292517
32.69312925170068
32.21156462585034
32.12367346938776
32.34721088435374
32.332244897959185
32.203265306122454
31.876462585034012
31.939115646258504
31.77040816326531
31.968299319727894
32.02068027210885
31.998775510204084
31.747619047619047
31.40129251700681
31.45183673469388
31.20904761904762
31.33918367346939
30.962176870748298
30.98081632653061
30.574897959183673
30.66142857142857
30.27714285714286
30.291224489795923
30.358911564625853
30.80761904761905
30.214897959183673
29.600680272108843
29.36625850340136
29.71591836734694
29.618639455782315
29.619183673469387
29.360272108843542
29.284829931972787
28.925034013605444
28.8543537414966
28.429931972789117
28.496666666666666
28.345986394557823
28.632857142857144
28.43353741496599
28.658775510204084
28.500068027210887
28.252925170068025
27.557142857142857
27.594421768707484
27.445714285714285
27.4352380952381
27.088707482993197
27.312176870748303
27.09176870748299
27.03700680272109
26.684217687074828
26.563333333333336
26.1256462585034
26.24278911564626
26.12278911564626
26.257755102040818
26.358367346938774
26.419591836734693
25.671292517006805
25.246530612244896
25.242176870748303
25.475102040816328
25.343197278911564
25.20891156462585
24.8365306122449
24.89074829931973
24.695850340136055
24.624965986394553
24.431836734693878
24.462585034013607
24.314557823129253
24.137278911564625
23.933537414965986
23.771632653061225
23.686938775510207
23.546734693877553
23.452040816326534
23.63496598639456
23.936190476190475
24.013741496598637
23.870272108843537
23.578639455782316
23.302925170068026
22.93510204081633
22.899523809523814
22.838979591836736
22.786326530612243
22.812721088435374
22.757414965986392
22.970544217687078
22.793605442176872
22.570544217687075
22.215782312925167
22.40578231292517
22.306802721088435
22.236666666666668
21.85775510204082
21.655238095238097
21.616190476190475
21.902789115646257
21.850204081632654
21.694761904761904
21.628503401360543
21.61632653061225
21.363809523809525
21.349863945578235
21.19482993197279
21.043537414965986
20.6852380952381
21.13340136054422
21.19816326530612
21.082585034013608
20.739863945578232
20.85170068027211
20.634625850340136
20.570748299319728
20.40292517006803
20.325578231292518
20.232380952380954
20.169319727891157
20.189387755102043
20.088911564625853
20.397142857142857
20.263605442176875
20.305850340136057
19.717551020408166
19.506394557823132
19.13170068027211
19.179931972789117
19.22326530612245
19.095714285714287
19.04108843537415
19.1178231292517
19.417755102040815
19.394489795918368
19.392108843537414
19.05197278911565
18.7552380952381
18.66952380952381
18.6778231292517
18.481360544217686
18.371564625850343
18.74496598639456
18.705578231292517
18.693197278911565
18.444489795918372
18.435578231292517
18.16013605442177
17.86190476190476
17.73074829931973
17.896802721088434
17.88204081632653
17.943061224489796
17.91299319727891
17.997414965986398
17.847619047619048
17.798095238095236
17.636938775510203
17.56482993197279
17.659183673469386
17.699183673469385
17.590816326530614
17.411972789115644
17.066734693877553
17.23748299319728
17.117823129251704
17.03680272108844
16.832108843537412
17.028775510204078
17.07034013605442
17.201768707482998
17.16591836734694
16.801768707482992
16.588027210884356
16.69986394557823
16.892380952380954
16.43312925170068
16.460204081632654
16.511632653061223
16.710680272108842
16.485850340136054
16.563061224489797
16.23578231292517
16.217687074829932
16.294489795918366
16.787619047619046
16.65047619047619
16.46244897959184
16.14673469387755
16.111768707482995
16.05360544217687
16.197414965986397
16.16816326530612
15.954829931972789
15.992993197278912
16.036258503401363
15.989319727891155
16.054897959183673
16.136802721088436
16.1421768707483
15.748299319727893
15.8143537414966
15.651020408163264
15.748639455782314
15.46734693877551
15.58625850340136
15.661020408163266
15.933469387755101
15.697619047619048
15.656326530612247
15.709115646258503
15.874489795918368
15.471972789115648
15.361836734693878
15.431020408163265
15.269659863945577
15.33047619047619
15.503061224489798
15.54761904761905
15.331020408163264
15.16748299319728
15.357551020408165
15.32517006802721
15.349659863945579
15.055374149659865
15.082721088435374
15.154761904761905
15.258163265306122
15.258707482993197
15.108299319727891
15.108367346938774
15.128027210884355
15.296938775510206
15.023061224489798
14.870272108843537
14.689319727891158
14.874829931972789
15.26972789115646
15.268843537414966
15.142040816326531
14.916666666666668
15.385714285714286
15.216122448979593
15.25482993197279
15.354693877551021
15.865782312925171
15.349931972789117
15.029727891156464
14.883061224489797
15.178299319727891
14.824829931972788
14.802176870748301
14.761020408163265
14.698163265306121
14.722721088435375
15.17326530612245
15.332585034013606
15.109591836734694
14.611496598639455
14.765238095238095
14.610340136054422
14.809863945578233
15.031564625850338
15.10142857142857
14.688027210884355
14.662789115646259
14.92265306122449
14.747346938775511
14.375170068027211
14.470884353741496
14.694013605442176
14.86748299319728
14.766666666666666
14.786462585034016
14.668503401360544
14.602448979591838
14.73829931972789
14.92095238095238
14.897142857142857
14.772789115646258
14.642380952380954
14.908163265306122
15.04421768707483
14.882040816326533
14.596326530612245
14.52748299319728
14.412585034013606
14.568707482993197
14.809591836734695
15.099863945578232
14.745374149659863
14.984421768707485
14.837482993197279
15.039727891156462
14.67156462585034
14.97408163265306
14.936122448979592
14.855374149659866
14.755034013605442
14.908027210884354
14.89952380952381
14.407551020408164
14.103605442176871
14.295102040816326
14.691360544217687
14.634625850340138
14.69734693877551
14.749659863945581
14.455374149659864
14.462244897959183
14.7778231292517
14.784625850340138
14.263401360544218
13.990204081632655
14.75156462585034
15.352312925170068
15.18795918367347
14.465034013605443
14.26904761904762
14.151496598639456
14.117278911564627
14.60639455782313
14.832244897959185
14.856054421768707
14.76326530612245
14.717006802721087
14.327959183673471
14.502244897959184
14.389795918367348
14.55795918367347
14.594149659863946
14.852448979591838
14.688231292517008
14.608911564625851
14.701156462585033
14.717755102040817
14.606734693877554
14.246122448979591
14.38700680272109
14.543469387755101
14.792789115646258
14.719659863945578
14.730952380952381
14.704625850340136
14.691496598639457
14.711360544217687
14.41095238095238
14.58891156462585
14.526802721088437
14.687006802721088
14.586666666666668
14.746530612244896
14.685170068027212
14.780000000000001
14.538367346938777
14.753333333333334
15.129727891156463
15.25095238095238
14.565986394557823
14.26748299319728
14.407006802721089
14.602108843537417
14.749659863945581
14.450884353741497
14.43843537414966
14.535850340136054
14.730272108843538
14.587755102040818
14.489999999999998
14.64
14.59673469387755
14.683673469387756
14.540068027210884
14.509591836734696
14.753673469387756
14.971632653061226
15.037755102040816
15.007278911564626
14.639659863945578
14.386258503401361
14.223537414965985
14.559387755102042
14.276394557823128
14.407074829931974
14.61204081632653
14.681360544217686
14.362108843537413
14.750816326530611
14.815646258503403
14.680680272108845
14.003265306122449
14.189319727891156
14.480204081632653
14.571904761904761
14.171292517006805
14.301632653061224
14.516122448979592
14.486462585034012
14.64469387755102
15.049727891156461
14.896938775510204
14.779455782312926
14.658979591836736
14.791496598639455
14.44734693877551
14.370612244897961
14.282040816326532
14.638231292517005
14.442789115646258
14.69829931972789
14.742244897959186
14.685102040816325
14.657619047619049
14.89061224489796
14.669591836734694
14.410748299319728
14.569319727891157
14.871292517006802
14.875374149659864
14.486122448979591
14.39469387755102
14.816802721088436
15.12843537414966
14.819727891156464
14.387551020408162
14.714965986394558
14.91122448979592
15.003129251700681
14.558095238095238
14.950884353741497
15.165850340136053
15.437414965986395
14.979727891156463
14.723741496598638
14.583537414965985
14.970884353741496
15.175782312925172
15.181428571428572
15.145374149659865
14.704693877551021
14.667414965986396
14.569727891156463
14.916734693877551
14.972244897959184
15.16482993197279
15.14408163265306
15.07013605442177
15.060544217687076
15.106326530612243
15.135918367346939
15.166938775510205
15.07891156462585
15.255510204081633
15.142108843537414
15.125442176870747
15.231904761904762
15.281972789115647
15.301768707482992
15.105170068027212
14.881700680272107
14.931156462585033
15.002789115646259
15.189115646258506
15.357891156462586
15.6278231292517
15.48421768707483
15.33156462585034
15.484625850340136
15.167619047619048
14.980408163265306
15.446870748299322
15.901972789115646
16.08326530612245
15.74510204081633
15.779387755102041
15.538231292517008
15.595238095238095
15.582517006802721
15.54904761904762
15.620408163265306
15.705102040816326
15.873197278911565
15.800816326530613
15.905578231292518
15.645374149659864
15.514353741496599
15.300068027210884
15.572244897959184
15.775782312925172
15.701156462585034
15.686530612244898
16.02938775510204
16.559047619047618
16.395034013605443
16.094353741496597
16.329047619047618
16.925034013605444
17.12673469387755
17.05843537414966
17.035306122448983
17.04965986394558
16.856122448979594
16.429591836734694
16.51142857142857
16.689047619047617
17.00278911564626
16.736054421768706
16.900680272108843
16.76687074829932
16.620408163265306
16.613809523809522
16.977687074829934
17.180408163265305
17.2687074829932
17.183469387755103
17.472517006802722
17.32843537414966
17.25857142857143
17.02809523809524
17.328503401360546
17.2634693877551
17.189523809523813
17.20619047619048
17.30578231292517
17.577891156462584
17.72462585034014
17.684761904761906
17.601836734693876
17.73013605442177
17.950272108843535
17.909319727891155
18.37877551020408
18.542040816326534
18.81591836734694
18.520884353741497
18.311020408163266
17.96557823129252
18.27843537414966
18.309115646258505
18.734897959183673
18.596258503401366
18.682925170068028
18.53530612244898
19.201156462585033
19.139931972789114
19.000340136054426
19.080816326530613
19.327619047619045
19.6678231292517
19.936258503401362
20.29931972789116
20.070748299319728
20.022925170068028
20.168639455782312
20.500204081632653
20.609795918367347
21.079931972789115
21.468231292517007
21.396326530612246
21.204081632653065
21.40768707482993
22.19156462585034
22.414421768707484
22.378639455782313
22.225578231292516
22.79666666666667
23.000408163265305
23.396190476190476
24.385578231292516
24.921360544217688
24.740000000000002
25.0856462585034
25.838027210884356
26.530680272108846
26.901020408163266
27.26925170068027
27.2387074829932
28.289727891156463
28.80299319727891
28.830136054421768
28.4043537414966
28.95986394557823
28.64074829931973
28.7408843537415
28.731428571428573
28.89387755102041
28.46775510204081
28.461904761904762
28.77612244897959
29.21251700680272
29.225306122448984
29.160748299319728
29.244149659863943
29.618639455782315
30.059319727891154
30.653537414965985
30.667074829931973
30.97836734693878
31.272517006802723
31.600544217687077
31.674965986394557
32.0769387755102
32.43061224489796
33.022448979591836
33.39578231292517
33.54551020408163
33.636802721088436
33.97986394557823
33.85863945578231
34.17993197278912
34.49727891156463
34.27074829931973
33.96278911564627
33.47455782312925
33.27108843537415
33.40578231292517
33.698095238095235
33.38918367346939
32.88891156462585
33.10551020408164
32.394625850340134
32.48639455782313
32.09952380952382
32.61353741496599
32.436394557823135
32.690544217687076
32.29414965986395
31.76197278911565
30.911768707482995
30.540680272108844
30.349319727891157
30.231768707482992
29.863401360544216
29.336530612244896
28.367210884353742
28.202108843537417
27.999931972789113
27.6978231292517
27.009251700680274
27.281020408163265
26.47843537414966
26.648503401360546
26.420952380952382
26.54931972789116
25.703605442176872
25.229931972789117
24.9921768707483
24.94367346938776
24.980544217687076
24.544897959183675
24.30605442176871
24.348639455782312
23.96591836734694
23.71857142857143
23.261088435374152
23.228367346938775
23.165034013605442
23.341156462585033
23.097210884353743
22.64190476190476
22.261156462585035
22.199591836734694
22.579931972789115
22.882517006802722
22.479115646258506
21.77421768707483
21.649251700680274
21.976666666666667
21.932108843537414
21.903673469387755
21.50292517006803
21.269931972789117
20.68605442176871
20.696598639455765
20.654421768707458
