27.65581632653062
28.32197278911563
27.93251700680272
27.40809523809524
27.212517006802724
26.961360544217687
27.026938775510207
27.19673469387755
26.958163265306123
26.857278911564627
26.97013605442177
27.075918367346937
26.61272108843538
26.37897959183674
26.214013605442176
26.176326530612247
25.711156462585034
25.38884353741497
25.47374149659864
25.688367346938776
25.57414965986395
25.386530612244897
25.299591836734695
25.382517006802725
25.575102040816326
25.649115646258505
25.501020408163267
25.347210884353743
25.01578231292517
24.820068027210887
25.059115646258505
25.010204081632654
24.691360544217687
24.452380952380953
24.360748299319727
24.353537414965988
24.526122448979592
24.71061224489796
24.409115646258506
24.359523809523807
24.64625850340136
25.049727891156465
24.956802721088437
24.6321768707483
24.78959183673469
25.01047619047619
24.842789115646262
24.626054421768707
24.49374149659864
24.380204081632655
24.294897959183675
24.814421768707483
24.458367346938775
24.29530612244898
24.33809523809524
24.61673469387755
24.652040816326533
24.451088435374153
24.584149659863943
24.664421768707484
24.74843537414966
24.158027210884352
23.87455782312925
24.15666666666667
24.322653061224493
24.179863945578234
24.276258503401362
24.456190476190475
24.431972789115648
24.348027210884354
24.66455782312925
24.766598639455783
24.428231292517008
24.16591836734694
24.10340136054422
24.161972789115648
24.208367346938775
24.270612244897958
24.287687074829932
24.43727891156463
24.394285714285715
24.2078231292517
24.030476190476193
24.20034013605442
23.934761904761906
23.497278911564624
23.47156462585034
23.126326530612246
23.079523809523813
23.199727891156467
23.342108843537414
23.16578231292517
23.103401360544215
23.068979591836733
22.77394557823129
23.2287074829932
23.361156462585036
23.124761904761904
22.881496598639455
22.664353741496598
22.40734693877551
22.489319727891157
22.586054421768708
22.454081632653065
22.366122448979592
22.27639455782313
22.131768707482994
21.801428571428573
21.86360544217687
22.090884353741494
22.541972789115647
22.523061224489798
22.321972789115648
22.567414965986398
22.83326530612245
23.052176870748305
23.173673469387758
23.296462585034014
22.90639455782313
22.72020408163265
22.73108843537415
22.717823129251702
22.671768707482993
22.7391156462585
22.51238095238095
22.417551020408162
22.50578231292517
22.688299319727893
23.156802721088436
23.70278911564626
23.079251700680274
22.7778231292517
22.762244897959185
23.26448979591837
23.421632653061227
23.68469387755102
23.29108843537415
23.017551020408163
23.27619047619048
23.773605442176873
23.33952380952381
22.814013605442177
22.704489795918366
22.979251700680273
23.03496598639456
23.10795918367347
23.463265306122448
23.501836734693875
23.339591836734694
22.834149659863947
22.79149659863946
23.19795918367347
23.377210884353744
23.392312925170067
23.44517006802721
23.351904761904763
23.09292517006803
22.87734693877551
22.802857142857142
22.933469387755103
23.13278911564626
23.3865306122449
23.32823129251701
23.268775510204087
23.230612244897962
23.509183673469387
23.580816326530613
23.65122448979592
23.3121768707483
23.109591836734694
23.53326530612245
24.045034013605445
23.773945578231295
23.546122448979595
23.386598639455784
23.296122448979595
23.368299319727896
24.11795918367347
24.255170068027212
24.500136054421773
24.17598639455782
24.410816326530615
24.535306122448976
24.79544217687075
24.510884353741496
24.9387074829932
25.493741496598638
25.52387755102041
25.399863945578232
25.60455782312925
25.996462585034013
26.029523809523813
26.193197278911565
26.496326530612244
27.420204081632654
27.92340136054422
28.000204081632653
28.017823129251703
28.609455782312928
28.778299319727893
28.68877551020408
28.95925170068027
29.250340136054422
29.657755102040817
29.881020408163266
30.186190476190475
30.54272108843537
30.983809523809523
31.252108843537414
31.619115646258507
32.16761904761905
32.47850340136054
32.57496598639456
33.33904761904762
33.6291156462585
34.070680272108845
34.00707482993198
34.59285714285715
34.514693877551025
34.881564625850345
35.13972789115647
35.99027210884354
36.209047619047624
36.66374149659863
36.73489795918367
37.083673469387755
37.3291156462585
37.70476190476191
37.71605442176871
37.923809523809524
38.55863945578231
39.09292517006803
39.29088435374149
39.44034013605443
39.58843537414967
39.77625850340136
39.760816326530616
39.89448979591837
40.09319727891157
40.3478231292517
40.21605442176871
40.060476190476194
40.350748299319726
40.555850340136054
39.95673469387755
39.61829931972789
39.813605442176865
39.981088435374154
39.651156462585035
39.54571428571429
39.32850340136055
38.766938775510205
38.64687074829932
38.39170068027211
37.98210884353742
37.658639455782314
37.48027210884354
37.29013605442178
36.663265306122454
36.657755102040824
36.3608843537415
36.200816326530614
35.57965986394558
35.49897959183673
35.49721088435374
35.32414965986395
34.83904761904762
34.58761904761904
34.59408163265306
34.241564625850344
33.77557823129251
33.59986394557823
33.630612244897954
33.69551020408163
33.15523809523809
33.03952380952381
32.85176870748299
32.899523809523814
32.57081632653061
32.37360544217687
32.37544217687075
32.257278911564626
32.21727891156463
32.15748299319728
32.246258503401364
31.873945578231293
31.67700680272109
31.525238095238098
31.388435374149662
31.298299319727896
31.652040816326533
31.597619047619048
31.354285714285716
31.62918367346939
31.842517006802723
31.85578231292517
31.34979591836735
31.724965986394558
31.89401360544218
31.96639455782313
31.41619047619048
31.760544217687073
32.07142857142858
32.19231292517007
32.11775510204082
32.315986394557825
32.44319727891156
32.545170068027204
32.537142857142854
32.722244897959186
32.81285714285714
33.029591836734696
33.210680272108846
33.54884353741497
33.897551020408166
33.881088435374146
34.1378231292517
34.17285714285714
34.31721088435374
34.158707482993194
34.69625850340136
35.51707482993197
35.85040816326531
35.599999999999994
35.29122448979592
35.54612244897959
35.86210884353741
36.19598639455782
36.35510204081633
36.594965986394556
37.05469387755102
37.45312925170068
37.63482993197279
37.84367346938776
38.10755102040817
38.267210884353744
38.15714285714286
38.27918367346939
38.497687074829926
38.86034013605442
39.18612244897959
39.72455782312925
39.92054421768707
40.06625850340136
40.04802721088435
40.2765306122449
40.17034013605442
40.54571428571428
40.72489795918368
40.72306122448979
40.66149659863946
41.00659863945579
41.259183673469394
41.30625850340136
41.37734693877552
41.51285714285714
41.10585034013605
41.41027210884354
41.594965986394556
42.346258503401366
42.18054421768708
42.74972789115647
42.509183673469394
42.54911564625851
42.213741496598644
42.409387755102046
42.6874149659864
43.004285714285714
43.185578231292524
43.256666666666675
43.41013605442177
43.196734693877545
43.30734693877551
43.768027210884355
43.78809523809524
43.45476190476191
43.472517006802725
43.862925170068024
43.78544217687075
44.06646258503402
44.42353741496599
44.56857142857143
44.12673469387755
44.12136054421769
44.226734693877546
44.28462585034014
44.37204081632653
44.5930612244898
44.82986394557823
44.89081632653061
45.07061224489796
44.87619047619047
45.10965986394558
45.17442176870748
45.201632653061225
44.7830612244898
44.89972789115646
45.024897959183676
45.24802721088436
45.396462585034016
45.55299319727891
45.536802721088435
45.44605442176871
45.78020408163266
45.96414965986395
45.83183673469388
45.56020408163266
45.626326530612246
45.77673469387755
45.657823129251696
45.81721088435374
46.10551020408164
46.15544217687075
45.95646258503402
45.987687074829935
46.15442176870749
46.008095238095244
46.0978231292517
46.28081632653061
46.50190476190476
46.5652380952381
46.39367346938776
46.143741496598636
46.106462585034016
46.49503401360545
46.64557823129252
46.52748299319728
46.429319727891155
46.9570068027211
47.43394557823129
47.39489795918367
47.268163265306114
47.29510204081633
47.35598639455782
47.58816326530613
47.619659863945586
47.70537414965987
47.638775510204084
47.72598639455782
47.484965986394556
47.61986394557824
47.93394557823129
47.82197278911565
47.68251700680272
47.7508843537415
47.96986394557824
48.215374149659866
48.231904761904765
48.22761904761905
48.18986394557823
48.475102040816324
48.30591836734694
48.18877551020408
48.10551020408163
48.537891156462585
48.690544217687076
48.82625850340136
48.643741496598636
48.48428571428572
48.05285714285715
47.84170068027211
48.379863945578236
48.723061224489804
48.50938775510204
47.893469387755104
48.03727891156463
48.486598639455785
48.67884353741496
48.12680272108844
47.93952380952381
47.967823129251705
48.30292517006803
48.145714285714284
48.18768707482994
47.86510204081633
47.90129251700681
47.635510204081626
47.74544217687074
47.784557823129255
48.114217687074834
47.99224489795918
47.74891156462584
47.38034013605443
47.36258503401361
47.487687074829935
47.37714285714286
47.39142857142857
47.282448979591834
47.23401360544218
47.0674149659864
46.8665306122449
46.670476190476194
46.86170068027211
47.15809523809524
47.06122448979592
46.73374149659864
46.51972789115646
46.53156462585034
46.65231292517008
46.799727891156465
46.54639455782312
46.336122448979594
46.30571428571429
46.37897959183674
46.06190476190477
45.76952380952382
45.751496598639456
45.69755102040816
45.63829931972789
45.713129251700686
45.588299319727895
45.264421768707486
45.2147619047619
45.402244897959186
45.39850340136055
44.89408163265306
44.57517006802722
44.51870748299319
44.47904761904762
44.18102040816326
44.035646258503405
44.21727891156462
44.10027210884354
44.114217687074834
43.79795918367347
43.81251700680272
43.688707482993195
43.721088435374156
43.44680272108844
43.42326530612245
43.20068027210885
42.853129251700686
42.56108843537415
42.462380952380954
42.138571428571424
42.12482993197279
42.20197278911566
42.281360544217684
42.059387755102044
42.01462585034014
41.78496598639456
41.53489795918368
41.34448979591837
41.328095238095244
41.31442176870749
41.062993197278914
40.799795918367344
40.27755102040817
40.11537414965987
40.27102040816326
40.12204081632653
39.655578231292516
39.55292517006803
39.980000000000004
39.97938775510204
39.6821768707483
39.20231292517007
38.944761904761904
38.60666666666666
38.639455782312936
38.78496598639455
38.560204081632655
38.23721088435374
37.79299319727892
37.95693877551021
37.732176870748305
37.7665306122449
37.617414965986384
37.58176870748299
37.69183673469388
37.58489795918368
37.19734693877551
36.74374149659864
36.79496598639456
36.48068027210884
36.089999999999996
35.79918367346939
36.05598639455782
36.384353741496604
36.405102040816324
35.98278911564626
35.46721088435375
35.337755102040816
35.36755102040817
35.384081632653064
35.25693877551021
35.02319727891157
34.90537414965986
34.89938775510204
34.6874149659864
34.42707482993197
33.971020408163255
33.95340136054421
33.849115646258504
33.646802721088434
33.12156462585034
33.23183673469388
33.427823129251706
33.603469387755105
33.54462585034013
33.4312925170068
32.88006802721089
32.57605442176871
32.58897959183674
32.48360544217688
32.31755102040817
32.17387755102041
32.22272108843538
32.03394557823129
32.18380952380953
31.96061224489796
31.677959183673472
31.317414965986394
31.621020408163265
32.05612244897959
32.09469387755102
31.783877551020407
31.400408163265304
31.174421768707482
31.17530612244898
31.297414965986395
31.03074829931973
30.635850340136056
30.648163265306124
30.48761904761905
30.16414965986395
30.09918367346939
30.310816326530613
30.267414965986397
30.21170068027211
29.70149659863946
29.15
29.00510204081633
29.45945578231293
29.426462585034013
29.271088435374153
29.13027210884354
29.017278911564624
29.017755102040816
29.069931972789117
28.744829931972788
28.201632653061225
28.171496598639457
28.337687074829937
28.287551020408166
27.869931972789118
27.479115646258506
27.23
27.488979591836735
27.387891156462587
27.18591836734694
26.97843537414966
27.136870748299323
27.081088435374152
27.031360544217687
26.51136054421769
26.136326530612248
25.922448979591838
26.190476190476193
26.279727891156462
26.066054421768712
25.810340136054425
25.668843537414965
25.28204081632653
24.794081632653064
24.99707482993197
25.320680272108845
25.180884353741497
24.85666666666667
24.83931972789116
24.68904761904762
24.48891156462585
24.4352380952381
24.60278911564626
24.371768707482996
24.328843537414965
24.119795918367345
24.139591836734695
23.741088435374152
23.769455782312928
23.380680272108844
23.57
23.67544217687075
23.73605442176871
23.187278911564626
23.068435374149658
22.91231292517007
22.981020408163264
22.97700680272109
22.7191156462585
22.43544217687075
22.6934693877551
22.664285714285718
22.57183673469388
22.641428571428573
22.507278911564626
21.806326530612246
21.75503401360544
21.9078231292517
21.84482993197279
21.710748299319725
21.81190476190476
21.77401360544218
21.692040816326532
21.490068027210885
21.245238095238093
21.085850340136055
21.50979591836735
21.55319727891157
21.506530612244898
21.43462585034014
21.364421768707484
20.848503401360546
20.449319727891158
20.802721088435376
20.87700680272109
20.94448979591837
20.7108843537415
20.617074829931973
20.296394557823128
20.139115646258503
20.227755102040817
20.171020408163265
20.162244897959184
20.028843537414964
20.317074829931975
20.154489795918366
19.952993197278914
19.506462585034015
19.56312925170068
19.33986394557823
19.450680272108848
19.40210884353742
19.37530612244898
18.925714285714285
18.76687074829932
18.924081632653063
19.081972789115646
19.09843537414966
19.25442176870748
19.064013605442177
18.899319727891154
18.689183673469387
18.66299319727891
18.677687074829933
18.75639455782313
18.660476190476192
18.524081632653058
18.612653061224492
18.632040816326533
18.7156462585034
18.7565306122449
18.50714285714286
18.145170068027213
18.27394557823129
18.373265306122452
18.121836734693876
17.879795918367346
17.847755102040818
18.036598639455782
17.995850340136055
17.932517006802723
17.54965986394558
17.5987074829932
17.481496598639456
17.484421768707485
17.601020408163265
18.062108843537416
17.722993197278914
17.325714285714284
17.306802721088438
17.389251700680273
17.195374149659862
17.13795918367347
17.06176870748299
17.016122448979594
17.067414965986394
17.244829931972788
16.880544217687074
16.52122448979592
16.826666666666668
16.838979591836736
16.70965986394558
16.465170068027213
16.59605442176871
16.561020408163266
16.813197278911563
17.058979591836735
16.970884353741496
16.862653061224492
16.666190476190472
16.32993197278911
16.285578231292515
16.35340136054422
16.743469387755102
16.801156462585034
16.63625850340136
16.244285714285716
16.169591836734696
16.43482993197279
16.416054421768706
16.53034013605442
16.449523809523814
16.537074829931974
16.213809523809527
16.397891156462585
16.367619047619048
16.23061224489796
16.15244897959184
16.482857142857146
16.639591836734695
16.307210884353744
16.235510204081635
16.191156462585035
16.2808843537415
16.481292517006803
16.447482993197276
16.262312925170068
16.097142857142856
16.3965306122449
16.24496598639456
16.198231292517004
16.001156462585037
16.042380952380952
16.003333333333334
16.153469387755102
15.858707482993196
15.765238095238097
15.731700680272109
15.843061224489794
15.408095238095237
15.381496598639457
15.524421768707482
16.13034013605442
16.02925170068027
15.92843537414966
15.63251700680272
15.951632653061225
16.101020408163265
16.22612244897959
15.971088435374147
16.17748299319728
16.288163265306125
16.400408163265308
16.41231292517007
16.499591836734695
16.05591836734694
15.729931972789114
15.802244897959184
16.302721088435373
16.585782312925172
16.305986394557824
16.26183673469388
16.115238095238094
16.384897959183675
16.193673469387758
16.30619047619048
16.336938775510205
16.497687074829933
16.497959183673466
16.419115646258504
16.238843537414965
16.38074829931973
16.195034013605444
16.27843537414966
16.20265306122449
16.636666666666667
16.613469387755103
16.134353741496597
15.901020408163266
16.071360544217686
16.56496598639456
16.248027210884356
16.050680272108842
15.869047619047619
16.16374149659864
16.258911564625848
16.456598639455784
16.148095238095237
15.900884353741498
15.646190476190476
16.027346938775512
16.27136054421769
16.383741496598642
15.905646258503403
16.022244897959183
16.378911564625852
16.990136054421768
16.842721088435376
16.267278911564624
16.05074829931973
16.070204081632653
15.953469387755103
15.616122448979592
15.987278911564626
15.881700680272111
15.611904761904762
15.649319727891157
16.09496598639456
16.29625850340136
15.949115646258504
15.733537414965987
15.386938775510206
15.444897959183674
15.858299319727891
15.980544217687074
15.68544217687075
15.201564625850342
15.195986394557824
15.805442176870747
16.09482993197279
16.0734693877551
15.917891156462586
15.983333333333334
15.770816326530614
15.85156462585034
15.992993197278912
15.80734693877551
15.23721088435374
15.569863945578232
15.671904761904765
15.89952380952381
15.439931972789116
15.677278911564628
15.637891156462585
15.867755102040817
15.984489795918368
15.931088435374152
15.855850340136055
16.057687074829932
16.024897959183672
15.667142857142856
15.62156462585034
15.793401360544218
15.894149659863947
15.892993197278914
15.854829931972791
15.744013605442177
15.686462585034016
15.991224489795918
16.149319727891157
16.189795918367345
15.916054421768708
15.963333333333335
15.68829931972789
15.727755102040817
15.720272108843538
15.744149659863947
15.527891156462584
15.536190476190475
15.546462585034014
15.445510204081634
15.83421768707483
16.263877551020407
16.495986394557825
15.927891156462586
15.89639455782313
15.618775510204081
15.860680272108844
15.843877551020409
16.088911564625853
15.992789115646259
15.929795918367347
15.704421768707487
15.705986394557822
15.735646258503401
15.809319727891157
15.770544217687075
15.852380952380953
15.696190476190477
15.823673469387757
16.040952380952383
15.8621768707483
15.508231292517008
15.78734693877551
15.930068027210885
15.57013605442177
15.494285714285715
15.903197278911566
16.137891156462587
15.900816326530613
16.144013605442176
16.130068027210886
15.802380952380954
15.62877551020408
15.750136054421768
15.792653061224488
15.56421768707483
15.716802721088435
15.464557823129251
15.570340136054423
15.897619047619049
16.578367346938776
16.318163265306126
16.194149659863946
15.667074829931973
15.453197278911563
15.448231292517008
15.782585034013605
15.979319727891156
15.795646258503403
15.599115646258504
15.467210884353742
15.748163265306122
16.1021768707483
16.319455782312925
16.183673469387756
15.953061224489797
16.041632653061228
16.12904761904762
16.205510204081634
16.068367346938775
16.180680272108845
16.328639455782316
16.486326530612246
16.305170068027213
15.96843537414966
16.099183673469387
16.166666666666664
16.57904761904762
16.26979591836735
16.26829931972789
16.014421768707482
16.435238095238095
16.160612244897962
16.450952380952383
16.684829931972786
16.999115646258502
16.690816326530612
16.73149659863946
16.614353741496597
16.599115646258504
16.9578231292517
17.53952380952381
17.695714285714285
17.490884353741496
17.433605442176873
17.370476190476193
17.57510204081633
17.655510204081633
17.530272108843537
17.199727891156463
16.950476190476188
17.360748299319727
17.419319727891157
17.729183673469386
17.460340136054427
17.841836734693878
17.867142857142856
17.955510204081634
17.64591836734694
17.721224489795922
17.985578231292514
17.884489795918366
17.541972789115647
17.833401360544215
18.152857142857144
18.13687074829932
17.8543537414966
18.234081632653062
18.529523809523813
18.40721088435374
18.264965986394557
18.361632653061225
18.38149659863946
18.046734693877553
17.954625850340136
18.1921768707483
18.59727891156463
18.540408163265308
18.91646258503401
19.20136054421769
19.424557823129252
18.95299319727891
19.12074829931973
19.49340136054422
19.728503401360545
19.671292517006805
19.46047619047619
19.84578231292517
20.206258503401358
20.13612244897959
20.145918367346944
20.261360544217688
20.542789115646258
20.152857142857144
20.67972789115646
20.73816326530612
20.883333333333333
20.638775510204084
20.508231292517006
20.235034013605443
20.17585034013605
20.699863945578237
20.94238095238095
21.26544217687075
21.0343537414966
21.05986394557823
20.997346938775507
21.201836734693877
21.548435374149662
21.840544217687075
21.873673469387757
21.66673469387755
21.664557823129254
21.645918367346937
21.40700680272109
21.195034013605444
21.20013605442177
21.366462585034014
21.386326530612248
21.24142857142857
21.34401360544218
21.54244897959184
21.631564625850338
21.56122448979592
21.656802721088436
21.752040816326534
21.722653061224488
21.72095238095238
22.39884353741497
22.63857142857143
22.89448979591837
22.743197278911566
23.08843537414966
22.810408163265304
22.77891156462585
22.78925170068027
22.7165306122449
22.53170068027211
22.627414965986397
23.35183673469388
23.619115646258507
23.88639455782313
24.247551020408167
24.705782312925173
24.694897959183677
24.650000000000002
24.897823129251698
24.968367346938777
24.897074829931974
25.078435374149663
25.933537414965986
26.37292517006803
26.38095238095238
26.638843537414967
27.392517006802724
27.727959183673473
28.000068027210887
28.40040816326531
28.658639455782314
28.732517006802723
28.994693877551022
29.611496598639455
29.704149659863948
29.628503401360543
29.723129251700684
30.23591836734694
30.69292517006803
31.173809523809524
31.57108843537415
31.994557823129252
32.39163265306122
32.86598639455782
32.98571428571428
33.46959183673469
34.45646258503401
34.83210884353741
34.931768707483
35.49278911564626
36.45258503401361
36.8434693877551
37.00843537414966
37.98401360544218
38.96367346938776
40.11503401360544
40.88374149659864
41.913809523809526
43.20863945578231
44.101836734693876
44.7352380952381
45.01931972789116
46.17646258503402
47.01782312925171
47.368367346938776
47.64469387755102
48.36006802721089
49.09972789115646
49.41816326530613
49.719183673469395
49.25102040816327
49.01843537414966
49.107891156462586
49.72734693877551
49.954081632653065
50.05843537414965
49.73034013605442
49.372993197278916
48.6612925170068
47.99863945578231
47.37598639455781
47.28040816326531
46.48231292517006
45.9638775510204
45.4752380952381
45.41040816326531
44.5256462585034
43.83857142857143
43.593605442176866
43.2243537414966
42.55136054421769
42.290340136054425
42.11027210884354
41.68408163265306
41.29346938775511
41.48993197278911
41.36775510204082
41.45578231292517
41.051768707483
41.22727891156463
41.46918367346939
41.70755102040816
41.32380952380953
41.39578231292517
41.70843537414966
42.05183673469388
42.02428571428571
41.5352380952381
41.494285714285716
41.99659863945578
42.56
42.23204081632653
42.003945578231296
41.28476190476191
41.13897959183674
40.70469387755102
40.52748299319728
40.35149659863946
40.44918367346939
40.38088435374149
40.08993197278912
40.013061224489796
39.28857142857143
38.967006802721095
39.27918367346939
39.54020408163265
39.26095238095238
39.01238095238096
38.89884353741497
38.71727891156462
38.65095238095238
39.0578231292517
38.691700680272106
38.3743537414966
37.92809523809524
38.01455782312925
37.53829931972789
37.0174149659864
36.31700680272109
35.6465306122449
35.30102040816327
34.70605442176871
33.789523809523814
32.363401360544216
31.16149659863946
29.91374149659864
29.27401360544218
28.97020408163265
28.627210884353744
28.0134693877551
27.31061224489796
26.58448979591837
25.832312925170072
25.083197278911562
24.78816326530612
24.40326530612245
23.885374149659864
23.29918367346939
22.883877551020394
21.37367346938774
