23.995595238095248
24.572380952380957
24.07357142857143
23.798809523809524
23.52108843537415
23.515782312925175
23.509183673469394
23.63857142857143
23.22761904761905
23.19561224489796
23.416156462585036
23.31394557823129
22.66656462585034
22.895000000000003
23.04670068027211
22.818707482993197
22.41214285714286
22.343979591836735
22.246870748299322
22.481802721088435
22.432857142857145
22.042380952380952
21.76462585034014
22.40748299319728
22.5693537414966
22.187619047619048
21.877551020408163
21.85857142857143
21.92901360544218
21.793197278911563
21.803503401360544
21.554829931972787
21.42187074829932
21.16465986394558
21.19421768707483
21.42704081632653
21.611292517006802
21.00608843537415
20.79125850340136
20.851904761904763
20.782687074829933
20.89829931972789
21.413367346938777
22.02891156462585
21.453809523809525
21.163027210884355
20.62455782312925
20.74173469387755
20.40833333333333
20.949489795918367
21.12486394557823
21.216768707482995
20.591360544217686
20.684761904761903
20.7506462585034
20.75608843537415
20.91938775510204
20.972414965986395
20.834523809523812
20.679863945578234
20.79034013605442
20.69156462585034
20.326258503401363
20.064353741496596
20.001938775510204
20.29877551020408
20.729455782312925
20.926870748299322
20.730578231292515
20.20204081632653
20.09510204081633
19.943537414965988
19.875680272108845
19.48479591836735
19.75591836734694
20.067755102040813
20.344319727891158
20.226292517006804
19.99901360544218
19.89687074829932
19.702244897959183
19.93683673469388
20.04227891156463
20.172074829931972
19.814047619047617
19.805476190476192
19.668401360544216
19.694251700680272
19.369319727891156
19.17561224489796
19.032551020408164
18.88095238095238
19.262040816326532
19.58962585034014
19.754931972789116
19.475850340136056
19.481292517006803
19.40860544217687
19.429693877551017
19.539591836734694
19.502448979591836
19.397551020408166
19.281326530612247
19.360442176870748
19.41605442176871
19.41204081632653
19.107891156462586
19.14581632653061
19.034149659863946
18.898503401360543
18.488333333333333
18.843639455782316
19.076190476190476
19.278299319727893
19.046020408163265
18.929693877551017
18.81221088435374
19.136360544217688
19.20013605442177
19.310374149659864
18.99547619047619
19.02384353741497
19.004897959183673
18.852074829931976
18.80605442176871
19.073299319727894
19.013979591836737
18.879013605442175
19.41942176870748
19.396360544217686
18.793605442176872
18.627517006802723
19.129727891156463
19.238741496598635
19.483843537414963
19.05894557823129
18.61908163265306
18.54962585034014
18.932278911564627
19.12074829931973
18.990136054421768
18.775170068027208
18.442448979591838
18.331734693877557
18.38544217687075
18.676156462585034
18.943707482993197
18.656224489795918
18.559897959183672
18.680068027210883
18.894557823129254
18.67027210884354
18.402891156462587
18.65360544217687
18.871156462585034
19.18700680272109
18.95384353741497
18.924115646258507
18.973639455782315
18.919387755102044
18.86948979591837
18.737959183673468
19.145102040816326
18.852108843537415
18.729523809523812
18.412380952380957
18.636904761904763
18.670408163265307
18.581870748299323
18.741598639455784
18.892108843537418
19.386632653061227
19.156836734693876
18.884421768707483
18.687551020408165
19.09727891156463
18.934285714285714
18.82414965986394
18.98918367346939
19.148605442176873
19.265510204081636
19.412244897959184
19.535476190476192
18.967891156462585
19.10421768707483
19.309829931972786
19.764625850340135
19.489625850340133
19.322278911564624
19.087040816326528
19.248843537414967
19.58465986394558
19.45989795918367
19.528095238095236
19.96204081632653
20.56928571428572
20.34755102040816
20.363061224489794
20.601564625850337
20.53299319727891
20.273333333333333
20.41826530612245
20.834387755102043
21.16795918367347
21.17585034013606
21.16234693877551
21.374149659863946
21.389795918367348
21.392619047619046
21.81408163265306
22.454115646258504
22.25017006802721
22.25874149659864
22.542482993197275
22.642721088435373
22.6308843537415
22.829183673469387
23.060136054421775
22.802789115646256
22.938061224489793
23.21071428571429
23.74227891156463
24.029455782312926
24.394455782312924
24.60112244897959
24.537823129251706
24.45727891156463
24.638911564625854
24.51649659863946
24.68221088435374
24.903571428571432
25.09231292517007
24.9006462585034
24.893129251700678
24.79969387755102
24.75261904761905
25.230986394557824
25.795544217687073
26.027959183673467
25.632687074829935
25.423197278911566
25.736938775510204
26.142517006802727
26.005374149659865
25.599421768707483
25.421666666666667
25.07772108843537
25.13840136054422
25.150408163265308
24.98758503401361
24.47962585034014
24.787891156462585
25.038639455782313
25.082585034013604
24.35622448979592
24.28040816326531
23.98391156462585
24.30908163265306
23.984081632653062
23.765952380952385
23.45714285714286
23.45244897959184
23.124149659863946
23.000816326530614
23.264795918367348
23.129557823129254
22.94683673469388
22.391326530612247
22.63170068027211
22.63795918367347
22.870374149659867
22.373945578231297
22.277789115646257
22.038367346938777
21.80309523809524
22.00690476190476
22.1628231292517
22.134013605442178
21.839285714285715
21.577278911564626
21.221870748299317
21.437755102040818
21.787823129251706
21.821326530612247
21.585102040816327
21.337448979591837
20.909931972789117
20.851496598639457
21.10639455782313
21.419421768707483
21.67299319727891
21.52374149659864
21.235578231292514
21.02897959183673
20.985510204081635
21.137040816326532
21.0037074829932
20.994319727891156
20.898639455782313
21.30074829931973
21.122551020408167
21.21013605442177
21.366564625850344
21.38095238095238
21.17710884353741
21.224591836734696
21.25884353741497
21.077380952380956
20.83183673469388
20.89904761904762
21.185204081632655
21.499013605442176
21.521258503401363
21.25996598639456
21.61622448979592
21.822108843537414
22.04972789115646
22.33581632653061
22.510850340136056
21.96061224489796
22.000714285714288
22.26472789115646
22.235238095238095
22.36159863945578
22.984931972789113
23.290374149659865
23.154761904761905
23.105544217687076
22.59993197278912
22.576836734693877
22.848197278911563
23.556020408163263
23.816496598639457
24.057653061224492
24.072278911564627
24.11244897959184
24.148367346938777
23.964829931972787
24.038367346938777
24.0384693877551
24.282551020408164
24.5071768707483
24.91404761904762
25.03738095238095
24.942993197278913
24.944387755102042
25.09829931972789
25.34673469387755
25.345510204081634
25.3662925170068
25.89204081632653
25.926292517006807
25.84989795918367
25.790510204081638
25.890748299319732
25.92357142857143
26.20625850340136
26.422857142857143
26.35731292517007
26.73384353741497
26.86744897959184
27.115374149659864
27.305204081632652
27.07714285714286
26.730408163265302
27.023299319727894
27.401598639455784
27.42918367346939
27.653877551020408
27.89319727891157
28.013673469387754
27.90853741496599
28.06374149659864
28.408945578231297
28.781598639455787
28.42482993197279
28.352448979591838
28.561020408163266
29.03482993197279
29.347482993197282
29.701904761904764
29.775884353741496
29.681122448979593
29.665952380952383
30.014285714285716
30.067925170068026
30.498163265306122
30.621190476190478
31.056836734693878
30.870544217687076
30.63340136054422
30.251972789115648
30.530544217687073
31.2391156462585
31.402585034013605
31.15295918367347
30.994149659863947
31.28598639455782
31.778435374149662
32.04792517006803
32.006836734693884
32.04146258503402
32.083605442176875
32.24585034013606
32.18843537414966
32.40636054421769
32.40697278911565
32.65129251700681
32.606802721088435
32.75054421768708
32.8558843537415
33.07350340136055
33.24602040816327
33.09751700680272
33.0878231292517
33.22285714285714
33.46534013605442
33.46095238095238
33.398639455782316
33.464285714285715
33.57489795918367
33.9597619047619
34.0237074829932
34.358605442176874
34.38578231292517
34.17319727891156
33.782925170068026
34.23663265306123
34.64622448979592
35.01156462585034
35.1943537414966
35.48816326530613
35.73982993197279
36.02268707482993
36.27156462585034
36.23557823129252
36.474693877551026
36.131904761904764
36.07710884353742
36.23241496598639
36.948095238095235
36.89683673469388
36.66931972789116
36.50700680272109
36.845986394557826
37.11792517006803
37.084523809523816
37.32017006802721
37.45656462585034
37.65397959183674
37.489387755102044
37.61598639455782
37.57421768707483
37.489557823129246
37.6965306122449
38.14452380952381
38.31710884353741
38.16289115646258
38.06843537414966
38.283231292517016
38.21231292517007
38.19091836734694
38.07425170068028
38.38819727891156
38.51751700680272
38.55095238095238
38.27078231292517
38.47823129251701
38.63275510204082
38.936292517006805
38.92425170068027
38.96748299319728
38.83727891156463
38.75816326530612
38.42278911564626
38.69632653061225
38.919761904761906
39.163061224489795
39.38289115646259
39.67044217687075
39.351564625850344
38.97656462585034
39.09047619047619
39.041700680272115
38.94571428571429
38.81020408163266
39.16170068027211
39.2293537414966
39.00911564625851
38.5724149659864
38.59210884353742
38.8751700680272
38.92993197278912
38.96234693877551
38.917925170068024
39.00173469387755
39.06190476190476
39.36108843537415
39.198571428571434
39.273979591836735
39.29544217687075
39.58513605442177
39.3630612244898
39.442414965986394
39.18506802721089
39.35809523809524
39.45656462585034
39.45057823129252
39.076734693877555
39.1537074829932
39.05727891156462
38.983605442176874
38.98493197278911
39.427414965986394
39.22598639455782
38.92119047619048
38.81455782312925
39.28527210884354
39.15057823129251
38.988911564625845
38.891292517006804
38.91598639455783
38.45323129251701
38.536972789115644
38.656122448979595
38.728571428571435
38.514965986394564
38.29261904761905
38.23816326530613
38.57098639455782
38.66602040816326
38.18642857142857
37.985612244897965
38.23891156462585
38.44037414965986
38.3078231292517
38.294863945578236
37.98173469387755
37.79353741496598
37.51285714285715
37.69319727891157
37.47149659863946
37.3141156462585
37.09156462585034
36.90680272108844
36.635136054421764
36.839183673469385
36.857891156462586
36.50411564625851
36.1480612244898
36.233605442176874
36.41081632653061
36.30663265306122
36.21819727891156
35.83091836734694
35.48302721088435
35.30561224489796
35.52789115646258
35.33860544217687
35.18928571428572
35.2965306122449
35.428775510204076
35.09476190476191
34.893945578231296
34.673197278911566
34.666836734693874
34.68261904761905
34.712925170068026
34.607789115646256
34.81625850340136
34.76054421768707
34.80319727891157
34.65071428571429
34.57414965986395
33.9284693877551
33.63414965986395
33.682517006802726
33.91748299319728
33.99404761904762
33.543843537414965
33.30537414965986
33.23136054421769
33.16431972789116
33.0630612244898
33.16299319727891
33.06972789115646
32.711088435374144
32.451904761904764
32.49517006802721
32.46768707482993
32.5115306122449
32.61061224489796
32.56700680272108
32.33119047619048
31.679421768707485
31.337891156462582
31.697755102040816
32.09105442176871
31.830340136054424
31.462585034013607
31.406768707482996
31.007074829931973
30.659115646258506
30.68744897959184
30.67295918367347
30.268333333333338
30.30636054421769
30.592482993197283
30.657687074829937
30.480986394557824
30.432925170068028
30.640850340136055
30.435816326530613
30.256020408163266
30.20894557823129
30.36683673469388
30.066462585034014
29.959795918367348
29.799251700680276
29.8365306122449
29.81139455782313
29.818877551020407
29.793605442176872
29.495068027210884
29.208333333333336
28.564557823129253
28.723299319727893
29.099965986394558
29.340136054421766
28.877006802721088
28.484319727891155
28.26826530612245
28.488061224489794
28.625476190476192
28.385680272108846
27.87656462585034
27.53517006802721
27.175204081632653
27.162380952380957
27.322278911564627
27.335646258503402
27.122040816326532
27.348809523809525
27.32979591836735
27.22479591836735
26.982721088435373
27.043231292517007
26.96486394557823
26.67622448979592
26.201122448979596
25.72700680272109
25.959897959183674
25.987210884353743
25.958673469387755
25.594183673469388
25.45503401360544
24.946938775510205
24.781632653061223
24.999115646258502
25.277040816326533
25.370204081632657
25.141326530612243
24.655578231292516
24.30829931972789
24.54622448979592
24.690782312925172
24.77404761904762
24.47136054421769
24.403945578231294
24.18595238095238
24.14139455782313
24.025578231292517
23.908027210884356
23.679081632653062
23.690340136054424
23.675068027210884
23.266632653061226
23.035238095238093
23.109931972789116
23.13452380952381
22.986598639455785
23.06017006802721
22.982891156462586
22.740986394557822
22.554659863945577
22.762448979591838
22.874251700680272
22.448605442176873
22.407721088435373
22.27482993197279
22.34965986394558
22.038639455782313
22.185000000000002
22.219353741496597
22.330340136054424
22.102074829931972
21.434455782312927
21.296598639455784
21.317448979591838
21.550272108843537
21.31047619047619
20.9793537414966
20.87183673469388
21.259081632653064
21.559761904761906
21.013401360544215
20.265714285714285
20.471326530612245
20.941802721088436
20.84312925170068
20.855510204081632
20.920952380952382
20.856156462585034
20.292551020408162
20.33778911564626
20.241802721088437
20.325850340136054
20.06557823129252
20.095714285714287
19.74187074829932
19.64343537414966
19.592993197278915
19.90105442176871
19.696496598639456
19.652993197278914
19.583469387755102
19.534149659863946
19.426190476190477
19.068129251700682
18.83955782312925
18.426598639455786
18.67697278911565
18.526156462585035
18.67234693877551
18.6621768707483
18.694455782312925
18.58496598639456
18.483537414965987
18.656904761904762
18.462176870748298
18.267789115646256
18.07768707482993
17.975068027210884
17.971802721088437
18.137210884353742
18.200816326530614
17.842517006802723
17.57948979591837
17.977551020408164
18.171802721088433
17.952176870748296
17.888707482993198
17.87482993197279
17.446292517006803
17.05057823129252
17.01625850340136
17.186292517006805
17.157585034013607
16.97489795918367
16.987210884353743
17.21639455782313
17.0115306122449
16.55340136054422
16.8943537414966
17.291360544217685
17.147619047619045
16.81863945578231
17.05122448979592
17.00993197278912
16.523945578231295
16.176972789115645
16.274931972789116
16.24438775510204
16.253639455782313
16.10486394557823
16.08125850340136
16.11670068027211
16.285884353741498
15.976360544217687
15.9337074829932
16.145
15.857278911564627
15.570442176870749
15.516632653061226
15.815884353741499
15.831088435374152
16.100510204081633
15.879421768707482
15.92826530612245
15.6828231292517
16.08598639455782
15.891598639455783
15.73802721088435
15.428809523809525
15.600544217687075
15.48166666666667
15.36574829931973
15.341904761904761
15.327108843537413
15.369149659863943
15.342312925170068
15.333163265306121
14.98918367346939
14.944387755102042
14.9871768707483
15.4193537414966
15.37496598639456
15.045952380952382
14.897312925170068
14.962414965986396
15.262210884353742
15.050340136054423
15.254625850340137
15.145034013605443
15.002857142857145
14.889489795918369
14.981496598639454
14.927108843537415
15.02700680272109
14.995408163265306
14.653809523809525
14.407176870748302
14.77513605442177
14.873435374149661
14.555510204081635
14.693673469387756
14.675034013605442
14.671190476190477
14.317687074829932
14.459421768707482
14.438095238095238
14.650204081632653
14.46
14.237414965986394
14.177721088435375
14.41013605442177
14.301428571428573
14.34826530612245
14.539387755102041
14.78731292517007
14.543367346938776
14.291156462585034
14.118639455782313
14.129489795918367
14.014319727891156
14.091836734693878
14.387653061224489
14.425612244897959
14.268333333333334
14.285884353741496
14.52357142857143
14.420374149659864
14.20761904761905
14.291428571428572
14.544591836734694
14.490374149659864
14.105408163265306
13.879047619047618
13.965000000000002
14.03479591836735
14.082210884353742
14.187312925170069
14.421190476190478
13.901666666666667
13.61122448979592
13.88170068027211
14.226088435374152
14.257925170068027
14.175748299319727
14.20700680272109
13.972517006802722
14.054897959183675
14.1193537414966
14.017585034013605
13.936666666666664
13.842755102040815
14.20918367346939
14.147925170068028
13.934217687074831
13.538095238095238
13.734761904761905
14.149251700680274
14.163809523809524
13.898061224489798
13.652551020408163
13.56986394557823
14.026122448979592
14.663809523809526
14.785034013605443
14.085884353741497
13.96891156462585
13.772891156462585
13.842380952380953
13.739013605442178
13.766938775510205
13.69996598639456
13.838809523809525
13.720646258503404
13.547448979591838
13.498027210884354
13.431326530612246
13.534455782312925
13.379659863945578
13.470408163265308
13.56656462585034
13.815374149659867
13.587517006802724
13.832244897959185
13.804047619047617
13.856054421768707
13.910068027210883
13.905714285714286
13.811088435374149
13.494081632653062
13.536870748299322
13.862585034013605
14.226156462585035
14.071734693877552
13.64374149659864
13.589761904761904
13.744455782312926
14.014897959183674
13.96513605442177
13.758639455782314
13.584251700680271
13.371666666666666
13.697993197278912
13.81139455782313
13.979557823129252
13.703231292517009
13.897448979591836
13.738401360544216
13.533061224489796
13.555646258503401
13.949897959183675
14.176462585034013
13.873843537414967
13.694965986394559
13.53530612244898
13.496700680272108
13.617414965986395
13.894625850340136
13.773231292517007
13.634897959183672
13.483333333333334
13.81513605442177
13.90343537414966
13.81704081632653
13.692312925170068
13.762925170068026
13.73278911564626
13.61231292517007
13.735238095238095
13.98452380952381
14.193775510204082
13.708367346938775
13.677380952380952
13.694319727891155
13.89047619047619
13.402517006802722
13.786292517006803
14.223979591836734
14.314523809523811
13.568061224489798
13.31656462585034
13.366020408163266
13.785272108843538
13.838945578231295
13.799795918367348
13.873061224489796
14.150986394557824
14.181666666666668
13.729319727891156
13.635646258503403
13.69404761904762
13.725680272108844
13.564013605442177
13.583673469387756
13.712278911564626
14.11360544217687
14.049523809523809
14.151462585034015
14.149727891156465
13.86826530612245
13.320272108843538
13.35969387755102
13.85969387755102
13.546632653061225
13.139421768707482
12.980374149659863
13.381462585034013
13.415816326530614
13.997244897959185
14.134489795918366
14.08921768707483
13.483469387755102
13.543299319727893
13.74061224489796
13.77608843537415
13.406496598639457
13.225
13.392789115646258
13.69340136054422
13.733979591836736
14.020408163265307
13.997857142857143
14.193231292517009
13.911836734693878
13.738231292517007
13.645850340136056
13.905816326530612
14.173061224489796
14.181632653061225
14.285850340136054
14.132891156462586
14.011292517006803
13.873401360544218
13.89030612244898
13.773809523809524
13.71465986394558
13.667346938775513
13.764965986394557
13.839591836734694
14.2771768707483
14.199115646258505
13.922210884353742
13.837006802721088
13.988061224489796
14.151462585034013
14.18482993197279
14.495
14.193843537414967
14.138231292517009
14.15187074829932
14.23278911564626
14.051292517006804
13.921190476190478
13.989965986394559
14.138401360544218
14.043469387755103
14.293299319727893
14.453537414965988
14.36091836734694
14.29343537414966
14.29891156462585
14.094115646258505
13.778231292517006
14.273775510204082
14.419761904761906
14.1221768707483
13.984081632653062
14.225578231292518
14.394455782312924
14.490884353741496
14.633673469387755
14.649693877551023
14.087380952380952
14.114591836734693
14.397448979591836
14.73234693877551
14.634115646258506
14.445918367346938
14.191156462585036
14.08295918367347
14.277653061224491
14.131394557823128
14.132380952380954
14.715204081632653
14.847755102040818
14.07904761904762
13.684489795918367
14.101360544217687
14.240544217687077
13.95918367346939
14.358605442176872
14.636054421768709
14.735374149659865
14.635510204081635
14.444217687074831
14.514149659863946
14.714285714285715
14.716258503401363
14.528537414965989
14.503877551020409
14.88670068027211
14.731020408163266
14.886394557823131
14.888979591836737
15.2865306122449
14.92
14.677244897959184
14.686530612244898
14.790340136054422
14.648469387755103
14.84391156462585
14.725136054421768
14.683741496598639
14.928231292517006
15.276666666666667
15.27482993197279
15.095986394557823
15.091360544217686
14.86251700680272
15.321496598639456
15.552278911564626
15.670000000000002
15.463537414965987
15.321224489795918
15.21748299319728
15.27013605442177
15.318639455782314
15.15248299319728
15.218163265306123
15.358537414965987
15.478537414965986
15.271496598639455
15.434421768707484
15.53843537414966
15.735714285714284
15.390952380952381
15.62231292517007
15.854489795918369
16.0771768707483
16.268231292517008
16.335238095238097
16.044897959183672
15.591632653061225
15.778809523809525
15.76605442176871
15.68778911564626
15.88465986394558
16.155408163265307
15.895986394557823
15.58778911564626
16.08292517006803
16.667789115646258
16.583435374149662
16.443299319727892
16.308367346938773
16.433401360544217
16.282891156462586
16.305680272108845
16.246768707482993
16.167142857142856
16.392823129251703
16.66877551020408
17.04408163265306
16.98040816326531
17.15391156462585
17.220646258503407
17.112074829931974
16.97578231292517
17.24173469387755
17.5571768707483
17.475714285714286
17.157653061224494
17.453809523809525
17.861462585034012
17.900918367346936
17.68159863945578
17.885510204081633
18.231190476190477
18.446632653061226
18.402959183673467
18.054353741496598
17.990714285714287
18.916802721088438
19.360510204081635
18.911462585034016
18.798095238095236
19.53234693877551
19.9465306122449
19.593639455782313
19.88312925170068
20.267278911564624
20.916938775510204
21.489489795918367
21.963027210884356
21.95969387755102
22.4728231292517
23.23622448979592
23.271258503401363
23.306496598639455
23.59482993197279
23.535544217687075
23.255204081632648
23.67299319727891
23.93462585034014
23.617006802721086
23.617891156462587
23.48312925170068
23.239217687074834
23.217380952380957
23.4865306122449
23.497142857142858
23.39904761904762
23.595714285714287
23.547244897959185
23.35448979591837
23.391020408163268
23.593945578231295
23.540408163265305
23.397142857142857
23.67469387755102
23.961054421768708
24.056326530612246
23.96309523809524
23.817721088435377
23.808027210884354
24.25295918367347
24.860272108843542
24.714591836734698
24.59343537414966
24.558231292517007
24.798333333333332
25.006224489795922
24.901768707482994
24.90656462585034
24.877857142857142
25.27877551020408
25.166632653061225
25.339727891156464
24.9306462585034
24.74721088435374
24.60061224489796
25.022551020408162
24.82561224489796
24.69360544217687
24.732414965986393
25.187108843537416
24.989897959183672
24.99561224489796
24.631632653061224
24.217551020408163
23.890782312925168
24.30925170068027
24.320034013605444
24.08527210884354
23.949931972789116
23.306190476190476
22.775238095238095
23.13394557823129
23.094761904761906
22.576190476190476
22.07387755102041
22.3258843537415
22.15969387755102
22.060884353741496
22.05751700680272
21.908367346938775
21.825544217687078
21.533537414965988
21.333809523809528
20.85292517006803
20.581190476190475
20.367108843537416
20.35938775510204
20.38139455782313
20.355204081632657
20.395850340136054
20.49874149659864
20.43619047619048
20.33683673469388
20.582108843537412
20.124863945578227
19.772176870748297
19.732312925170067
20.367619047619048
20.259319727891157
20.09040816326531
19.694149659863946
19.336564625850343
19.371462585034017
19.474149659863947
19.502346938775514
19.201802721088438
18.92142857142857
18.73095238095238
18.57261904761904
18.152380952380945
