138.69942176870757
139.10469387755103
139.29891156462588
139.49374149659866
139.60102040816327
139.64156462585035
139.5465306122449
139.46891156462584
139.43850340136055
139.5365986394558
139.48639455782313
139.1904761904762
138.8792517006803
138.6129931972789
138.54585034013604
138.47761904761904
138.45952380952383
138.41414965986397
138.54931972789117
138.6626530612245
138.58333333333337
138.3222448979592
138.07884353741497
137.97591836734694
138.00775510204082
137.9673469387755
138.00687074829932
137.94959183673473
137.9425850340136
137.95877551020408
138.0148299319728
138.00360544217688
137.79585034013604
137.65238095238095
137.52319727891157
137.61102040816326
137.48142857142855
137.23272108843537
137.0934693877551
137.19489795918366
137.3587755102041
137.55544217687074
137.60231292517005
137.53755102040816
137.5095238095238
137.54353741496598
137.43965986394556
137.33176870748298
137.39034013605442
137.40551020408162
137.32632653061222
137.21986394557823
137.26795918367347
137.34108843537416
137.32931972789117
137.3295238095238
137.3947619047619
137.5013605442177
137.63986394557824
137.68462585034013
137.7295238095238
137.80544217687074
137.88462585034011
137.89102040816329
137.88360544217687
137.88659863945577
137.8042857142857
137.86380952380955
138.00673469387755
138.08448979591836
137.8659863945578
137.53374149659862
137.4613605442177
137.6974829931973
137.97319727891156
138.1514285714286
138.18625850340138
138.09816326530614
138.20707482993197
138.46727891156462
138.50285714285715
138.24850340136055
138.00054421768706
137.9060544217687
137.88877551020408
137.93755102040816
137.97102040816327
138.1478911564626
138.29149659863947
138.3536734693878
138.3157823129252
138.31897959183675
138.3404081632653
138.41931972789115
138.4753741496599
138.4840136054422
138.45877551020408
138.44884353741497
138.42517006802723
138.40414965986395
138.42455782312925
138.54102040816326
138.71027210884353
138.9114285714286
138.9778911564626
139.04714285714286
139.26877551020408
139.6204081632653
139.9772789115646
140.35115646258504
140.6021768707483
140.63795918367347
140.88510204081632
141.28646258503403
141.53925170068027
141.7004081632653
142.11034013605445
142.47931972789115
142.79646258503402
143.07891156462586
143.5051700680272
143.97081632653064
144.48013605442176
144.72809523809525
144.91755102040815
145.23442176870748
145.5368707482993
145.78238095238095
146.01952380952383
146.25462585034012
146.4104081632653
146.60789115646259
146.85013605442174
147.21027210884353
147.52170068027212
147.79857142857145
148.1293197278912
148.6521088435374
149.11802721088435
149.57142857142858
150.0325850340136
150.59571428571428
151.0537414965986
151.49551020408163
151.91619047619048
152.39496598639457
152.86863945578233
153.40836734693875
153.96925170068027
154.67965986394557
155.44244897959186
156.03455782312926
156.44272108843538
156.90585034013606
157.34068027210884
157.717074829932
158.16496598639458
158.7458503401361
159.308843537415
159.85061224489795
160.32591836734693
160.86380952380955
161.5869387755102
162.33877551020407
163.01190476190476
163.73884353741497
164.5504761904762
165.41285714285715
166.2200680272109
167.0378231292517
167.83632653061227
168.7604081632653
169.5739455782313
170.36054421768705
171.22034013605443
172.15836734693875
172.98448979591836
173.908231292517
174.93013605442175
176.0017006802721
177.02163265306123
178.2043537414966
179.3351020408163
180.5634693877551
181.64183673469387
182.70462585034014
183.6491156462585
184.72
185.74755102040817
186.81387755102043
187.8817006802721
188.93374149659866
189.90374149659863
190.89265306122448
191.83972789115649
192.79523809523812
193.67687074829934
194.64857142857144
195.5442857142857
196.42918367346942
197.1404761904762
197.98700680272108
198.79687074829934
199.56156462585034
200.2278911564626
201.00244897959183
201.75857142857143
202.4172789115646
203.0448299319728
203.72891156462586
204.3842857142857
204.94707482993198
205.50639455782314
206.02823129251703
206.47163265306122
206.88476190476192
207.38176870748302
207.8851700680272
208.22231292517006
208.54380952380953
208.93034013605444
209.35999999999999
209.7295918367347
210.0512925170068
210.28068027210884
210.44238095238094
210.67034013605442
211.00081632653064
211.2395918367347
211.4309523809524
211.5195238095238
211.6273469387755
211.68374149659866
211.81687074829932
211.9009523809524
211.94782312925173
211.96224489795918
211.9551020408163
211.8757142857143
211.82061224489797
211.7830612244898
211.693537414966
211.47931972789115
211.3004761904762
211.1036734693878
210.94034013605443
210.7534693877551
210.5385714285714
210.25659863945577
210.01034013605442
209.7852380952381
209.48496598639457
209.08768707482994
208.66755102040815
208.31945578231293
208.0660544217687
207.69115646258504
207.20204081632656
206.71809523809526
206.29863945578234
205.84727891156464
205.39278911564628
204.91748299319732
204.4191836734694
203.915306122449
203.338231292517
202.82591836734693
202.37904761904758
201.9604081632653
201.4134013605442
200.8775510204082
200.2529931972789
199.71319727891157
199.1674829931973
198.67761904761906
198.14884353741493
197.56238095238095
196.93013605442178
196.443537414966
196.0744217687075
195.55380952380955
195.01231292517008
194.60122448979592
194.2208843537415
193.7048299319728
193.12965986394562
192.72931972789115
192.29299319727892
191.98374149659864
191.72510204081635
191.49666666666667
191.083537414966
190.75285714285718
190.5248979591837
190.3691156462585
190.07557823129252
189.74884353741498
189.4843537414966
189.37843537414966
189.29646258503402
189.19170068027213
189.06734693877553
188.91897959183675
188.77408163265306
188.61496598639457
188.5009523809524
188.4470068027211
188.38136054421767
188.37115646258505
188.4648299319728
188.50197278911565
188.52102040816325
188.49591836734695
188.56122448979596
188.6522448979592
188.818231292517
188.87122448979594
188.91027210884357
189.04972789115646
189.2413605442177
189.35061224489797
189.32544217687075
189.3934693877551
189.48714285714286
189.6408163265306
189.70761904761906
189.8822448979592
189.99020408163267
190.0465986394558
190.01510204081634
190.02306122448982
190.1691836734694
190.32231292517008
190.44000000000003
190.51074829931974
190.54972789115646
190.54462585034017
190.5351700680272
190.5830612244898
190.64714285714285
190.69190476190477
190.65877551020407
190.65591836734694
190.71068027210885
190.72251700680272
190.71503401360545
190.74469387755101
190.82734693877555
190.86693877551022
190.89897959183673
190.8869387755102
190.84061224489795
190.82496598639457
190.8531292517007
190.86448979591842
190.78945578231293
190.76673469387754
190.8379591836735
190.86809523809524
190.85768707482995
190.82
190.77448979591836
190.73857142857145
190.680612244898
190.58687074829933
190.47455782312926
190.4668707482993
190.48210884353742
190.52027210884353
190.54136054421767
190.5387074829932
190.45414965986396
190.404693877551
190.37238095238098
190.3712244897959
190.29299319727892
190.205306122449
190.1465986394558
190.12598639455783
190.11972789115646
190.06319727891156
190.0169387755102
189.95857142857142
189.92421768707484
189.88414965986394
189.75761904761907
189.60156462585033
189.48755102040818
189.50163265306122
189.45380952380953
189.48510204081632
189.45068027210885
189.35136054421767
189.1566666666667
189.10163265306122
188.99836734693878
188.82789115646258
188.7
188.64503401360545
188.6072789115646
188.60183673469388
188.55
188.4078231292517
188.25510204081635
188.13482993197283
187.93979591836737
187.7098639455782
187.56673469387755
187.55823129251704
187.56666666666666
187.4808843537415
187.35632653061225
187.28197278911563
187.1970068027211
187.03721088435373
186.871768707483
186.72884353741497
186.5440136054422
186.41421768707485
186.31741496598642
186.2465306122449
186.08585034013606
185.95734693877554
185.8043537414966
185.6466666666667
185.46952380952382
185.30265306122448
185.1444217687075
185.0330612244898
184.89435374149662
184.68136054421768
184.4799319727891
184.34605442176868
184.20761904761906
184.06326530612247
183.90517006802722
183.7087074829932
183.53292517006804
183.35544217687075
183.19272108843538
183.0151700680272
182.84020408163263
182.60523809523812
182.34122448979593
182.09551020408162
181.86408163265304
181.64863945578233
181.49489795918367
181.3665306122449
181.22768707482993
181.04054421768706
180.79564625850338
180.5112925170068
180.19408163265308
179.92863945578233
179.6612925170068
179.56136054421768
179.44
179.2178231292517
178.87088435374147
178.57843537414965
178.2374829931973
178.02551020408166
177.80333333333334
177.58353741496597
177.2126530612245
176.94857142857143
176.70074829931974
176.37564625850342
175.9061904761905
175.48394557823127
175.1943537414966
174.9973469387755
174.76632653061225
174.51687074829934
174.2173469387755
173.9720408163265
173.6465986394558
173.3262585034014
172.94598639455785
172.6729931972789
172.29299319727892
171.96197278911563
171.56108843537416
171.3165306122449
171.05714285714288
170.86292517006802
170.5057823129252
170.1865306122449
169.8391156462585
169.50619047619048
169.16945578231292
168.90360544217688
168.6751020408163
168.35115646258504
167.9274829931973
167.47163265306125
167.11170068027212
166.79843537414968
166.50156462585036
166.1548299319728
165.76374149659864
165.4461224489796
165.13884353741497
164.78047619047618
164.41204081632654
164.22673469387755
163.93945578231293
163.59455782312926
163.2161224489796
162.93068027210884
162.61034013605445
162.22530612244896
161.83231292517007
161.4595918367347
161.0878911564626
160.73442176870748
160.43836734693878
160.12653061224492
159.77421768707484
159.38768707482996
158.95945578231294
158.50707482993198
158.14244897959185
157.87238095238098
157.5325850340136
157.1391836734694
156.77231292517007
156.44455782312926
156.10054421768706
155.74843537414966
155.32020408163265
154.85795918367347
154.47510204081632
154.13068027210886
153.7731972789116
153.39959183673471
152.94741496598638
152.42462585034014
151.98387755102038
151.61360544217686
151.20238095238096
150.78619047619048
150.37380952380954
149.9726530612245
149.55408163265307
149.09809523809525
148.64054421768708
148.26
147.84510204081636
147.4104761904762
146.9066666666667
146.48448979591836
146.01013605442174
145.49414965986395
145.00278911564627
144.63836734693876
144.25598639455782
143.81843537414966
143.36414965986398
142.99591836734695
142.54156462585036
142.1434693877551
141.6361224489796
141.17197278911564
140.7256462585034
140.38006802721088
139.9599319727891
139.4513605442177
138.8821088435374
138.37312925170068
137.9895238095238
137.65768707482994
137.22367346938773
136.7460544217687
136.36374149659866
135.9387755102041
135.4944217687075
135.0529931972789
134.62034013605444
134.0779591836735
133.6026530612245
133.10544217687075
132.65292517006804
132.25863945578232
131.956462585034
131.48619047619047
131.00210884353743
130.56598639455783
130.19653061224489
129.71823129251703
129.33829931972792
129.0265306122449
128.67108843537417
128.17734693877551
127.79829931972789
127.50020408163265
127.16727891156464
126.74421768707484
126.37530612244899
126.09564625850341
125.7429931972789
125.26061224489797
124.80455782312926
124.51721088435374
124.10952380952381
123.53748299319727
123.07727891156463
122.76823129251702
122.43755102040816
122.05210884353743
121.6665306122449
121.25680272108843
120.96040816326531
120.61095238095238
120.17054421768707
119.72768707482993
119.42959183673469
119.14170068027212
118.72251700680272
118.22945578231293
117.78122448979592
117.4360544217687
117.13020408163266
116.74918367346939
116.39380952380952
115.95863945578232
115.66619047619048
115.33714285714287
114.99442176870748
114.55054421768708
114.17768707482993
113.81149659863945
113.41251700680273
113.04904761904761
112.65435374149659
112.20625850340136
111.79795918367347
111.51496598639456
111.22687074829932
110.81727891156461
110.37340136054422
109.99163265306123
109.68789115646258
109.32646258503402
108.87761904761905
108.44925170068029
108.01469387755104
107.6121768707483
107.11149659863946
106.62374149659864
106.24768707482993
106.09904761904761
105.81462585034015
105.3860544217687
104.93428571428574
104.72755102040817
104.43088435374149
103.95136054421769
103.53993197278912
103.33428571428571
102.98224489795918
102.5021768707483
102.18537414965988
101.9921768707483
101.69918367346938
101.38
101.01891156462585
100.68319727891156
100.37496598639456
100.02340136054423
99.64380952380952
99.26700680272108
98.85775510204081
98.45278911564625
98.13401360544218
97.83659863945577
97.42802721088435
97.00312925170068
96.5930612244898
96.25891156462585
95.96408163265308
95.68551020408162
95.43585034013606
95.2313605442177
94.87802721088435
94.3247619047619
93.95972789115646
93.84911564625853
93.65190476190477
93.21108843537415
92.78619047619048
92.52768707482994
92.24727891156462
91.94204081632654
91.57476190476191
91.3052380952381
91.03482993197278
90.80619047619048
90.54312925170069
90.21537414965987
89.87585034013605
89.50394557823131
89.28115646258503
89.01496598639456
88.63761904761904
88.20816326530613
87.8817006802721
87.63367346938776
87.36442176870749
87.19727891156464
87.02469387755102
86.73625850340136
86.44863945578231
86.22727891156462
86.04523809523809
85.8695918367347
85.76285714285714
85.60421768707482
85.27197278911565
84.94829931972788
84.64761904761906
84.31455782312925
84.0260544217687
83.91585034013606
83.67088435374149
83.30387755102042
82.87204081632653
82.70625850340136
82.55571428571429
82.40755102040816
82.1982993197279
82.05224489795918
81.8361224489796
81.5217006802721
81.25911564625851
81.09190476190477
80.9930612244898
80.9087074829932
80.75659863945579
80.51673469387755
80.36639455782313
80.13517006802721
79.98843537414966
79.93557823129251
79.91095238095238
79.61979591836736
79.34074829931973
79.16734693877552
79.1208843537415
78.99945578231294
78.86517006802723
78.7204761904762
78.67115646258503
78.43639455782315
78.16346938775511
78.04965986394558
77.96408163265306
77.83013605442177
77.61959183673468
77.54190476190476
77.47904761904762
77.38027210884354
77.3252380952381
77.3721768707483
77.27571428571429
76.98360544217687
76.78333333333333
76.6930612244898
76.54374149659864
76.31721088435376
76.14544217687074
76.15693877551021
76.28340136054422
76.24190476190478
76.12687074829932
76.05265306122448
75.93183673469389
75.76857142857143
75.8404761904762
75.89027210884353
75.7678231292517
75.49925170068028
75.58285714285715
75.68197278911565
75.67857142857143
75.49829931972789
75.48387755102041
75.44040816326532
75.4143537414966
75.28163265306124
75.17081632653061
75.08598639455782
75.14408163265307
75.22925170068027
75.36013605442179
75.40619047619049
75.36530612244898
75.34326530612245
75.47775510204082
75.55938775510204
75.46972789115645
75.49673469387754
75.58748299319727
75.59081632653061
75.53224489795917
75.43306122448979
75.43108843537416
75.39231292517007
75.50292517006802
75.60333333333334
75.73884353741497
75.73387755102041
75.81496598639457
75.94272108843538
76.10612244897959
76.24333333333333
76.45115646258503
76.57272108843537
76.69965986394558
76.74013605442175
76.76074829931972
76.94333333333333
77.29102040816326
77.6308843537415
77.94585034013606
78.19687074829932
78.33891156462585
78.40006802721089
78.53789115646258
78.7978231292517
79.08190476190477
79.45401360544219
79.80197278911565
80.05612244897961
80.14448979591836
80.5182993197279
80.96857142857144
81.45687074829931
81.81027210884355
82.22585034013606
82.56108843537416
82.96163265306123
83.36931972789117
83.75272108843538
84.20646258503402
84.71727891156462
85.0943537414966
85.4978231292517
85.9342857142857
86.31414965986394
86.67020408163265
87.15816326530611
87.65850340136055
88.00272108843538
88.45190476190476
88.93272108843539
89.40952380952382
89.70911564625851
90.13455782312926
90.58802721088435
91.10707482993197
91.55571428571429
91.99258503401362
92.2987074829932
92.61149659863945
93.04442176870748
93.55680272108843
94.1608843537415
94.58326530612246
94.91183673469388
95.23142857142857
95.65108843537416
96.00802721088436
96.40727891156462
96.88632653061224
97.31700680272108
97.68421768707483
98.01986394557824
98.37013605442178
98.6043537414966
98.96190476190475
99.40068027210884
99.85278911564626
100.08666666666667
100.40040816326531
100.75755102040816
101.16006802721088
101.44027210884354
101.71074829931973
101.9565306122449
102.23278911564626
102.46374149659864
102.72006802721089
102.99578231292517
103.33333333333334
103.62707482993197
103.86414965986395
104.0869387755102
104.37734693877552
104.64639455782313
104.9512925170068
105.21551020408162
105.57353741496598
105.8226530612245
106.08755102040817
106.26047619047618
106.54115646258504
106.88034013605441
107.23068027210884
107.50102040816327
107.64047619047619
107.81285714285713
107.97326530612244
108.15578231292517
108.3108843537415
108.4778231292517
108.66068027210883
108.83183673469387
108.95027210884355
109.04340136054422
109.01850340136056
109.07258503401361
109.13795918367347
109.11380952380952
109.05020408163266
109.05850340136054
109.06591836734694
108.98693877551021
108.93190476190478
108.78013605442177
108.58721088435374
108.3987074829932
108.17965986394559
107.78108843537414
107.46367346938776
107.2791156462585
107.20414965986394
106.91904761904762
106.5295238095238
106.12421768707483
105.68142857142857
105.22176870748301
104.94646258503403
104.79204081632653
104.46598639455783
104.01204081632653
103.53632653061226
103.1070068027211
102.56455782312926
102.05551020408163
101.5061224489796
101.16217687074831
100.81224489795918
100.49680272108843
100.00659863945579
99.54312925170069
99.0752380952381
98.81965986394557
98.5138775510204
98.08197278911565
97.5243537414966
97.0278231292517
96.50768707482992
96.09632653061225
95.85238095238095
95.62687074829931
95.14523809523811
94.6395918367347
94.23598639455781
93.91489795918366
93.49333333333334
93.0852380952381
92.75517006802721
92.45551020408163
92.1104081632653
91.79857142857142
91.44884353741496
91.02897959183673
90.64469387755102
90.47299319727891
90.23530612244897
89.90938775510203
89.51428571428572
89.22619047619048
88.90557823129251
88.66163265306122
88.23108843537416
87.97455782312925
87.79163265306124
87.64517006802723
87.27088435374151
86.96598639455783
86.6825850340136
86.34414965986394
86.03979591836736
85.8221768707483
85.54380952380953
85.21061224489796
84.85721088435375
84.56659863945578
84.24551020408163
83.99503401360545
83.7374149659864
83.53047619047618
83.32782312925171
83.05136054421769
82.86102040816326
82.651768707483
82.38850340136055
82.15006802721089
82.09993197278912
82.06034013605444
81.73340136054422
81.50897959183675
81.36598639455781
81.23972789115646
80.97768707482993
80.84149659863947
80.82074829931973
80.74210884353741
80.7895238095238
80.68455782312927
80.60149659863946
80.4012925170068
80.31013605442176
80.04448979591837
79.97755102040816
80.04544217687075
79.95272108843538
79.82666666666668
79.65666666666667
79.67687074829934
79.7151700680272
79.8365306122449
79.80278911564625
79.79238095238095
79.77544217687075
79.75156462585034
79.69224489795918
79.70292517006803
79.6878911564626
79.66734693877552
79.5634693877551
79.55571428571429
79.6191156462585
79.72605442176871
79.7508843537415
79.73911564625851
79.68027210884355
79.67156462585035
79.8656462585034
80.01986394557824
79.95537414965987
79.83244897959183
79.92102040816327
80.06707482993198
80.11809523809524
80.16625850340137
80.29149659863944
80.40414965986395
80.501768707483
80.38904761904763
80.43408163265306
80.68897959183673
80.91142857142856
80.88020408163266
81.00829931972788
81.28258503401361
81.59306122448979
81.70680272108844
81.89462585034013
82.01108843537415
82.17503401360545
82.20380952380953
82.47755102040816
82.71129251700681
82.9326530612245
82.96578231292517
83.14081632653063
83.3122448979592
83.51986394557824
83.70340136054422
83.75619047619048
83.86149659863946
84.01680272108844
84.26360544217687
84.28578231292518
84.30734693877551
84.36721088435374
84.53673469387755
84.75333333333334
84.99401360544219
85.17421768707483
85.29789115646258
85.45782312925171
85.5678911564626
85.67544217687075
85.75877551020409
85.93789115646258
86.11095238095238
86.26360544217687
86.5691836734694
86.93061224489797
87.30850340136055
87.47380952380954
87.64095238095238
87.80693877551022
88.09557823129252
88.39945578231294
88.5448299319728
88.76353741496598
88.90401360544217
89.08170068027212
89.10925170068028
89.34619047619047
89.48857142857143
89.59931972789116
89.7386394557823
89.8082993197279
89.79503401360545
89.61258503401359
89.74591836734693
90.04544217687075
90.43795918367346
90.56074829931973
90.66510204081632
90.93585034013606
91.23442176870749
91.52727891156462
91.70863945578232
91.82965986394558
91.92591836734695
92.05183673469388
92.26482993197278
92.49632653061225
92.66510204081635
92.79700680272109
93.05897959183673
93.22707482993198
93.36734693877553
93.6604761904762
94.07108843537416
94.37639455782312
94.57190476190476
94.77095238095238
95.01170068027211
95.2991836734694
95.65414965986395
96.046462585034
96.50360544217688
96.83435374149661
97.17965986394557
97.60217687074831
97.95517006802721
98.27149659863946
98.73551020408163
99.33809523809525
99.70734693877552
100.12360544217688
100.63095238095238
101.23346938775512
101.85510204081632
102.63414965986395
103.31380952380952
104.04401360544219
104.7456462585034
105.50918367346938
106.3530612244898
107.53952380952381
108.67578231292516
109.86734693877551
111.08469387755102
112.45911564625852
113.89537414965987
115.50979591836736
117.19496598639456
118.90666666666667
120.59755102040818
122.35578231292519
124.02142857142859
125.6212244897959
126.98095238095237
128.19891156462586
128.93156462585034
129.4204761904762
129.85061224489795
130.26891156462585
130.4717006802721
130.7251700680272
131.10700680272112
131.54346938775512
131.7686394557823
131.9801360544218
132.06557823129253
132.2025850340136
132.3270068027211
132.4516326530612
132.62319727891156
132.75646258503403
132.91292517006804
133.0134013605442
133.19598639455782
133.28537414965987
133.2826530612245
133.2412244897959
133.28809523809525
133.28904761904764
133.1817006802721
132.80292517006802
132.5877551020408
132.53530612244896
132.77530612244897
133.04857142857145
133.25544217687073
133.36278911564625
133.47564625850342
133.66401360544216
133.72721088435375
133.7917006802721
133.66646258503403
133.193537414966
132.43102040816325
131.75625850340137
131.13129251700678
130.40816326530614
129.72292517006804
129.17938775510203
128.5256462585034
127.68340136054421
126.49653061224491
124.98938775510206
123.00312925170068
120.8487074829932
118.5708843537415
116.39142857142858
114.42979591836735
112.47578231292518
110.65462585034014
108.63183673469386
106.67149659863946
104.72659863945579
103.15360544217687
101.58435374149661
99.90204081632655
98.06557823129253
96.30517006802721
94.60802721088434
93.20680272108844
91.79632653061225
90.2939455782313
88.5878231292517
87.26850340136053
85.97721088435374
84.53374149659864
83.07428571428571
81.91680272108843
80.76489795918368
79.38945578231292
77.95115646258503
76.5678911564626
75.32748299319728
74.18414965986395
72.97122448979592
71.87061224489796
70.8491836734694
70.06517006802721
69.57612244897959
69.34510204081633
69.0699319727891
68.40952380952382
67.6139455782313
66.64585034013604
65.54823129251702
64.12462585034015
62.66748299319728
61.10197278911565
59.414353741496605
57.68884353741493
56.3480272108843
