137.9468707482993
138.22918367346927
138.30503401360545
138.40829931972792
138.57931972789117
138.53156462585034
138.41353741496602
138.3334693877551
138.2878911564626
138.2440136054422
138.2097278911565
138.0739455782313
137.83333333333337
137.57176870748302
137.2421088435374
137.04591836734693
137.11469387755102
137.30503401360545
137.42639455782313
137.43959183673473
137.33380952380952
137.00551020408165
136.80360544217686
136.6596598639456
136.65761904761905
136.64673469387756
136.69897959183672
136.66408163265305
136.57374149659864
136.5312244897959
136.56850340136054
136.59850340136055
136.60972789115647
136.44775510204084
136.3108843537415
136.21190476190475
136.12469387755104
136.00408163265308
135.92918367346937
135.95088435374151
136.0944217687075
136.40374149659863
136.50136054421768
136.36768707482995
136.31272108843538
136.31727891156464
136.1573469387755
136.13108843537412
136.20360544217687
136.24687074829933
136.05795918367346
135.93054421768707
135.92700680272108
136.12027210884355
136.17442176870748
136.12455782312924
136.17891156462585
136.32027210884354
136.43836734693878
136.49340136054423
136.51707482993197
136.41000000000003
136.4069387755102
136.43455782312924
136.52068027210885
136.4947619047619
136.5069387755102
136.5134693877551
136.64653061224493
136.6095918367347
136.45333333333335
136.2265986394558
136.25850340136054
136.42435374149662
136.72
136.84517006802722
136.9417006802721
137.0057823129252
137.0242857142857
136.89401360544218
136.8191836734694
136.71401360544218
136.47850340136054
136.28809523809522
136.285306122449
136.35823129251702
136.44102040816327
136.54673469387757
136.547074829932
136.48
136.56795918367348
136.77891156462584
136.88714285714286
136.91965986394558
136.9913605442177
136.94850340136054
136.82319727891155
136.80401360544218
136.87544217687073
136.8409523809524
136.89258503401362
137.08170068027212
137.21639455782312
137.25585034013605
137.30462585034013
137.43170068027212
137.67040816326534
137.9914965986395
138.3412925170068
138.59551020408162
138.86054421768705
139.1695918367347
139.56755102040816
139.842925170068
139.9970068027211
140.07482993197283
140.31102040816327
140.64401360544218
141.05653061224493
141.5382993197279
142.03571428571428
142.5063945578231
142.8204081632653
143.15632653061223
143.43380952380951
143.64755102040817
143.90714285714287
144.08632653061224
144.22795918367348
144.3817006802721
144.61428571428573
144.89768707482995
145.14993197278912
145.46102040816328
145.61238095238093
145.87693877551018
146.2425850340136
146.74843537414966
147.13061224489797
147.506462585034
148.13632653061225
148.75823129251702
149.21972789115648
149.4999319727891
149.87401360544217
150.2987074829932
150.86353741496598
151.42517006802723
151.98142857142858
152.54204081632653
153.11340136054423
153.68598639455783
154.21183673469386
154.65591836734694
154.88959183673472
155.23238095238096
155.61850340136056
156.17074829931974
156.64544217687074
157.15190476190477
157.67204081632653
158.28632653061226
159.0400680272109
159.84517006802722
160.6090476190476
161.31979591836736
162.09129251700682
162.87816326530614
163.74238095238098
164.63918367346938
165.51020408163265
166.32462585034014
167.17925170068025
168.11986394557823
168.96578231292517
169.77047619047622
170.58537414965986
171.64843537414964
172.68258503401358
173.76292517006803
174.89353741496598
176.29911564625849
177.60693877551017
178.97292517006804
180.14829931972787
181.43632653061226
182.81068027210887
184.39795918367346
185.6922448979592
186.8521768707483
188.07244897959185
189.45013605442176
190.59360544217685
191.7013605442177
192.7512244897959
193.89891156462588
195.01442176870748
196.22353741496602
197.1877551020408
198.1596598639456
199.20680272108842
200.40632653061226
201.40244897959184
202.34176870748303
203.1877551020408
204.02965986394557
204.80850340136055
205.66448979591837
206.46945578231293
207.24986394557823
208.01
208.83380952380952
209.515306122449
210.11544217687077
210.72156462585033
211.40102040816325
212.10517006802723
212.76258503401363
213.3104081632653
213.7718367346939
214.24707482993196
214.75952380952384
215.24136054421768
215.73238095238096
216.08292517006802
216.4173469387755
216.78748299319727
217.20503401360543
217.4022448979592
217.59972789115645
217.85421768707482
218.1347619047619
218.3100680272109
218.46367346938777
218.58836734693878
218.7278911564626
218.7977551020408
218.88326530612244
218.89979591836732
218.90877551020407
218.81673469387755
218.74680272108844
218.65285714285716
218.52707482993196
218.30299319727894
218.03380952380954
217.81149659863945
217.61646258503401
217.36748299319729
217.09761904761905
216.76585034013607
216.37326530612245
215.91027210884354
215.49238095238098
215.10789115646259
214.6887074829932
214.23285714285714
213.66598639455782
213.10482993197277
212.5587074829932
212.0643537414966
211.50639455782314
210.95809523809524
210.35020408163265
209.74931972789116
209.14931972789117
208.5204081632653
207.85591836734693
207.24639455782312
206.6404761904762
205.97761904761904
205.32292517006806
204.62462585034015
203.94986394557824
203.26986394557824
202.58557823129254
201.92455782312925
201.37517006802722
200.82040816326534
200.19911564625852
199.60367346938776
199.0132653061225
198.43659863945578
197.90285714285716
197.42850340136056
196.89360544217692
196.43884353741498
195.93897959183676
195.50408163265305
195.10244897959183
194.83136054421766
194.4443537414966
194.08108843537417
193.79639455782313
193.5051700680272
193.24408163265306
193.0000680272109
192.72367346938776
192.4054421768708
192.25666666666666
192.21455782312924
192.12074829931973
191.94530612244898
191.83122448979594
191.71598639455786
191.56068027210887
191.47530612244898
191.54639455782313
191.595306122449
191.57877551020408
191.58190476190478
191.70489795918368
191.8368707482993
191.9512925170068
192.01591836734693
192.09612244897957
192.18190476190478
192.33755102040814
192.4904761904762
192.73727891156463
192.8361224489796
192.91673469387757
192.89673469387756
193.0991156462585
193.33612244897958
193.5065306122449
193.55156462585035
193.5961904761905
193.76142857142858
193.89979591836735
194.13557823129253
194.26319727891155
194.4095918367347
194.54197278911562
194.69537414965987
194.72653061224491
194.77857142857147
194.8967346938776
194.99564625850343
195.12517006802722
195.2582993197279
195.32857142857145
195.38285714285718
195.5522448979592
195.66238095238097
195.63836734693876
195.56795918367345
195.6082993197279
195.6834693877551
195.75986394557825
195.84884353741498
195.8712244897959
195.87666666666667
195.88306122448978
195.9486394557823
195.97163265306122
195.96659863945575
195.9718367346939
196.0560544217687
196.16095238095238
196.2427210884354
196.2287755102041
196.22911564625852
196.17836734693878
196.1072789115646
196.02510204081634
196.03585034013608
196.05761904761906
196.1407482993197
196.20680272108842
196.1697959183673
196.05755102040814
195.9947619047619
195.93095238095242
195.86857142857144
195.82224489795917
195.87074829931973
195.89034013605445
195.9378911564626
195.9542857142857
195.9178911564626
195.7942857142857
195.688231292517
195.6627891156463
195.6031292517007
195.55680272108842
195.53421768707486
195.49884353741496
195.40931972789116
195.3308843537415
195.3239455782313
195.33238095238096
195.2891156462585
195.15693877551018
194.9934693877551
194.8272789115646
194.71734693877548
194.6642857142857
194.5818367346939
194.55340136054423
194.52809523809523
194.50510204081635
194.4247619047619
194.2891836734694
194.0929931972789
193.98374149659864
193.9004081632653
193.7447619047619
193.59244897959184
193.5556462585034
193.49782312925169
193.37809523809526
193.24122448979594
193.05530612244897
192.8544217687075
192.737074829932
192.68816326530612
192.5727891156463
192.37585034013605
192.24408163265306
192.1887755102041
192.07659863945582
191.9113605442177
191.75047619047618
191.59523809523813
191.40414965986395
191.21775510204083
191.08204081632655
190.93149659863946
190.6987755102041
190.4947619047619
190.38088435374152
190.32061224489797
190.20183673469387
190.0556462585034
189.86156462585035
189.64714285714288
189.40714285714287
189.17986394557823
189.02108843537414
188.84367346938774
188.54551020408164
188.30142857142857
188.12598639455783
187.8775510204082
187.58061224489796
187.3938775510204
187.20054421768708
187.0334693877551
186.88619047619048
186.69251700680272
186.43503401360545
186.1721768707483
185.93319727891156
185.59680272108847
185.28755102040816
185.00557823129253
184.82319727891155
184.64544217687074
184.42421768707484
184.11367346938778
183.73115646258503
183.39557823129252
183.14496598639457
182.9025850340136
182.56789115646257
182.15571428571428
181.78761904761905
181.4891836734694
181.17421768707484
180.85061224489797
180.5548299319728
180.31442176870752
180.02448979591838
179.71149659863946
179.38414965986394
179.04068027210883
178.66755102040815
178.28591836734694
178.03510204081633
177.7125850340136
177.3605442176871
176.9638775510204
176.66775510204081
176.33129251700683
176.0440816326531
175.7405442176871
175.33945578231294
174.95714285714286
174.61387755102044
174.2801360544218
173.95578231292518
173.6827210884354
173.25857142857143
172.74530612244897
172.28374149659862
171.9975510204082
171.63299319727892
171.3196598639456
171.0148299319728
170.7995918367347
170.42204081632653
170.01598639455784
169.63795918367347
169.30156462585035
168.9118367346939
168.5319047619048
168.16517006802724
167.79646258503402
167.41054421768706
167.03625850340137
166.62394557823131
166.28836734693877
165.91204081632654
165.54462585034014
165.13884353741497
164.8365306122449
164.49040816326533
164.13476190476192
163.69945578231295
163.35918367346937
162.99503401360545
162.65571428571428
162.21986394557825
161.77673469387756
161.30374149659863
160.96571428571428
160.7161904761905
160.35442176870748
159.85047619047617
159.37802721088434
158.97006802721086
158.51312925170066
157.98333333333332
157.51503401360543
157.05666666666667
156.61292517006802
156.2365306122449
155.86897959183676
155.44591836734693
155.00034013605443
154.52870748299318
154.10074829931972
153.70857142857142
153.2860544217687
152.65836734693877
152.10741496598638
151.6083673469388
151.17448979591836
150.74503401360542
150.37319727891156
149.91197278911562
149.44374149659865
149.00761904761907
148.48156462585035
147.89503401360545
147.36251700680273
146.97027210884355
146.48163265306124
145.95802721088435
145.47673469387757
145.08428571428573
144.5782993197279
144.06013605442178
143.57326530612244
143.11421768707484
142.62598639455783
142.23612244897961
141.77544217687074
141.28489795918367
140.7510884353742
140.25183673469388
139.76183673469387
139.26115646258506
138.7773469387755
138.29204081632653
137.9012244897959
137.45285714285714
136.90231292517007
136.40102040816328
135.92265306122448
135.4504761904762
134.88979591836735
134.491768707483
134.1170068027211
133.7070068027211
133.20904761904762
132.69632653061225
132.22768707482993
131.80693877551022
131.38285714285715
130.90027210884352
130.40748299319728
130.05816326530612
129.69598639455782
129.20897959183674
128.78884353741498
128.5143537414966
128.12319727891156
127.59054421768707
127.09380952380951
126.68775510204082
126.17925170068027
125.67993197278912
125.21591836734694
124.84619047619047
124.45537414965987
123.99095238095238
123.59319727891156
123.13102040816327
122.6591156462585
122.19585034013606
121.79795918367347
121.40809523809523
121.05945578231292
120.8165986394558
120.27455782312924
119.70727891156463
119.3500680272109
119.16571428571429
118.78455782312926
118.31510204081633
117.83489795918366
117.32013605442177
116.89197278911564
116.49857142857144
116.10054421768709
115.69204081632654
115.34625850340136
114.89578231292518
114.46408163265306
114.04931972789116
113.70496598639455
113.32258503401361
112.95448979591836
112.48374149659864
112.03374149659864
111.62727891156463
111.33639455782313
111.00551020408165
110.58959183673468
110.14836734693877
109.77993197278911
109.48278911564626
109.06408163265307
108.53204081632653
108.05408163265305
107.74102040816325
107.42176870748297
106.95904761904761
106.44054421768706
106.04040816326531
105.7326530612245
105.39197278911566
104.933537414966
104.49544217687077
104.24911564625852
104.02183673469388
103.70190476190477
103.33156462585035
102.90945578231293
102.5121768707483
102.1286394557823
101.74170068027212
101.32061224489797
100.98047619047621
100.68721088435373
100.29809523809524
99.99149659863944
99.70646258503402
99.42238095238096
99.01884353741498
98.60965986394558
98.22244897959185
97.87374149659865
97.39938775510205
96.87251700680272
96.47408163265307
96.26551020408164
95.91938775510204
95.63285714285715
95.35319727891157
95.02034013605441
94.46761904761904
94.09748299319727
93.85312925170066
93.56374149659864
93.20965986394557
92.8639455782313
92.5451700680272
92.18380952380953
91.85061224489797
91.45489795918368
91.1021768707483
90.80163265306123
90.6048299319728
90.25836734693877
89.96319727891157
89.66380952380953
89.46734693877552
89.11816326530612
88.76673469387757
88.42115646258503
88.13074829931972
87.8157142857143
87.42074829931974
86.99428571428571
86.66102040816327
86.44115646258504
86.2774149659864
86.10829931972788
85.82401360544218
85.55489795918368
85.27666666666667
85.03122448979592
84.73537414965986
84.54136054421768
84.35557823129253
84.19537414965987
83.9200680272109
83.61034013605442
83.27836734693878
83.07931972789115
82.79897959183674
82.54578231292517
82.3278231292517
82.13591836734693
81.88027210884354
81.58721088435375
81.43680272108844
81.2113605442177
80.95938775510206
80.69578231292518
80.5656462585034
80.35034013605443
80.1174149659864
79.84374149659865
79.56993197278913
79.37795918367347
79.3091156462585
79.17619047619047
79.00496598639455
78.86068027210884
78.78707482993197
78.59891156462585
78.34795918367347
78.08204081632653
77.89374149659865
77.73775510204082
77.64863945578232
77.48605442176871
77.35319727891158
77.20319727891156
77.02897959183674
76.73530612244897
76.5687074829932
76.60721088435375
76.59585034013605
76.48319727891158
76.21884353741498
76.09374149659864
76.04734693877552
76.00904761904764
75.86156462585035
75.74340136054423
75.62693877551021
75.45408163265307
75.22462585034013
75.0287074829932
74.78469387755102
74.65727891156463
74.56068027210884
74.5265306122449
74.47598639455782
74.62421768707483
74.62625850340137
74.56340136054422
74.4548299319728
74.39775510204082
74.20727891156463
74.15768707482994
74.10217687074831
74.02659863945578
73.90496598639456
73.94952380952381
73.92571428571429
73.8522448979592
73.76510204081633
73.74435374149661
73.82462585034014
73.70666666666668
73.61734693877551
73.51054421768708
73.5956462585034
73.50823129251701
73.55081632653061
73.63285714285715
73.79598639455781
73.77244897959184
73.74857142857144
73.66455782312926
73.64598639455782
73.71598639455783
73.81945578231293
73.78598639455782
73.66551020408164
73.58142857142857
73.57734693877552
73.6247619047619
73.69292517006804
73.75809523809524
73.79850340136056
73.88027210884354
74.05544217687076
74.20544217687075
74.35054421768707
74.47421768707483
74.65108843537415
74.66904761904763
74.59639455782312
74.65367346938775
74.81884353741498
75.1248299319728
75.35095238095238
75.65006802721088
75.79482993197279
75.91122448979593
76.05625850340135
76.20183673469388
76.37319727891158
76.64598639455781
76.97775510204083
77.24809523809525
77.48925170068028
77.7895918367347
78.11231292517007
78.46170068027212
78.79517006802722
79.08197278911565
79.44299319727892
79.8191836734694
80.2839455782313
80.60115646258504
81.09734693877552
81.54299319727892
81.94462585034015
82.18687074829933
82.52068027210885
82.8970068027211
83.27013605442176
83.69027210884354
84.08693877551022
84.49755102040817
84.97482993197278
85.40251700680273
85.79380952380953
86.15619047619049
86.6439455782313
87.03904761904762
87.45442176870748
87.91149659863947
88.3487074829932
88.79170068027211
89.17000000000002
89.57108843537415
89.85510204081632
90.14340136054423
90.42333333333333
90.96068027210885
91.52979591836734
91.92251700680274
92.17625850340136
92.47741496598638
92.86183673469388
93.22768707482993
93.65938775510205
94.09442176870748
94.5626530612245
94.88748299319727
95.18346938775511
95.57210884353742
96.02836734693878
96.39027210884355
96.69877551020409
96.90673469387755
97.14959183673469
97.43578231292517
97.90204081632652
98.28904761904762
98.57918367346939
98.83761904761906
99.24000000000001
99.50639455782314
99.76102040816328
99.96068027210885
100.31183673469387
100.62517006802722
100.87278911564626
101.02251700680272
101.32272108843537
101.66897959183673
101.93217687074831
102.22068027210885
102.58823129251701
102.74870748299321
102.8630612244898
103.06578231292517
103.46802721088434
103.85319727891158
104.23578231292518
104.40360544217687
104.48931972789116
104.56278911564627
104.87510204081633
105.19142857142857
105.48503401360544
105.62523809523809
105.77897959183673
105.97659863945577
106.18387755102043
106.1691156462585
106.19360544217687
106.32299319727892
106.35360544217687
106.10877551020408
106.04734693877552
106.09183673469389
106.15421768707483
105.981768707483
105.76843537414966
105.49489795918367
105.40231292517005
105.29551020408164
105.18870748299318
104.89367346938775
104.72238095238095
104.50979591836735
104.37442176870749
103.97238095238096
103.53061224489795
103.01625850340137
102.70170068027211
102.38034013605443
102.08000000000001
101.74068027210885
101.36204081632653
100.90965986394556
100.5048979591837
100.01442176870748
99.36877551020409
98.92911564625851
98.60510204081632
98.35068027210886
97.88108843537415
97.55428571428573
97.04068027210886
96.54680272108844
96.12183673469389
95.74149659863946
95.43619047619048
95.13557823129253
94.87102040816326
94.27163265306122
93.62006802721089
93.11340136054423
92.80551020408163
92.59272108843538
92.38680272108843
91.98013605442176
91.48292517006804
90.92850340136056
90.62238095238095
90.2195918367347
89.87931972789114
89.53312925170069
89.23979591836735
89.01578231292517
88.73802721088435
88.36469387755102
87.86693877551022
87.61537414965987
87.38068027210883
87.11
86.7357142857143
86.52857142857142
86.34455782312926
86.0578231292517
85.49748299319728
85.11625850340135
84.9456462585034
84.75891156462586
84.4725850340136
84.20850340136053
83.88102040816327
83.60639455782312
83.45265306122451
83.28517006802721
82.95857142857143
82.43993197278911
82.00156462585034
81.81360544217688
81.6652380952381
81.37659863945578
81.10952380952381
80.98863945578233
80.72979591836736
80.3078911564626
80.07000000000001
79.9456462585034
79.84258503401361
79.59775510204082
79.45782312925171
79.27843537414967
79.11530612244897
78.95931972789117
78.82687074829931
78.72714285714287
78.64102040816326
78.4891836734694
78.38102040816327
78.28659863945579
78.16877551020409
77.97034013605442
78.04108843537415
77.97809523809524
77.84428571428572
77.60979591836735
77.58108843537416
77.52299319727891
77.48292517006803
77.47931972789115
77.47496598639455
77.46061224489796
77.46748299319728
77.4504761904762
77.4799319727891
77.38897959183674
77.32952380952382
77.22210884353741
77.26102040816328
77.30013605442178
77.3569387755102
77.2569387755102
77.17795918367347
77.12510204081633
77.10183673469388
77.11408163265305
77.22013605442177
77.34782312925171
77.35605442176872
77.41680272108843
77.48476190476191
77.4782993197279
77.42578231292518
77.48965986394558
77.68326530612245
77.82891156462586
77.9212925170068
77.95619047619049
77.9787074829932
78.0687074829932
78.31897959183674
78.38013605442177
78.35925170068028
78.3795918367347
78.59074829931973
78.67884353741498
78.81292517006804
78.94666666666667
79.16496598639456
79.33102040816327
79.50408163265307
79.54258503401361
79.77564625850341
79.99646258503401
80.26034013605442
80.3260544217687
80.47537414965987
80.61489795918368
80.7795918367347
81.0652380952381
81.38952380952381
81.63673469387756
81.536462585034
81.56231292517008
81.75795918367348
81.9926530612245
82.02027210884353
82.01795918367347
82.08068027210885
82.2512925170068
82.48251700680272
82.75292517006802
83.05088435374148
83.15319727891156
83.24149659863946
83.34938775510204
83.6343537414966
83.88061224489796
84.00387755102041
84.06959183673469
84.29904761904763
84.70183673469387
85.02931972789115
85.2591156462585
85.40741496598639
85.52176870748299
85.74959183673468
86.10068027210885
86.30027210884354
86.4430612244898
86.5343537414966
86.6947619047619
86.81163265306122
87.06238095238095
87.29333333333332
87.46401360544218
87.56891156462586
87.72204081632654
87.8321768707483
87.89054421768708
87.87714285714284
87.8991156462585
88.02836734693878
88.35455782312926
88.59095238095239
88.84170068027211
89.00448979591837
89.2308843537415
89.4608843537415
89.72965986394557
90.00442176870747
90.29755102040815
90.61081632653061
90.71074829931972
90.79238095238095
90.95802721088437
91.17816326530613
91.3587074829932
91.5691836734694
91.72047619047619
91.92414965986394
92.1091156462585
92.463537414966
92.77
93.24408163265306
93.55687074829932
93.86360544217686
94.25938775510204
94.75530612244899
95.23693877551023
95.54387755102042
95.85836734693878
96.2834693877551
96.88190476190476
97.46761904761905
97.95687074829932
98.49374149659864
98.82714285714286
99.1095918367347
99.6395918367347
100.49965986394558
101.32789115646258
101.96319727891157
102.57897959183673
103.39367346938776
104.30312925170068
105.22210884353741
106.22360544217688
107.2978231292517
108.40714285714286
109.8047619047619
111.35598639455783
112.84673469387755
114.41755102040815
116.23238095238096
117.90421768707483
119.64081632653063
121.495306122449
123.43238095238095
125.1174149659864
126.67972789115646
128.1409523809524
129.55380952380955
130.65884353741498
131.3527210884354
131.73972789115646
131.95231292517008
131.97823129251702
132.1782993197279
132.56680272108844
133.06619047619046
133.4860544217687
133.75931972789118
133.806462585034
133.89782312925172
134.0504761904762
134.16068027210886
134.31768707482993
134.5257142857143
134.75061224489792
135.01258503401363
135.53278911564627
135.9743537414966
136.33197278911567
136.61238095238096
136.88156462585033
136.9961224489796
136.95938775510206
136.81816326530614
136.60326530612247
136.37707482993198
136.53721088435373
136.99789115646257
137.52027210884353
137.8217006802721
138.0917006802721
138.5174829931973
138.99891156462587
139.3943537414966
139.5478231292517
139.58333333333334
139.4174829931973
139.32272108843537
138.98510204081634
138.60020408163268
138.2103401360544
137.97312925170067
137.5369387755102
136.7342857142857
135.41217687074828
133.5112925170068
131.26489795918366
128.673537414966
125.95625850340136
123.60707482993199
121.43591836734694
119.17312925170069
116.85931972789118
114.66687074829932
112.41088435374151
110.07782312925171
108.09408163265306
106.28142857142858
104.47952380952381
102.4195918367347
100.42598639455782
98.61278911564627
96.83789115646259
94.99346938775511
93.34462585034014
92.00673469387755
90.68836734693878
88.99544217687075
87.2608843537415
85.7147619047619
84.48251700680272
83.15319727891158
81.72639455782314
80.07292517006802
78.45891156462585
77.04530612244898
75.87748299319728
74.63163265306123
73.42891156462585
72.215306122449
71.3178231292517
70.65945578231293
70.41945578231292
69.93251700680271
69.19625850340137
68.3130612244898
67.5482993197279
66.32
64.77482993197279
63.12326530612245
61.48809523809524
59.790408163265305
58.17544217687068
56.573401360544146
