148.46350340136064
148.7721768707483
149.0000680272109
149.08938775510205
149.30414965986392
149.4048299319728
149.4199319727891
149.31374149659862
149.31850340136054
149.3451700680272
149.3082993197279
149.1348299319728
148.77183673469386
148.50721088435375
148.3674149659864
148.38
148.4309523809524
148.56210884353743
148.6009523809524
148.58605442176872
148.58904761904762
148.551768707483
148.45931972789117
148.26945578231295
148.10727891156463
147.91578231292516
147.8438775510204
147.94
148.03122448979593
147.9987074829932
147.94829931972788
147.95034013605442
147.91333333333336
147.8179591836735
147.64714285714285
147.51061224489797
147.3757142857143
147.3013605442177
147.1269387755102
147.10353741496598
147.2712925170068
147.5721768707483
147.67088435374149
147.56
147.41972789115647
147.36469387755102
147.32972789115644
147.22585034013608
147.148231292517
147.10034013605443
147.10836734693876
146.99115646258502
146.9365306122449
146.92258503401365
147.00367346938776
147.1852380952381
147.39945578231294
147.605306122449
147.65979591836734
147.7520408163265
147.73904761904765
147.71972789115645
147.66183673469388
147.65061224489796
147.68027210884355
147.7631292517007
147.76326530612246
147.66884353741497
147.63204081632654
147.598231292517
147.4812925170068
147.29884353741497
147.39632653061224
147.67414965986396
148.08421768707484
148.20680272108842
148.23802721088435
148.11863945578233
148.10863945578228
148.09537414965985
148.07204081632653
147.943537414966
147.89231292517007
147.93435374149658
147.88714285714286
147.81061224489795
147.9139455782313
148.0404761904762
148.04632653061225
148.05965986394557
148.27503401360545
148.4161224489796
148.37680272108844
148.34809523809525
148.45625850340136
148.59027210884355
148.52986394557823
148.40591836734694
148.31408163265309
148.36380952380955
148.47721088435372
148.678231292517
148.78938775510204
148.90714285714284
148.96061224489796
149.14102040816329
149.338231292517
149.5948979591837
149.88040816326532
150.2382993197279
150.50156462585034
150.76489795918368
150.97625850340137
151.215306122449
151.45448979591836
151.72993197278913
151.93721088435376
152.1639455782313
152.5322448979592
152.89204081632653
153.4309523809524
154.03986394557825
154.62727891156462
154.98027210884356
155.19734693877552
155.37897959183675
155.67693877551022
155.9370068027211
156.10700680272112
156.29530612244898
156.6070068027211
156.96877551020407
157.28809523809525
157.62979591836734
157.89170068027212
158.1282993197279
158.47931972789115
158.9661224489796
159.43142857142857
159.8374149659864
160.40448979591838
161.11802721088435
161.76673469387754
162.19891156462586
162.56591836734694
163.1017006802721
163.75068027210884
164.3030612244898
164.83034013605442
165.49285714285713
166.35598639455782
167.17680272108845
167.7604761904762
168.14462585034016
168.52319727891157
169.06897959183675
169.68782312925174
170.3122448979592
170.82557823129252
171.32666666666665
171.81183673469388
172.40578231292517
173.17782312925172
174.0582993197279
174.8570068027211
175.63666666666666
176.59571428571428
177.55959183673468
178.4294557823129
179.28551020408162
180.20108843537417
181.0278911564626
181.7738775510204
182.7348299319728
183.73421768707482
184.68836734693878
185.39401360544218
186.23850340136056
187.25455782312926
188.37653061224492
189.26707482993197
190.16333333333333
191.10768707482995
192.08925170068028
193.01714285714286
194.02761904761905
194.94476190476192
195.7804081632653
196.5957823129252
197.49897959183676
198.43931972789116
199.38115646258507
200.28238095238098
201.23510204081632
202.1218367346939
203.03489795918367
203.8973469387755
204.86163265306118
205.68408163265303
206.51938775510206
207.20734693877552
207.91387755102045
208.60986394557824
209.39530612244897
210.12863945578232
210.91666666666669
211.65795918367348
212.32503401360543
212.93340136054422
213.6221768707483
214.2508843537415
214.85074829931975
215.42666666666668
215.99190476190478
216.45544217687075
216.85027210884354
217.3221768707483
217.82680272108846
218.27537414965985
218.66448979591837
219.02258503401362
219.35857142857142
219.77176870748298
220.18884353741495
220.46585034013606
220.65850340136055
220.96326530612245
221.27224489795918
221.47319727891156
221.6460544217687
221.81428571428572
221.9961224489796
222.14190476190475
222.24680272108844
222.36843537414967
222.40707482993196
222.40836734693877
222.34870748299318
222.32768707482992
222.30748299319728
222.25734693877553
222.1722448979592
222.00285714285715
221.81986394557825
221.6151700680272
221.42802721088435
221.28578231292522
221.0525850340136
220.73000000000002
220.4265986394558
220.14979591836735
219.79115646258504
219.36891156462582
218.95020408163265
218.5782993197279
218.21884353741498
217.8139455782313
217.29156462585036
216.79088435374152
216.2969387755102
215.8221768707483
215.41088435374152
214.99666666666667
214.39666666666668
213.79204081632653
213.21578231292517
212.67285714285717
212.06170068027214
211.55469387755102
210.99673469387753
210.44707482993198
209.8205442176871
209.24408163265306
208.69537414965987
208.11265306122448
207.46761904761905
206.90482993197276
206.36693877551022
205.87795918367345
205.36034013605445
204.85625850340136
204.23204081632653
203.73163265306124
203.30931972789114
202.937074829932
202.5174829931973
202.0282993197279
201.5296598639456
201.04993197278912
200.74666666666667
200.46380952380952
200.12931972789116
199.70809523809524
199.30557823129251
199.06721088435376
198.86802721088435
198.69387755102042
198.42544217687075
198.23585034013604
198.04421768707485
197.87210884353743
197.72557823129253
197.63625850340136
197.48680272108842
197.28292517006804
197.0821088435374
197.00598639455782
197.01238095238097
197.04843537414968
197.0439455782313
196.9351020408163
196.91292517006804
196.96061224489796
197.15027210884352
197.28013605442177
197.40190476190477
197.458231292517
197.52775510204083
197.58380952380952
197.7370068027211
197.87598639455783
197.94748299319727
197.96129251700683
198.05319727891157
198.20666666666665
198.36312925170068
198.44013605442177
198.46931972789116
198.51503401360543
198.62013605442175
198.7704761904762
198.9061904761905
198.9491836734694
199.0375510204082
199.198231292517
199.29972789115646
199.2726530612245
199.27340136054423
199.3748979591837
199.52170068027212
199.5957142857143
199.57646258503402
199.55761904761906
199.6673469387755
199.74421768707484
199.75863945578232
199.76999999999998
199.8534693877551
199.87972789115645
199.901768707483
199.9253741496599
199.96462585034013
199.92619047619047
199.93149659863946
199.94598639455782
199.9717006802721
199.97278911564626
200.01122448979592
200.0591156462585
200.13768707482996
200.20591836734695
200.1978911564626
200.0891836734694
200.06884353741498
200.06503401360544
199.97598639455782
199.91482993197278
200.028231292517
200.13374149659865
200.12190476190477
200.03578231292516
199.9991156462585
199.93782312925174
199.90727891156467
199.80741496598637
199.7443537414966
199.64020408163265
199.60965986394555
199.65353741496597
199.73823129251704
199.7291156462585
199.68408163265306
199.57557823129255
199.41054421768706
199.33945578231294
199.3308843537415
199.29959183673472
199.24517006802722
199.18476190476193
199.131768707483
199.15401360544217
199.1252380952381
199.013537414966
198.90755102040814
198.81510204081633
198.6404761904762
198.49061224489796
198.40809523809523
198.35972789115647
198.31925170068027
198.33435374149659
198.2487074829932
198.11380952380955
197.93428571428572
197.8630612244898
197.7840816326531
197.6619047619048
197.48700680272108
197.33911564625853
197.27312925170065
197.16530612244895
197.0970068027211
197.01068027210886
196.92360544217686
196.75897959183675
196.73360544217687
196.65598639455783
196.4647619047619
196.2418367346939
196.05891156462587
195.9787074829932
195.8708163265306
195.76632653061228
195.6148299319728
195.50598639455782
195.34061224489798
195.10054421768712
194.93843537414966
194.77244897959187
194.64136054421772
194.4343537414966
194.25068027210884
194.074693877551
193.98299319727892
193.80034013605444
193.61020408163265
193.45095238095237
193.24108843537414
192.98938775510206
192.8327210884354
192.7252380952381
192.53707482993198
192.25551020408165
192.00727891156464
191.80721088435374
191.61775510204083
191.36714285714288
191.1545578231293
191.03231292517006
190.82068027210883
190.57816326530613
190.35707482993197
190.123537414966
189.76292517006806
189.4792517006803
189.30428571428573
189.13421768707485
188.92231292517005
188.69748299319727
188.4321088435374
188.0874149659864
187.73496598639457
187.54496598639457
187.3895238095238
187.09006802721092
186.686462585034
186.30673469387756
185.98000000000002
185.69455782312923
185.467074829932
185.0605442176871
184.6305442176871
184.3490476190476
184.20088435374151
183.96068027210885
183.60299319727892
183.19027210884354
182.78727891156467
182.51700680272108
182.2143537414966
181.91884353741497
181.5286394557823
181.19136054421767
180.8
180.50482993197284
180.14925170068028
179.90578231292517
179.70408163265307
179.368231292517
178.84156462585037
178.44292517006804
178.218843537415
177.98544217687078
177.53721088435373
177.06258503401358
176.68462585034013
176.46625850340135
176.09578231292517
175.6398639455782
175.22469387755103
174.86027210884353
174.46904761904761
174.0157142857143
173.74149659863946
173.4859863945578
173.19673469387754
172.77115646258503
172.4382993197279
172.10653061224488
171.67448979591836
171.2574829931973
170.90455782312924
170.54095238095238
170.15863945578232
169.8582993197279
169.59068027210887
169.24068027210882
168.85156462585033
168.49727891156462
168.06312925170067
167.65721088435373
167.2084353741497
166.8413605442177
166.4695918367347
166.14102040816326
165.7692517006803
165.40646258503403
164.92789115646258
164.55190476190478
164.19530612244898
163.83585034013606
163.40455782312924
163.06210884353743
162.64142857142858
162.20938775510206
161.7638775510204
161.4044217687075
160.98326530612246
160.51462585034014
159.95408163265307
159.5090476190476
159.09972789115645
158.69680272108843
158.32782312925173
157.97326530612247
157.51462585034017
157.00081632653064
156.48938775510203
156.02224489795918
155.54857142857145
155.15795918367348
154.62945578231293
154.11224489795916
153.69006802721088
153.2870068027211
152.79231292517008
152.26285714285714
151.82503401360543
151.36761904761906
150.9918367346939
150.578231292517
150.0778911564626
149.53625850340137
149.1229931972789
148.68462585034015
148.18435374149658
147.6674829931973
147.29510204081632
146.87231292517006
146.36727891156463
145.87918367346938
145.4566666666667
145.01809523809524
144.51850340136053
143.96748299319728
143.50850340136057
143.11278911564625
142.70231292517005
142.283537414966
141.86843537414967
141.4243537414966
140.8204081632653
140.26360544217687
139.7972789115646
139.48142857142858
139.07999999999998
138.5408843537415
137.92891156462585
137.53238095238095
137.03292517006804
136.55503401360545
136.11489795918368
135.9891836734694
135.6718367346939
135.2979591836735
134.83496598639456
134.44360544217687
133.9987755102041
133.64503401360543
133.40530612244896
132.99013605442178
132.44544217687076
131.9731292517007
131.70687074829934
131.36455782312925
130.93278911564624
130.45353741496598
130.05687074829933
129.692925170068
129.36448979591836
128.98802721088435
128.60217687074828
128.23585034013607
127.89068027210885
127.57870748299321
127.20816326530613
126.90319727891156
126.5574149659864
126.2042857142857
125.81136054421769
125.42156462585035
125.0848299319728
124.57659863945578
124.15108843537416
123.75197278911565
123.49149659863944
123.06523809523809
122.7225850340136
122.37421768707485
121.96700680272109
121.49224489795918
121.11285714285714
120.77210884353741
120.408231292517
120.11775510204082
119.80333333333333
119.36231292517007
118.84244897959184
118.55564625850339
118.29639455782313
118.00761904761904
117.64687074829932
117.29959183673469
116.7843537414966
116.30299319727891
115.93081632653062
115.5726530612245
115.18734693877552
114.79251700680271
114.32741496598639
113.87455782312924
113.51102040816325
113.2700680272109
112.94591836734693
112.59714285714287
112.16734693877551
111.93040816326531
111.63333333333333
111.20380952380953
110.78795918367348
110.53387755102041
110.1395918367347
109.69469387755102
109.40034013605442
109.17775510204083
108.77482993197279
108.26598639455783
107.9578911564626
107.74578231292519
107.474693877551
107.0621768707483
106.76537414965986
106.40360544217688
105.96707482993197
105.58816326530612
105.21469387755103
104.82551020408165
104.38319727891157
104.12074829931973
103.80775510204082
103.52224489795918
103.08421768707483
102.74448979591838
102.41095238095238
102.16095238095238
101.70666666666666
101.32034013605443
101.04278911564626
100.81748299319727
100.57210884353742
100.28768707482993
99.92809523809524
99.48612244897959
99.19340136054421
98.9747619047619
98.59578231292518
98.27598639455782
97.97272108843539
97.6712925170068
97.21394557823129
96.95170068027213
96.78503401360544
96.49979591836734
96.16047619047619
95.92748299319727
95.63428571428571
95.14625850340136
94.77020408163266
94.54122448979592
94.31238095238095
94.03768707482993
93.79333333333334
93.62809523809523
93.48517006802722
93.41190476190476
93.18149659863946
92.84965986394558
92.49197278911565
92.34870748299319
92.20278911564625
91.98700680272108
91.62149659863945
91.25034013605443
90.86265306122449
90.62673469387755
90.5274149659864
90.28598639455782
89.98333333333333
89.68442176870748
89.56884353741498
89.31306122448979
89.16925170068028
88.97176870748301
88.7012925170068
88.39714285714285
88.28387755102042
88.20857142857143
87.95755102040816
87.6287074829932
87.43619047619048
87.34122448979592
87.11122448979592
86.79027210884354
86.64272108843538
86.60414965986395
86.48591836734695
86.30775510204083
86.21217687074831
86.08761904761906
85.98870748299319
85.73632653061225
85.55489795918369
85.36612244897961
85.2374149659864
85.10802721088436
85.01061224489796
84.861768707483
84.6031292517007
84.51469387755103
84.41530612244898
84.37374149659864
84.3447619047619
84.31877551020409
84.20367346938775
84.17823129251701
84.09408163265306
83.87721088435373
83.67959183673469
83.56149659863947
83.36687074829932
83.14000000000001
83.05748299319728
83.04068027210886
82.99836734693878
82.97047619047618
82.97360544217688
82.91789115646259
82.76904761904763
82.65775510204082
82.63149659863946
82.57428571428571
82.57183673469387
82.57272108843537
82.66557823129253
82.59319727891156
82.45585034013607
82.25993197278912
82.22448979591837
82.29972789115646
82.35816326530613
82.28224489795919
82.16850340136054
82.03095238095239
82.04775510204082
82.15034013605442
82.30591836734695
82.30061224489796
82.32401360544218
82.37170068027211
82.42755102040817
82.36721088435374
82.3061224489796
82.29442176870748
82.37965986394558
82.37700680272108
82.38421768707482
82.39809523809524
82.36938775510205
82.46408163265306
82.65367346938777
82.72836734693877
82.65523809523809
82.70340136054422
82.9482993197279
83.08312925170068
83.24244897959184
83.41673469387754
83.66544217687073
83.77272108843536
83.83755102040817
83.88074829931972
83.95231292517008
84.19605442176872
84.48088435374149
84.7704081632653
85.03333333333333
85.33442176870749
85.56612244897958
85.74809523809523
86.01843537414966
86.26986394557824
86.58578231292518
86.84619047619049
87.18809523809523
87.55897959183673
88.01952380952382
88.30755102040817
88.52285714285713
88.90102040816326
89.43122448979592
89.88197278911565
90.13666666666668
90.49585034013606
91.04272108843537
91.63102040816325
91.96605442176872
92.22285714285715
92.82353741496598
93.46462585034014
93.86659863945577
94.08768707482993
94.56408163265307
95.14238095238096
95.67843537414966
96.00659863945579
96.37598639455783
96.86278911564625
97.44081632653061
97.88727891156464
98.29904761904763
98.78877551020409
99.33340136054422
99.73714285714286
100.14734693877551
100.51782312925168
100.88585034013606
101.2282993197279
101.72489795918368
102.23585034013604
102.7856462585034
103.3391156462585
103.75170068027211
103.94653061224491
104.18455782312925
104.48986394557824
104.88557823129253
105.33027210884354
105.86020408163266
106.21333333333334
106.5043537414966
106.84238095238095
107.33625850340137
107.76231292517006
108.06938775510204
108.23938775510206
108.43170068027212
108.75965986394557
109.2112925170068
109.66863945578231
110.0625850340136
110.36414965986395
110.55442176870747
110.70598639455781
110.99775510204081
111.30278911564626
111.59632653061225
111.84557823129252
112.12904761904763
112.37020408163266
112.60401360544219
112.81544217687076
113.13333333333335
113.46285714285715
113.7604761904762
113.92326530612246
114.09979591836735
114.32074829931973
114.64857142857143
114.97537414965987
115.33959183673471
115.65108843537416
115.73380952380953
115.87156462585034
116.06945578231291
116.29374149659864
116.44102040816327
116.58945578231292
116.66204081632652
116.8070068027211
117.11591836734695
117.21925170068027
117.2495918367347
117.21537414965987
117.27163265306123
117.17149659863945
117.06639455782313
117.01925170068027
117.09
117.04333333333334
116.92108843537414
116.79986394557822
116.66952380952381
116.42938775510204
116.23244897959182
115.9291836734694
115.68251700680273
115.46190476190478
115.39768707482993
115.08448979591837
114.70020408163265
114.26517006802722
113.835306122449
113.41789115646259
113.1174149659864
112.78020408163266
112.28632653061226
111.89755102040816
111.66285714285715
111.32333333333334
110.76238095238097
110.20605442176871
109.75204081632654
109.50904761904762
109.07537414965986
108.67748299319729
108.14231292517007
107.72380952380954
107.24585034013607
106.91380952380952
106.5261904761905
106.25340136054422
105.83006802721088
105.28585034013607
104.61299319727891
104.1426530612245
103.79945578231292
103.60285714285715
103.3661224489796
102.9230612244898
102.45210884353743
101.95421768707484
101.47591836734694
101.05
100.80551020408164
100.5478231292517
100.1444217687075
99.7704081632653
99.41244897959184
99.00312925170068
98.65088435374152
98.42945578231291
98.13639455782314
97.88285714285715
97.61836734693878
97.25027210884355
96.81897959183674
96.58551020408163
96.38482993197279
96.07931972789116
95.77088435374151
95.46353741496598
95.17421768707484
94.87040816326531
94.4621768707483
94.19197278911565
93.97068027210884
93.79972789115646
93.47006802721089
93.18047619047618
92.79190476190476
92.50319727891157
92.16836734693878
91.93047619047618
91.70054421768708
91.45802721088435
91.10673469387757
90.85789115646259
90.71333333333334
90.49632653061225
90.12891156462587
89.81530612244899
89.72
89.73074829931971
89.50231292517006
89.27673469387756
89.13632653061225
89.02149659863946
88.91748299319728
88.77469387755102
88.68931972789116
88.57979591836735
88.52244897959184
88.22734693877551
88.0678911564626
87.99442176870748
87.98149659863945
87.81074829931973
87.70136054421769
87.55727891156462
87.41367346938776
87.3304081632653
87.29346938775511
87.29755102040816
87.29659863945578
87.30789115646259
87.27727891156462
87.18843537414966
87.15421768707483
87.06013605442176
87.0670068027211
87.00210884353741
87.01666666666667
87.01333333333334
87.05625850340135
86.99877551020408
87.02659863945578
86.96816326530613
86.9265306122449
86.97442176870749
87.1591156462585
87.23993197278912
87.29190476190476
87.3178231292517
87.28006802721089
87.22374149659863
87.23285714285714
87.28367346938776
87.37102040816328
87.42557823129252
87.51945578231292
87.60503401360543
87.73333333333333
87.83680272108845
87.9929931972789
88.08496598639456
88.21911564625852
88.32170068027212
88.46829931972789
88.66149659863945
88.94687074829932
89.1312925170068
89.21326530612245
89.23408163265304
89.39551020408163
89.65904761904761
89.87605442176871
89.94544217687076
90.06795918367347
90.30421768707484
90.54897959183674
90.71591836734694
90.81204081632653
90.88231292517007
90.98054421768708
91.14401360544217
91.31517006802721
91.43510204081633
91.56455782312925
91.7017006802721
91.80136054421769
91.85748299319728
92.02544217687074
92.24802721088435
92.43489795918367
92.59979591836733
92.76149659863947
92.79884353741497
92.85972789115647
92.99530612244898
93.1983673469388
93.44285714285715
93.77340136054423
93.96462585034013
94.19204081632654
94.47721088435375
94.7430612244898
94.84884353741498
95.10149659863946
95.31068027210884
95.49653061224491
95.69469387755102
96.00551020408163
96.17619047619047
96.2447619047619
96.35170068027212
96.42986394557823
96.6461224489796
96.79401360544217
96.96414965986395
97.00455782312926
97.04578231292517
97.07102040816328
97.1325850340136
97.4374149659864
97.72414965986395
97.94843537414967
97.97285714285715
98.08850340136055
98.33142857142857
98.64904761904762
98.8330612244898
98.98292517006803
99.13244897959184
99.36455782312925
99.53911564625851
99.78251700680272
99.98687074829931
100.1425850340136
100.19884353741497
100.3239455782313
100.59374149659862
100.91897959183673
101.19993197278912
101.40074829931974
101.51340136054422
101.74108843537417
102.10040816326531
102.46360544217688
102.71428571428571
103.16687074829932
103.7404761904762
104.02204081632652
104.26836734693877
104.5538775510204
104.97428571428573
105.30374149659865
105.78884353741496
106.29374149659864
106.69734693877551
107.13074829931973
107.57231292517007
108.20333333333333
108.92727891156463
109.57306122448979
110.05149659863945
110.55176870748299
111.36380952380952
112.14707482993197
113.15551020408164
114.19952380952381
115.38387755102042
116.58108843537416
117.8243537414966
119.173537414966
120.57462585034014
122.08557823129252
123.54312925170069
125.15571428571428
126.76183673469389
128.28591836734694
129.86278911564625
131.4393197278912
132.88530612244898
133.9161224489796
134.6312925170068
135.26156462585033
135.7342857142857
136.03115646258505
136.14557823129252
136.27367346938777
136.49666666666667
136.79802721088436
136.96863945578232
136.96081632653062
136.95551020408163
137.0094557823129
137.09673469387755
137.24877551020407
137.3408843537415
137.43891156462587
137.56217687074832
137.70020408163265
137.84707482993196
137.83374149659863
137.7714965986395
137.5070068027211
137.29448979591837
137.16210884353742
137.0800680272109
136.90122448979594
136.85469387755103
136.95190476190476
136.9959863945578
137.07149659863944
137.30891156462587
137.4287755102041
137.51945578231292
137.65129251700682
137.78571428571428
137.73585034013604
137.71897959183676
137.58605442176872
137.2230612244898
136.64374149659864
135.98489795918368
135.16190476190476
134.38857142857142
133.8139455782313
133.19897959183675
132.24904761904764
131.1071428571429
129.7361224489796
128.01659863945576
125.8587074829932
123.64639455782313
121.42557823129252
119.52142857142857
117.82972789115648
116.23639455782313
114.29680272108844
112.24462585034013
110.35761904761905
108.71340136054422
107.20054421768707
105.67081632653061
104.01578231292518
102.37108843537415
100.84673469387755
99.34530612244897
97.73142857142858
96.15326530612245
94.90591836734694
93.76557823129252
92.52687074829933
91.06680272108844
89.57612244897959
88.33360544217688
87.15761904761905
86.03965986394559
84.61428571428573
83.09074829931973
81.6734013605442
80.35687074829933
79.18585034013606
77.99380952380952
77.03061224489797
76.11802721088435
75.46809523809526
75.03102040816327
74.67925170068028
73.94857142857143
73.03578231292518
71.86761904761906
70.63020408163266
69.1922448979592
67.7574149659864
65.89251700680273
64.1000680272109
62.35312925170062
60.42540816326523
