134.64755102040812
134.8550340136053
134.9995918367347
135.03931972789115
134.9843537414966
134.86639455782313
134.71721088435373
134.67544217687075
134.72625850340137
134.7925850340136
134.8676190476191
134.7103401360544
134.38034013605443
134.06496598639455
133.83401360544218
133.60523809523812
133.56380952380954
133.74278911564627
133.88380952380953
133.9204081632653
133.73122448979592
133.46231292517007
133.27666666666667
133.16183673469388
133.02945578231294
132.96863945578232
133.01904761904763
133.05149659863946
133.03217687074832
133.0291156462585
132.99387755102043
132.99462585034016
132.99972789115645
133.0183673469388
132.81136054421768
132.69244897959186
132.4522448979592
132.25829931972788
131.98802721088435
132.0956462585034
132.2348299319728
132.52979591836737
132.76503401360543
132.8860544217687
132.8405442176871
132.7891156462585
132.70061224489794
132.6591156462585
132.65802721088437
132.62986394557822
132.44374149659865
132.4374149659864
132.49326530612245
132.59129251700682
132.5431292517007
132.65979591836737
132.7339455782313
132.80102040816325
132.8286394557823
132.91102040816327
132.89013605442176
132.82945578231292
132.85646258503402
132.92462585034014
132.93380952380951
132.85931972789115
132.79965986394558
132.87707482993198
132.91850340136054
132.8717006802721
132.7091836734694
132.5938775510204
132.62489795918367
132.79462585034014
132.9331292517007
133.02789115646257
133.1177551020408
133.11625850340135
133.05748299319728
133.1429931972789
133.2248299319728
133.0412925170068
132.7440136054422
132.73707482993197
132.84721088435373
132.80238095238093
132.70938775510206
132.69591836734696
132.74693877551022
132.9061224489796
133.04530612244895
133.0000680272109
133.00136054421768
133.1648979591837
133.29877551020408
133.15857142857143
133.0595918367347
132.9973469387755
133.01068027210886
133.0212925170068
133.20632653061227
133.37367346938777
133.3991156462585
133.44197278911565
133.54170068027213
133.64469387755105
133.7991156462585
134.0873469387755
134.40027210884352
134.7755782312925
135.23115646258503
135.57598639455784
135.83435374149659
136.09598639455783
136.4012244897959
136.6273469387755
136.84727891156462
137.14612244897958
137.48918367346937
137.91544217687076
138.27020408163267
138.68421768707483
139.01380952380953
139.44251700680272
139.80721088435374
140.05693877551022
140.23238095238096
140.42285714285714
140.60034013605443
140.79
141.04571428571427
141.29714285714286
141.50462585034015
141.68210884353743
141.87639455782315
142.2505442176871
142.67666666666668
143.0578231292517
143.47802721088436
143.88829931972788
144.2493197278912
144.62510204081633
145.2200680272109
145.74034013605444
146.1434013605442
146.5168707482993
147.03714285714287
147.57721088435375
148.03591836734694
148.50843537414966
149.03938775510204
149.66210884353742
150.1083673469388
150.39836734693878
150.58292517006805
151.01496598639454
151.54088435374152
152.13408163265308
152.68013605442178
153.18959183673468
153.6736054421769
154.2338775510204
154.9463945578231
155.64993197278915
156.29000000000002
157.07945578231295
157.95496598639457
158.8939455782313
159.6327891156463
160.46455782312927
161.22625850340137
162.068843537415
162.79761904761904
163.6981632653061
164.59863945578232
165.55585034013606
166.4391156462585
167.44659863945577
168.56544217687076
169.70993197278912
170.77537414965988
171.95544217687075
173.2612925170068
174.7434693877551
176.12734693877553
177.58251700680273
179.03448979591838
180.59809523809525
182.10578231292516
183.55190476190475
184.97197278911565
186.30863945578233
187.53095238095239
188.72768707482993
189.96721088435373
191.1869387755102
192.30585034013606
193.53687074829935
194.67387755102044
195.72795918367348
196.74714285714285
197.8721768707483
198.89326530612243
199.93517006802722
200.86755102040814
201.8226530612245
202.70891156462585
203.67857142857144
204.4434013605442
205.29013605442177
206.07761904761907
206.87462585034015
207.55843537414964
208.36176870748298
209.11115646258506
209.82544217687075
210.50061224489798
211.14469387755102
211.66727891156464
212.2287755102041
212.81068027210887
213.3321768707483
213.76904761904763
214.2489795918367
214.67503401360548
215.0425850340136
215.4004081632653
215.77469387755102
216.12979591836736
216.425306122449
216.67979591836735
216.82054421768703
217.00068027210884
217.22863945578231
217.44312925170067
217.5325170068027
217.58673469387756
217.64843537414967
217.65714285714287
217.64408163265307
217.64829931972787
217.61265306122448
217.51510204081632
217.3784353741497
217.2114285714286
216.9121768707483
216.62598639455783
216.39238095238096
216.17857142857142
215.86
215.46938775510205
215.0500680272109
214.62360544217688
214.1890476190476
213.77612244897958
213.37489795918367
212.95408163265307
212.44904761904763
211.84802721088437
211.29537414965986
210.77897959183673
210.1865306122449
209.50136054421768
208.84244897959186
208.24993197278914
207.5690476190476
206.93149659863946
206.26959183673472
205.56768707482996
204.8473469387755
204.21231292517007
203.52605442176872
202.8621768707483
202.2103401360544
201.60006802721085
200.8595238095238
200.13979591836738
199.39489795918368
198.8268707482993
198.2397278911565
197.677074829932
197.02585034013606
196.38489795918366
195.7570068027211
195.33605442176872
194.95823129251698
194.46707482993196
193.94591836734693
193.54244897959185
193.0978231292517
192.64829931972787
192.31428571428572
192.10945578231292
191.7871428571429
191.53163265306125
191.24333333333334
190.9290476190476
190.5826530612245
190.50285714285718
190.438231292517
190.27510204081636
190.06
189.87795918367348
189.81632653061223
189.71782312925168
189.64938775510205
189.51537414965986
189.43068027210884
189.4148299319728
189.50115646258507
189.54823129251702
189.55598639455783
189.6400680272109
189.795306122449
189.99884353741496
190.1856462585034
190.29503401360546
190.44496598639455
190.62918367346938
190.81238095238095
190.94190476190474
191.10183673469388
191.1844897959184
191.2604081632653
191.41197278911562
191.62918367346936
191.79721088435372
191.86802721088435
191.96367346938774
192.09537414965988
192.3065306122449
192.5214285714286
192.73707482993197
192.8647619047619
193.0014285714286
193.0609523809524
193.17734693877554
193.27047619047622
193.3730612244898
193.441768707483
193.49054421768707
193.58673469387753
193.70000000000002
193.93775510204082
194.00149659863945
194.02632653061227
194.03775510204082
194.13462585034014
194.23217687074828
194.2339455782313
194.29816326530613
194.33619047619044
194.42585034013604
194.3629931972789
194.41836734693877
194.4445578231293
194.49598639455783
194.5043537414966
194.59333333333333
194.57931972789115
194.5926530612245
194.6360544217687
194.68170068027214
194.5895918367347
194.49217687074832
194.40591836734694
194.4960544217687
194.54000000000002
194.60809523809525
194.66081632653064
194.70156462585035
194.6374829931973
194.5984353741497
194.5361224489796
194.4272789115646
194.3774149659864
194.3982993197279
194.38292517006803
194.37755102040816
194.3822448979592
194.3555782312925
194.27251700680273
194.21639455782312
194.22088435374152
194.16938775510204
194.11659863945576
194.09115646258502
194.02496598639453
193.87027210884352
193.77809523809523
193.7995918367347
193.8898639455782
193.86122448979592
193.73102040816326
193.50931972789115
193.41455782312926
193.30557823129254
193.28625850340137
193.22564625850342
193.21829931972786
193.14931972789117
193.06496598639455
192.9744217687075
192.89013605442176
192.75551020408162
192.5943537414966
192.41027210884351
192.27979591836734
192.16632653061225
192.10510204081635
192.0204761904762
191.92979591836735
191.74551020408165
191.55353741496597
191.50469387755103
191.5072789115646
191.3891836734694
191.18074829931976
191.02210884353744
190.88129251700678
190.68714285714287
190.46326530612245
190.32353741496598
190.23782312925172
190.14034013605442
189.9340136054422
189.73142857142858
189.55789115646257
189.37544217687076
189.16877551020409
188.9790476190476
188.852925170068
188.69585034013608
188.52340136054426
188.3204081632653
188.12367346938777
187.97272108843538
187.8426530612245
187.63462585034014
187.37462585034015
187.16197278911565
186.95299319727891
186.6549659863946
186.42741496598637
186.2848299319728
186.14129251700683
185.86503401360545
185.5868707482993
185.4187755102041
185.37959183673473
185.1625850340136
184.77115646258503
184.42863945578233
184.1421768707483
183.81340136054422
183.50891156462586
183.3495918367347
183.1531292517007
182.94251700680272
182.7108843537415
182.39557823129252
181.98374149659864
181.6986394557823
181.45551020408163
181.17598639455784
180.7982993197279
180.48367346938778
180.1665986394558
179.84795918367348
179.4586394557823
179.10163265306122
178.81761904761905
178.5687755102041
178.32006802721088
178.03591836734694
177.7252380952381
177.42673469387753
177.10748299319727
176.72346938775507
176.36891156462585
176.14931972789117
175.78619047619046
175.31401360544217
174.8865306122449
174.60802721088436
174.25251700680272
173.85163265306122
173.56938775510204
173.24496598639456
172.9131292517007
172.54625850340136
172.223537414966
171.90666666666667
171.56585034013608
171.18074829931973
170.72197278911565
170.35380952380953
169.9701360544218
169.67496598639457
169.393537414966
169.04591836734696
168.5878911564626
168.13714285714286
167.79095238095238
167.52006802721087
167.19734693877552
166.85510204081635
166.48979591836735
166.09367346938777
165.6882993197279
165.3997278911565
165.123537414966
164.69802721088436
164.23224489795916
163.82646258503402
163.45999999999998
163.09108843537416
162.7004081632653
162.32687074829934
161.9300680272109
161.5595918367347
161.1221768707483
160.68408163265306
160.35210884353742
160.0630612244898
159.63931972789118
159.12040816326532
158.71571428571428
158.42836734693878
158.1061224489796
157.58836734693878
157.03503401360547
156.54469387755103
156.16687074829932
155.77925170068028
155.36795918367346
154.90816326530611
154.39707482993197
153.91448979591837
153.38414965986397
152.96625850340138
152.55836734693878
152.12544217687076
151.63945578231292
151.16387755102042
150.68326530612245
150.23462585034014
149.82034013605443
149.38530612244898
148.82938775510206
148.34632653061226
147.86673469387756
147.4052380952381
146.876462585034
146.39204081632653
145.94782312925167
145.4403401360544
144.91108843537415
144.4378231292517
144.00836734693877
143.5539455782313
143.00986394557822
142.53285714285713
142.11673469387756
141.74360544217686
141.14353741496598
140.5955782312925
140.0076870748299
139.5661224489796
139.07115646258504
138.65496598639453
138.11959183673468
137.57129251700684
137.10496598639457
136.64904761904762
136.19673469387754
135.64884353741496
135.20598639455784
134.72761904761904
134.17897959183674
133.65748299319728
133.22585034013605
132.8286394557823
132.42054421768705
131.96931972789116
131.39095238095237
130.7334013605442
130.33489795918365
130.03224489795917
129.61904761904765
129.0762585034014
128.64122448979592
128.29904761904763
127.89510204081633
127.54074829931973
127.13163265306123
126.61918367346938
126.0634693877551
125.55931972789116
125.14292517006803
124.70775510204084
124.25646258503403
123.69571428571429
123.20367346938777
122.84625850340136
122.42489795918367
121.86537414965987
121.39891156462586
121.08292517006802
120.62224489795918
120.13693877551022
119.74646258503401
119.3669387755102
118.97122448979593
118.62952380952382
118.30074829931974
117.83897959183673
117.35680272108844
116.8551700680272
116.37551020408162
116.00823129251701
115.6304081632653
115.2031292517007
114.78714285714287
114.43102040816328
113.97489795918368
113.50074829931974
113.11408163265307
112.73843537414967
112.27925170068028
111.86238095238095
111.48857142857143
111.14108843537417
110.76435374149659
110.41401360544218
109.96510204081633
109.5778911564626
109.13789115646259
108.77537414965985
108.35768707482993
108.05115646258504
107.72605442176872
107.30163265306123
106.89061224489795
106.47027210884355
106.00462585034015
105.47027210884353
105.14469387755102
104.86265306122449
104.37081632653062
103.88176870748299
103.53659863945578
103.2525850340136
102.81707482993197
102.35564625850341
101.95530612244897
101.63503401360545
101.30442176870748
100.95775510204082
100.62591836734693
100.248231292517
99.85503401360545
99.38802721088436
98.9504761904762
98.56278911564627
98.2730612244898
97.90176870748299
97.60809523809522
97.39517006802723
97.17625850340137
96.82455782312925
96.4243537414966
96.08421768707484
95.74544217687075
95.29292517006803
94.76278911564626
94.30340136054423
93.99632653061224
93.69918367346938
93.3639455782313
92.97632653061223
92.56816326530613
92.21244897959184
91.82850340136054
91.55530612244898
91.19068027210884
90.86639455782314
90.54272108843537
90.34843537414966
89.9838775510204
89.57673469387754
89.18809523809523
88.87258503401361
88.5121768707483
88.13319727891157
87.72795918367348
87.45911564625851
87.30768707482994
86.99278911564626
86.6530612244898
86.41088435374151
86.22530612244898
85.81605442176871
85.4456462585034
85.2482993197279
84.97122448979593
84.47639455782311
84.0787074829932
83.96428571428572
83.79632653061225
83.50965986394559
83.21013605442177
82.95428571428573
82.66714285714286
82.39911564625851
82.1787074829932
81.94850340136054
81.70802721088435
81.54714285714286
81.56367346938777
81.37761904761906
81.00530612244899
80.64122448979592
80.38809523809525
80.08789115646258
79.88238095238096
79.59517006802722
79.37503401360546
79.16517006802721
79.03625850340137
78.74401360544218
78.54537414965986
78.356462585034
78.11
77.8030612244898
77.55503401360545
77.43142857142857
77.3361224489796
77.16210884353742
76.99761904761905
76.84918367346938
76.69204081632654
76.4782993197279
76.38714285714286
76.22557823129252
76.02775510204083
75.80183673469388
75.69578231292516
75.52863945578233
75.38006802721088
75.27612244897959
75.15714285714286
74.93142857142857
74.7274149659864
74.57877551020408
74.4100680272109
74.25891156462586
74.13816326530612
74.08517006802721
73.9008843537415
73.87095238095239
73.76775510204082
73.75503401360545
73.5795238095238
73.49210884353741
73.27761904761905
73.0339455782313
72.88986394557823
72.7048299319728
72.53952380952381
72.36775510204082
72.4248299319728
72.39659863945579
72.3365306122449
72.24210884353742
72.1742857142857
72.03761904761905
71.91108843537415
71.92163265306124
71.94421768707483
71.93857142857144
71.85299319727892
71.88326530612244
71.82068027210883
71.76530612244898
71.64489795918368
71.58503401360545
71.50680272108843
71.49938775510203
71.46333333333334
71.41374149659865
71.26027210884354
71.2743537414966
71.31204081632654
71.39013605442179
71.28925170068027
71.23503401360546
71.21136054421768
71.31734693877551
71.41176870748299
71.36034013605442
71.28074829931973
71.3257142857143
71.3891156462585
71.43544217687075
71.35578231292519
71.33074829931974
71.28224489795919
71.3721768707483
71.44537414965986
71.5230612244898
71.62244897959184
71.74496598639456
71.91374149659863
71.86428571428571
71.91319727891157
72.08639455782314
72.23258503401361
72.13034013605443
72.11639455782313
72.23605442176871
72.3543537414966
72.58775510204082
72.90659863945578
73.21272108843539
73.30884353741497
73.4708843537415
73.51238095238097
73.62666666666667
73.85843537414965
74.17850340136054
74.40374149659864
74.67353741496598
75.0091836734694
75.21727891156462
75.40911564625851
75.72544217687076
76.10224489795918
76.36537414965987
76.66972789115647
76.99537414965985
77.28102040816326
77.59421768707483
78.02721088435375
78.44591836734695
78.82761904761904
79.14455782312926
79.46632653061226
79.83299319727891
80.28734693877551
80.60360544217687
80.9904081632653
81.52680272108844
82.02666666666667
82.34034013605444
82.6313605442177
83.04156462585034
83.47224489795919
83.91428571428573
84.31891156462586
84.63639455782314
84.95006802721088
85.34666666666666
85.77646258503401
86.15687074829933
86.54482993197279
86.95836734693877
87.33857142857144
87.75639455782313
88.17666666666668
88.48673469387755
88.79081632653062
89.09006802721089
89.50442176870749
89.89619047619048
90.30285714285714
90.61244897959183
91.0934693877551
91.4991156462585
91.92938775510204
92.09163265306123
92.37265306122448
92.64755102040816
92.95721088435374
93.10428571428571
93.41585034013605
93.93748299319729
94.32687074829933
94.55557823129253
94.676462585034
94.95231292517006
95.30013605442177
95.70843537414967
95.95312925170069
96.1682993197279
96.45857142857143
96.83122448979591
97.17027210884353
97.39034013605442
97.64149659863946
97.90251700680273
98.14761904761906
98.3534693877551
98.60687074829933
98.87326530612245
99.11394557823131
99.3674149659864
99.72619047619048
100.1221768707483
100.40925170068027
100.54571428571428
100.73027210884354
100.88115646258504
101.05714285714285
101.22319727891157
101.4530612244898
101.73340136054422
101.92680272108844
102.10136054421768
102.14598639455784
102.22081632653062
102.17088435374151
102.26891156462585
102.31442176870748
102.35775510204083
102.33646258503401
102.2026530612245
102.09938775510204
102.04496598639457
101.93095238095236
101.66462585034013
101.51666666666668
101.44639455782314
101.18802721088437
100.93680272108844
100.68319727891156
100.4861224489796
100.29530612244898
100.14891156462586
99.74367346938776
99.26496598639457
98.94945578231292
98.62285714285714
98.19598639455785
97.84068027210887
97.56619047619049
97.11897959183673
96.63394557823129
96.19836734693877
95.7243537414966
95.20911564625851
94.801768707483
94.51374149659866
94.07993197278913
93.58897959183675
93.23591836734693
92.93136054421768
92.47251700680272
92.0543537414966
91.74319727891157
91.38176870748299
90.90380952380953
90.4691156462585
89.98122448979592
89.52258503401362
89.1161224489796
88.79149659863947
88.51503401360546
88.19006802721088
87.78659863945578
87.36197278911564
86.99299319727892
86.60666666666668
86.16190476190476
85.80734693877551
85.55836734693878
85.43782312925171
85.17006802721087
84.84551020408162
84.47108843537414
84.16619047619048
83.79095238095238
83.50578231292518
83.30183673469388
83.14421768707481
82.88578231292519
82.57408163265306
82.24673469387756
81.88707482993198
81.62326530612245
81.36408163265307
81.06557823129253
80.81272108843538
80.66700680272109
80.37666666666667
79.98428571428572
79.63755102040815
79.4221768707483
79.11925170068028
78.74829931972789
78.45408163265306
78.33863945578233
78.18625850340136
77.90496598639456
77.58027210884356
77.38149659863946
77.14625850340136
76.97013605442177
76.83312925170068
76.74503401360545
76.41428571428571
76.15306122448979
76.07496598639456
76.05346938775511
75.87517006802722
75.74149659863946
75.69673469387756
75.70646258503402
75.56027210884355
75.33700680272109
75.171768707483
75.15428571428572
75.04857142857142
74.92945578231294
74.92061224489797
74.86115646258506
74.69911564625852
74.55380952380952
74.5508843537415
74.48755102040816
74.42544217687075
74.26061224489796
74.24414965986394
74.29299319727892
74.3412925170068
74.2826530612245
74.24829931972789
74.21265306122449
74.22428571428571
74.24557823129251
74.16292517006802
74.04408163265305
73.96802721088434
74.0387074829932
74.0952380952381
74.1617006802721
74.10680272108843
74.07537414965986
74.12707482993197
74.21115646258504
74.29986394557824
74.3265306122449
74.33006802721088
74.33496598639456
74.43857142857144
74.63013605442177
74.78659863945579
74.77605442176872
74.69163265306122
74.6878911564626
74.92061224489795
75.00170068027211
75.08755102040817
75.19469387755103
75.40027210884352
75.46925170068027
75.51503401360543
75.6439455782313
75.8991836734694
76.10251700680271
76.17476190476191
76.33918367346938
76.49748299319728
76.63360544217687
76.77414965986395
76.96639455782314
77.10408163265306
77.30170068027212
77.51183673469389
77.65496598639456
77.81619047619047
77.97340136054422
78.11503401360545
78.18476190476193
78.25170068027211
78.35748299319728
78.58448979591837
78.788231292517
78.94333333333333
79.07210884353742
79.26557823129252
79.3630612244898
79.33789115646259
79.31619047619047
79.58673469387756
79.92755102040817
80.1565306122449
80.18551020408164
80.34836734693877
80.47238095238096
80.75891156462586
80.95925170068027
81.26401360544219
81.54843537414965
81.78748299319727
81.96891156462586
82.0634693877551
82.248231292517
82.4343537414966
82.79340136054421
83.02333333333334
83.14163265306124
83.31666666666668
83.5526530612245
83.74469387755101
83.83380952380952
83.97993197278912
84.17380952380952
84.2795918367347
84.33224489795919
84.39299319727891
84.40986394557822
84.47149659863945
84.68857142857144
85.00829931972788
85.24931972789116
85.33646258503401
85.48775510204081
85.68632653061225
85.99108843537415
86.18571428571428
86.39278911564627
86.45006802721089
86.65659863945578
86.91761904761904
87.19074829931972
87.35877551020408
87.54469387755103
87.6465306122449
87.77993197278911
88.05537414965985
88.28394557823131
88.53340136054423
88.91387755102042
89.1995918367347
89.47918367346938
89.84632653061226
90.35591836734694
90.58755102040817
91.04836734693878
91.43278911564626
91.78925170068028
91.93272108843536
92.47938775510205
92.98925170068028
93.4396598639456
93.88217687074831
94.44850340136054
95.05578231292517
95.47408163265307
95.96292517006803
96.61176870748298
97.35510204081632
98.10469387755101
98.69408163265307
99.42979591836735
100.20925170068028
101.17034013605442
102.1709523809524
103.21448979591837
104.39741496598639
105.57197278911565
106.91789115646259
108.4551700680272
110.21081632653062
111.92102040816329
113.59721088435374
115.37360544217688
117.27054421768707
119.08176870748301
120.87040816326532
122.56108843537415
124.10707482993197
125.40748299319729
126.28591836734694
126.7778231292517
127.06197278911566
127.30367346938777
127.42265306122451
127.54122448979592
127.8247619047619
128.18503401360545
128.601768707483
128.95544217687075
129.1081632653061
129.1108843537415
129.17585034013604
129.38925170068026
129.60646258503402
129.94938775510204
130.17795918367347
130.5904081632653
131.0314285714286
131.5186394557823
131.70782312925172
131.98367346938775
132.37850340136055
132.7752380952381
133.0097959183674
132.94986394557824
132.76904761904763
132.70904761904762
132.88210884353742
133.2421768707483
133.7169387755102
134.01578231292518
134.1274149659864
134.34816326530614
134.56251700680275
134.72891156462583
134.7016326530612
134.4231292517007
133.91986394557824
133.4355782312925
133.02639455782315
132.43911564625853
131.9934693877551
131.5378231292517
131.13149659863944
130.2960544217687
128.9720408163265
127.13755102040817
125.10013605442177
122.68863945578231
119.94877551020409
117.29938775510205
115.05993197278912
112.95816326530613
110.80387755102042
108.60251700680271
106.51727891156463
104.5269387755102
102.74421768707484
100.93326530612245
99.12993197278912
97.19897959183675
95.48870748299319
93.69095238095238
91.99272108843539
90.16809523809525
88.57496598639456
87.17503401360545
85.81278911564627
84.44231292517007
82.92571428571429
81.52537414965985
80.16374149659865
78.93040816326531
77.49394557823129
76.03292517006803
74.60122448979592
73.25585034013605
71.92081632653063
70.88768707482994
69.91210884353742
68.99040816326531
68.04469387755103
67.4448299319728
67.03136054421769
66.75891156462586
66.21482993197279
65.54537414965986
64.51108843537415
63.643265306122444
62.361428571428576
60.90809523809524
59.151156462585035
57.609795918367354
55.938707482993145
54.354013605442134
