146.10023809523807
146.56333333333325
146.64666666666668
146.80435374149658
147.0622448979592
147.16897959183672
147.02700680272108
147.0174829931973
147.18414965986398
147.3165306122449
147.2609523809524
147.0156462585034
146.69326530612244
146.39190476190475
146.31959183673467
146.33707482993196
146.3996598639456
146.4056462585034
146.40292517006804
146.38802721088436
146.37367346938777
146.27646258503404
146.10408163265305
145.91775510204081
145.86102040816328
145.82210884353742
145.84414965986394
145.8297278911565
145.78482993197278
145.7200680272109
145.78428571428572
145.83585034013606
145.81782312925168
145.73591836734693
145.73850340136053
145.6469387755102
145.45795918367347
145.21149659863946
145.11544217687074
145.17897959183674
145.40367346938777
145.45979591836738
145.43612244897957
145.45414965986393
145.6473469387755
145.57809523809524
145.35455782312926
145.1887755102041
145.22421768707483
145.25918367346938
145.25823129251702
145.29244897959185
145.31027210884355
145.2986394557823
145.24625850340135
145.40782312925168
145.5990476190476
145.76510204081634
145.80156462585035
145.8378231292517
145.8256462585034
145.79551020408164
145.73714285714289
145.82666666666668
145.88163265306122
145.84455782312926
145.76544217687075
145.83578231292518
145.89387755102044
145.83020408163264
145.69979591836733
145.55170068027212
145.54387755102042
145.59244897959184
145.7669387755102
145.90489795918367
146.03469387755104
146.043537414966
146.14156462585035
146.0808163265306
146.05265306122448
145.97761904761904
146.01006802721088
145.9734693877551
145.92809523809524
145.80285714285714
145.78238095238095
145.91938775510206
146.07469387755103
146.13795918367347
146.1713605442177
146.20183673469387
146.29544217687075
146.41945578231292
146.48877551020408
146.38442176870748
146.2721768707483
146.28122448979593
146.30986394557823
146.41414965986394
146.51619047619047
146.67870748299322
146.74455782312924
146.8709523809524
146.9774829931973
147.07537414965986
147.21884353741495
147.52530612244897
147.90074829931973
148.23666666666668
148.50503401360544
148.79292517006803
149.07632653061225
149.45333333333335
149.7407482993197
149.91673469387757
150.05802721088438
150.4373469387755
150.81714285714284
151.17380952380952
151.57034013605443
152.09074829931973
152.6951700680272
153.11931972789117
153.4157823129252
153.55142857142857
153.90632653061223
154.11469387755102
154.33809523809524
154.5043537414966
154.83632653061227
155.0548299319728
155.32306122448978
155.50598639455782
155.91693877551023
156.39891156462588
156.89544217687074
157.23102040816326
157.7056462585034
158.16809523809525
158.7083673469388
159.29789115646258
159.95088435374151
160.42768707482992
160.91244897959183
161.4126530612245
162.06646258503403
162.73054421768708
163.43333333333334
163.99632653061227
164.53367346938776
165.17897959183674
165.89714285714285
166.5539455782313
167.00938775510204
167.45884353741496
167.93408163265306
168.53925170068027
169.21054421768707
169.92877551020408
170.526462585034
171.1474149659864
171.84897959183672
172.76469387755105
173.70374149659864
174.6748299319728
175.55693877551022
176.54666666666668
177.4696598639456
178.40020408163267
179.33693877551022
180.4065986394558
181.41204081632657
182.4201360544218
183.40687074829935
184.50972789115647
185.48571428571427
186.5029931972789
187.58625850340135
188.74938775510202
189.76673469387757
190.85897959183674
191.92578231292518
193.0055782312925
194.0110204081633
195.13000000000002
196.18
197.14374149659864
198.0283673469388
199.03911564625855
200.06258503401358
200.99857142857144
201.8710884353742
202.87625850340137
203.78095238095239
204.65809523809523
205.39938775510205
206.3712925170068
207.26469387755103
208.11380952380952
208.792380952381
209.65482993197276
210.4152380952381
211.1195238095238
211.74755102040817
212.53476190476192
213.34462585034015
214.09333333333333
214.69523809523807
215.2362585034014
215.76020408163265
216.32659863945577
216.84367346938777
217.32061224489797
217.79149659863947
218.2909523809524
218.7226530612245
219.1160544217687
219.55197278911564
219.97448979591837
220.35095238095238
220.73353741496598
221.03285714285713
221.28353741496602
221.49863945578232
221.79625850340136
222.0247619047619
222.2051020408163
222.30455782312924
222.49972789115645
222.8134693877551
223.01700680272108
223.0931292517007
223.0812925170068
223.15319727891156
223.24142857142857
223.30102040816328
223.2308843537415
223.14918367346937
223.1430612244898
223.08027210884353
222.9457823129252
222.8234013605442
222.6738095238095
222.43884353741498
222.1625850340136
221.95238095238096
221.691156462585
221.43904761904764
221.13761904761904
220.87945578231296
220.6061224489796
220.28265306122452
219.84510204081633
219.38714285714286
218.9961904761905
218.68782312925168
218.33074829931974
217.85224489795917
217.35503401360546
216.95197278911564
216.47632653061225
215.9738775510204
215.45074829931974
214.9373469387755
214.378231292517
213.91244897959183
213.38027210884354
212.753537414966
212.11775510204086
211.55952380952382
211.1278231292517
210.7087074829932
210.17006802721087
209.52462585034016
208.9004081632653
208.36843537414967
207.79557823129252
207.32
206.8577551020408
206.32340136054424
205.76292517006803
205.28163265306125
204.82673469387757
204.38204081632654
203.97244897959183
203.54700680272109
203.1244217687075
202.7761224489796
202.43326530612245
202.04564625850338
201.67721088435374
201.36741496598637
201.07401360544216
200.80809523809523
200.54768707482992
200.3122448979592
200.06673469387755
199.91625850340134
199.7869387755102
199.60551020408164
199.44319727891155
199.3344897959184
199.14707482993197
198.91020408163268
198.86965986394557
198.86034013605442
198.78591836734694
198.7208843537415
198.72836734693877
198.7069387755102
198.66517006802724
198.7562585034014
198.86197278911567
198.99333333333334
199.07142857142856
199.11761904761906
199.15401360544217
199.23870748299322
199.41455782312926
199.59136054421768
199.72061224489798
199.78163265306122
199.86170068027212
199.95578231292518
200.08054421768708
200.22360544217688
200.35197278911562
200.42619047619047
200.4526530612245
200.51149659863944
200.59544217687073
200.76571428571427
200.88326530612244
200.94040816326532
201.01496598639454
201.01197278911565
201.0008843537415
200.98897959183674
201.07768707482995
201.1265986394558
201.16945578231292
201.27809523809526
201.39326530612246
201.46639455782315
201.41108843537415
201.4308843537415
201.48802721088435
201.56659863945578
201.60074829931972
201.64687074829934
201.63163265306125
201.62462585034012
201.63884353741497
201.64823129251698
201.62965986394562
201.6129931972789
201.6422448979592
201.7095918367347
201.70163265306124
201.73877551020408
201.75027210884355
201.75510204081633
201.67911564625854
201.6944217687075
201.61904761904765
201.53979591836736
201.4987074829932
201.57163265306124
201.63639455782317
201.66823129251702
201.65591836734697
201.63244897959186
201.5915646258503
201.518231292517
201.4125850340136
201.3665306122449
201.358231292517
201.3502721088435
201.30319727891157
201.29979591836735
201.3012925170068
201.25414965986397
201.1682993197279
201.0531292517007
200.97986394557824
200.9625850340136
200.94238095238094
200.91
200.84530612244896
200.78795918367348
200.73693877551023
200.68972789115645
200.58
200.4279591836735
200.21625850340138
200.03340136054422
200.02292517006805
199.9982993197279
199.93380952380951
199.8540136054422
199.77530612244897
199.66721088435375
199.57095238095238
199.50585034013602
199.30768707482994
199.15591836734694
199.06387755102043
199.00598639455785
198.91102040816327
198.85659863945583
198.80224489795916
198.65931972789116
198.4374829931973
198.23741496598643
198.13476190476192
198.09809523809525
198.0122448979592
197.8591836734694
197.6765986394558
197.48047619047617
197.33462585034016
197.31346938775513
197.22183673469388
197.0968027210884
196.90326530612248
196.7178231292517
196.53163265306125
196.40006802721086
196.2183673469388
195.9683673469388
195.7504081632653
195.62585034013605
195.54122448979592
195.40625850340138
195.237074829932
195.08666666666667
194.8978911564626
194.686462585034
194.46020408163267
194.27136054421766
193.9647619047619
193.7266666666667
193.48911564625848
193.27190476190475
192.995306122449
192.8295918367347
192.67244897959185
192.52333333333334
192.29823129251702
192.06802721088437
191.7901360544218
191.55190476190478
191.31598639455785
191.04884353741497
190.77224489795918
190.5453741496599
190.3876870748299
190.17789115646258
189.84979591836733
189.5387074829932
189.19244897959186
188.87761904761905
188.61380952380952
188.39496598639457
188.10020408163268
187.76231292517008
187.47938775510204
187.1700680272109
186.78408163265306
186.38666666666668
186.09938775510204
185.86904761904762
185.58367346938775
185.21755102040817
184.85639455782314
184.52605442176872
184.22863945578231
183.89877551020408
183.6034013605442
183.31863945578232
182.99414965986395
182.60414965986396
182.21816326530615
181.84020408163266
181.49380952380955
181.2574149659864
180.92850340136053
180.57585034013607
180.18897959183676
179.8696598639456
179.5442857142857
179.25122448979593
178.8495918367347
178.43
178.04244897959185
177.67204081632656
177.21986394557825
176.78170068027214
176.3901360544218
176.1360544217687
175.80244897959182
175.4312925170068
175.09625850340137
174.80278911564625
174.41108843537418
174.01455782312928
173.6857823129252
173.30809523809523
172.93462585034013
172.52312925170068
172.18510204081633
171.79557823129252
171.41993197278913
171.0104761904762
170.65081632653062
170.2308843537415
169.82319727891158
169.42462585034014
169.0887074829932
168.7395918367347
168.34653061224492
167.87244897959184
167.4499319727891
167.10183673469388
166.69986394557824
166.28775510204082
165.84367346938774
165.5091836734694
165.09020408163266
164.7087074829932
164.28972789115647
163.981768707483
163.55775510204086
163.09972789115648
162.61455782312925
162.19285714285712
161.68938775510205
161.2208163265306
160.74034013605444
160.23993197278912
159.7051020408163
159.33476190476193
159.0004761904762
158.54238095238097
158.06897959183675
157.61340136054423
157.14503401360543
156.63897959183674
156.16503401360544
155.65360544217688
155.14115646258506
154.7036054421769
154.24931972789116
153.7674149659864
153.20455782312928
152.69108843537413
152.181768707483
151.80061224489793
151.34367346938777
150.88755102040818
150.3240136054422
149.87034013605444
149.436462585034
149.03891156462583
148.59034013605444
148.03054421768707
147.546462585034
147.07068027210886
146.67380952380955
146.11687074829933
145.65625850340138
145.10891156462588
144.5970068027211
144.0370068027211
143.61904761904762
143.1422448979592
142.71707482993196
142.18816326530614
141.65210884353743
141.20414965986396
140.7831292517007
140.29442176870748
139.70183673469387
139.20006802721088
138.77020408163264
138.40979591836734
137.9925170068027
137.47360544217688
136.93380952380951
136.4859863945578
136.13136054421767
135.77503401360542
135.35190476190476
134.97931972789115
134.6313605442177
134.27945578231294
133.84544217687073
133.43986394557825
133.00040816326532
132.67210884353742
132.20700680272108
131.71891156462584
131.28380952380954
130.9222448979592
130.4396598639456
129.8878911564626
129.49557823129248
129.19809523809522
128.8991836734694
128.51625850340136
128.05585034013603
127.60122448979591
127.18442176870748
126.80979591836734
126.39285714285714
125.99102040816328
125.56319727891156
125.13401360544219
124.78619047619047
124.48904761904762
124.0460544217687
123.5978911564626
123.19891156462586
122.83244897959185
122.32816326530612
121.97707482993196
121.63108843537415
121.22768707482993
120.71380952380953
120.25299319727891
120.01176870748299
119.703537414966
119.29503401360545
118.78210884353742
118.3730612244898
117.93299319727892
117.45993197278912
117.10591836734694
116.69680272108845
116.36346938775512
116.12646258503402
115.77965986394558
115.31775510204082
114.79857142857142
114.35829931972789
113.84673469387755
113.50136054421769
113.13551020408163
112.66040816326532
112.1848299319728
111.87605442176871
111.55598639455782
111.1426530612245
110.79258503401361
110.45714285714286
110.20360544217688
109.82129251700681
109.4578231292517
109.03374149659865
108.71857142857144
108.20884353741496
107.7452380952381
107.41843537414967
107.27394557823129
106.99163265306123
106.65278911564627
106.24925170068028
105.91979591836736
105.57387755102042
105.15448979591838
104.72401360544218
104.40244897959184
104.05523809523808
103.6473469387755
103.13836734693876
102.7395918367347
102.37312925170068
102.11795918367346
101.72312925170068
101.34632653061225
101.03646258503403
100.74523809523811
100.45714285714286
100.13925170068028
99.72326530612246
99.31625850340137
98.91163265306123
98.59482993197278
98.34632653061225
98.16734693877552
97.7404081632653
97.23904761904762
96.90829931972789
96.62102040816326
96.39095238095238
96.1304081632653
95.88925170068028
95.52972789115648
95.25891156462586
95.0065306122449
94.69952380952381
94.28
93.92952380952381
93.68931972789116
93.25911564625851
92.888231292517
92.55034013605442
92.38047619047619
92.1712925170068
92.0661224489796
91.80748299319728
91.52149659863946
91.26496598639456
91.13251700680271
90.7987074829932
90.47510204081632
90.27530612244898
90.24965986394558
90.05734693877551
89.76897959183674
89.41544217687076
89.03904761904764
88.71945578231293
88.58435374149661
88.37210884353742
88.02537414965987
87.80068027210885
87.61047619047619
87.3447619047619
86.93782312925171
86.7760544217687
86.63578231292517
86.44040816326532
86.19802721088436
86.03986394557822
85.8656462585034
85.59020408163266
85.37081632653062
85.20700680272108
85.05163265306123
84.90278911564626
84.74469387755103
84.68755102040816
84.59517006802722
84.42897959183672
84.18972789115645
84.10836734693878
84.00836734693877
83.94163265306123
83.83013605442177
83.60972789115647
83.29782312925171
83.11857142857143
83.0078231292517
82.87156462585034
82.66176870748299
82.54891156462585
82.41285714285713
82.33346938775512
82.18979591836735
82.14394557823131
82.08136054421769
82.12102040816328
82.05292517006804
81.93925170068029
81.60802721088436
81.39537414965987
81.18802721088434
81.08857142857144
80.84224489795919
80.88972789115647
80.98578231292517
81.09918367346938
80.87551020408162
80.75836734693877
80.65047619047618
80.62224489795918
80.53387755102041
80.48884353741497
80.4547619047619
80.39231292517007
80.41394557823129
80.42448979591836
80.39938775510204
80.3661224489796
80.29802721088436
80.25884353741498
80.32897959183674
80.40040816326533
80.20734693877552
79.95673469387756
80.02795918367347
80.1461224489796
80.12401360544217
80.15136054421768
80.29238095238097
80.40775510204082
80.40081632653062
80.43646258503401
80.40027210884354
80.41204081632652
80.44700680272109
80.46931972789116
80.39857142857143
80.38768707482993
80.4230612244898
80.36986394557825
80.31768707482993
80.34496598639456
80.51503401360544
80.65918367346939
80.88551020408163
81.08380952380953
81.28585034013605
81.43748299319728
81.50374149659864
81.6543537414966
81.66897959183672
81.83789115646259
81.91510204081634
82.14972789115647
82.38850340136054
82.77904761904762
83.03727891156463
83.23455782312925
83.4365306122449
83.65843537414966
83.81326530612246
84.03251700680272
84.34095238095239
84.74925170068028
85.12612244897959
85.39537414965986
85.70775510204082
86.05088435374151
86.37326530612245
86.77367346938776
87.17727891156463
87.59503401360544
87.88251700680271
88.39598639455782
88.74312925170068
89.18394557823129
89.58993197278912
90.18401360544217
90.56238095238095
90.97653061224489
91.3878231292517
91.91299319727892
92.2957142857143
92.67027210884353
93.06
93.5699319727891
94.09530612244899
94.4365986394558
94.85571428571428
95.37469387755102
96.0756462585034
96.60551020408164
97.10367346938776
97.38884353741497
97.84258503401361
98.25285714285715
98.70775510204082
99.10530612244898
99.53142857142858
99.92843537414967
100.47272108843538
101.05428571428571
101.36605442176871
101.66795918367347
102.03149659863946
102.46095238095239
102.84421768707483
103.25503401360545
103.69557823129252
104.11775510204082
104.49802721088435
104.85999999999999
105.2326530612245
105.73421768707483
106.1995918367347
106.54340136054421
106.6477551020408
106.83068027210885
107.14238095238096
107.5973469387755
108.02639455782312
108.35163265306123
108.64884353741498
108.93217687074832
109.15
109.30081632653062
109.58850340136055
110.07537414965988
110.5308843537415
110.82755102040817
111.06557823129252
111.32510204081635
111.51455782312927
111.72761904761906
111.95666666666668
112.1808843537415
112.35142857142857
112.59782312925171
112.88129251700681
113.22496598639455
113.63775510204083
113.98306122448979
114.1995918367347
114.43863945578232
114.62455782312927
114.7487755102041
114.85292517006803
115.16034013605443
115.36897959183673
115.53333333333333
115.64789115646259
115.71986394557824
115.84693877551021
116.00578231292518
116.08775510204083
115.98986394557824
115.89360544217688
115.79115646258504
115.73530612244899
115.71503401360545
115.6408843537415
115.52469387755102
115.37687074829932
115.19938775510205
114.97510204081634
114.73462585034014
114.52557823129253
114.21156462585034
113.98537414965986
113.7878231292517
113.50605442176871
113.09693877551021
112.76816326530613
112.37496598639456
111.9508843537415
111.56503401360544
111.29061224489796
110.89149659863946
110.47047619047619
110.00598639455782
109.5670068027211
109.11224489795919
108.56836734693877
108.17578231292518
107.84183673469389
107.49367346938776
106.99217687074831
106.4913605442177
105.95687074829931
105.54503401360545
105.18530612244898
104.81578231292518
104.46183673469389
104.04244897959184
103.43789115646258
102.81340136054422
102.34809523809525
101.9547619047619
101.58197278911565
101.26244897959182
100.88435374149661
100.45455782312925
99.97523809523808
99.52761904761904
99.16795918367347
98.84489795918367
98.56401360544218
98.20659863945579
97.88544217687075
97.49979591836735
97.11081632653061
96.65428571428572
96.3474149659864
96.12054421768708
95.79857142857144
95.41938775510204
95.07877551020408
94.8661224489796
94.54102040816326
94.10768707482993
93.70625850340136
93.4329931972789
93.25095238095238
92.87326530612245
92.66748299319727
92.38163265306123
92.10727891156463
91.69857142857143
91.39659863945577
91.02544217687075
90.7225850340136
90.42074829931974
90.13680272108844
89.7951700680272
89.4243537414966
89.05591836734695
88.76367346938775
88.65238095238095
88.4344217687075
88.2647619047619
88.08605442176871
87.91843537414965
87.67210884353742
87.46891156462584
87.26455782312925
86.95578231292518
86.83108843537416
86.91013605442177
86.78598639455782
86.49326530612245
86.3309523809524
86.35265306122449
86.14428571428572
85.94013605442177
85.69489795918368
85.6795918367347
85.68489795918367
85.63
85.4652380952381
85.36503401360545
85.2391156462585
85.02571428571429
84.93557823129251
84.89850340136056
84.81503401360544
84.72931972789115
84.7239455782313
84.76707482993199
84.7460544217687
84.66775510204081
84.6991156462585
84.71619047619048
84.67585034013605
84.64455782312925
84.80115646258503
84.70537414965986
84.56585034013605
84.60238095238095
84.81795918367347
84.851768707483
84.79204081632653
84.78265306122448
84.8517006802721
84.92904761904762
84.90414965986395
84.80918367346939
84.8391156462585
84.99557823129251
85.05170068027212
85.08204081632653
85.15285714285714
85.22646258503403
85.2382993197279
85.33632653061225
85.4443537414966
85.51972789115646
85.7008163265306
85.96673469387756
86.10557823129251
86.21374149659864
86.41863945578231
86.61238095238095
86.68455782312925
86.73789115646258
86.82027210884354
86.98551020408162
87.27775510204081
87.58068027210885
87.72843537414965
87.81877551020409
87.96421768707484
88.09897959183674
88.2678231292517
88.45204081632653
88.60326530612244
88.71061224489796
88.85217687074831
89.02544217687074
89.17455782312925
89.32768707482992
89.45469387755102
89.50802721088435
89.57993197278911
89.74659863945578
89.86469387755102
90.03639455782313
90.27312925170068
90.52687074829933
90.6752380952381
90.80816326530612
90.83972789115647
91.0139455782313
91.37115646258503
91.68544217687075
91.75353741496599
92.0782993197279
92.28244897959183
92.46666666666667
92.52687074829933
92.84421768707483
92.99163265306123
93.32823129251702
93.66877551020409
93.86625850340135
93.86761904761904
94.04673469387755
94.21074829931973
94.31687074829932
94.3674149659864
94.62945578231293
94.73782312925171
94.81666666666666
94.94503401360545
95.04659863945578
95.00319727891157
95.1387074829932
95.60659863945577
95.89068027210884
95.91707482993198
96.00129251700679
96.19095238095238
96.45122448979592
96.69292517006804
96.97619047619048
97.14319727891157
97.3634693877551
97.41544217687074
97.5970068027211
97.73564625850341
98.01204081632653
98.30272108843538
98.57612244897958
98.65455782312925
98.75054421768708
99.17891156462585
99.5926530612245
99.79319727891156
99.96496598639456
100.33088435374151
100.68455782312924
100.90238095238095
101.25625850340136
101.81272108843537
102.24149659863944
102.48782312925171
102.84755102040816
103.37292517006803
103.75204081632654
104.16503401360544
104.61952380952381
105.05897959183673
105.5338775510204
106.18904761904763
106.82775510204081
107.28768707482993
107.96020408163267
108.65782312925171
109.35292517006803
109.96068027210885
110.79006802721089
111.8347619047619
113.02183673469388
114.07551020408164
115.16326530612244
116.42238095238095
117.8508843537415
119.29843537414968
120.79122448979592
122.39278911564627
123.97442176870749
125.58659863945579
127.20122448979592
128.86333333333334
130.36557823129252
131.6725850340136
132.81721088435376
133.61496598639457
134.10476190476192
134.44884353741497
134.70517006802723
134.86625850340135
135.00149659863945
135.08489795918368
135.1834693877551
135.375306122449
135.62414965986395
135.7281632653061
135.89734693877554
136.07598639455784
136.2383673469388
136.40571428571428
136.59326530612245
136.75489795918367
136.98680272108845
137.2991156462585
137.47156462585033
137.62068027210884
137.85170068027213
138.03360544217685
138.12768707482994
138.23809523809524
138.2470068027211
138.12884353741498
138.14857142857142
138.27346938775509
138.52455782312924
138.8052380952381
139.19496598639455
139.40176870748303
139.7004761904762
140.0779591836735
140.41809523809525
140.53340136054422
140.43170068027212
140.28414965986394
140.0090476190476
139.62857142857143
138.94040816326532
138.31517006802721
137.82129251700678
137.2652380952381
136.26727891156463
134.95210884353742
133.32557823129252
131.42442176870748
129.23673469387754
126.9300680272109
124.66156462585035
122.73727891156463
120.83639455782314
118.96666666666667
116.82972789115647
114.69884353741497
112.6365306122449
110.94877551020409
109.48857142857142
107.82204081632652
106.00775510204082
104.34503401360544
102.8587074829932
101.21843537414966
99.43190476190478
97.87006802721088
96.55136054421769
95.34877551020409
93.89707482993198
92.29965986394558
90.74938775510205
89.57850340136054
88.26204081632653
86.82238095238095
85.26707482993197
83.7838775510204
82.42115646258505
81.07489795918367
79.92911564625851
78.64632653061226
77.52040816326532
76.52632653061224
75.83027210884353
75.39401360544218
74.9678911564626
74.25734693877551
73.40238095238097
72.24517006802722
70.93040816326531
69.5212925170068
68.06687074829934
66.20265306122451
64.44272108843539
62.89136054421763
60.970612244897914
