137.72472789115653
138.1058503401361
138.28646258503403
138.42224489795922
138.4100680272109
138.33421768707484
138.23020408163265
138.25544217687076
138.28884353741498
138.313537414966
138.2339455782313
138.0574829931973
137.80244897959184
137.47768707482993
137.19707482993198
137.16768707482996
137.31578231292517
137.4191156462585
137.45068027210885
137.46
137.32911564625851
137.19183673469388
136.96292517006805
136.80462585034013
136.61544217687074
136.5244217687075
136.46380952380952
136.59761904761905
136.7234693877551
136.77476190476187
136.7152380952381
136.60204081632654
136.4539455782313
136.41244897959183
136.30843537414967
136.26374149659864
136.1104761904762
136.003537414966
135.7461224489796
135.9213605442177
136.1695238095238
136.40156462585034
136.25448979591835
136.2582993197279
136.29503401360546
136.35829931972788
136.28632653061226
136.24850340136055
136.2726530612245
136.23768707482995
136.1391836734694
136.0395238095238
135.98428571428573
135.95544217687075
135.96666666666667
136.1130612244898
136.22047619047618
136.26877551020408
136.25414965986397
136.31557823129253
136.40238095238095
136.4616326530612
136.49741496598637
136.4821088435374
136.40646258503403
136.3126530612245
136.3660544217687
136.55312925170068
136.66102040816327
136.62619047619046
136.40523809523808
136.21585034013606
136.13585034013605
136.2883673469388
136.55721088435374
136.81707482993198
136.87952380952382
136.8197278911565
136.80911564625853
136.86904761904762
136.8352380952381
136.65408163265306
136.3721768707483
136.19034013605443
136.1852380952381
136.26448979591837
136.34625850340137
136.40843537414966
136.42918367346942
136.5108843537415
136.64401360544218
136.77027210884353
136.84585034013605
137.01156462585033
137.0369387755102
136.93448979591835
136.74503401360545
136.72020408163266
136.6638775510204
136.71285714285713
136.7848979591837
136.86918367346937
136.87360544217688
136.97802721088436
137.1247619047619
137.37428571428572
137.63775510204079
137.9904081632653
138.25972789115644
138.51380952380953
138.8286394557823
139.1491836734694
139.4487755102041
139.75306122448978
139.92741496598643
139.993537414966
140.05972789115646
140.4948299319728
140.93292517006802
141.37564625850342
141.7539455782313
142.29979591836735
142.90340136054422
143.28646258503403
143.4843537414966
143.6939455782313
143.99748299319728
144.096462585034
144.15380952380954
144.3525170068027
144.57625850340136
144.84530612244896
145.16346938775513
145.4752380952381
145.63673469387754
145.88993197278913
146.22156462585036
146.6397278911565
147.11904761904765
147.5895918367347
147.98496598639457
148.4039455782313
148.92972789115646
149.38421768707485
149.7561224489796
150.2051020408163
150.855306122449
151.41965986394558
151.81510204081633
152.32421768707485
152.98510204081634
153.65068027210884
154.08367346938778
154.53496598639455
154.93163265306123
155.3356462585034
155.65884353741498
156.1143537414966
156.7016326530612
157.27285714285713
157.75931972789118
158.24863945578232
158.9255102040816
159.7117006802721
160.5574149659864
161.3691156462585
162.183537414966
162.9952380952381
163.8210204081633
164.6073469387755
165.3295918367347
166.14278911564628
167.01285714285714
167.99156462585034
168.84897959183672
169.69972789115644
170.40190476190477
171.3742857142857
172.5678911564626
173.79006802721085
174.86972789115646
176.15272108843538
177.50564625850342
178.8734693877551
180.17496598639457
181.54408163265308
182.89761904761906
184.3248299319728
185.6578911564626
186.91394557823128
188.16319727891158
189.38734693877552
190.5017006802721
191.66122448979593
192.8118367346939
193.94326530612247
195.06938775510204
196.2540136054422
197.26088435374152
198.2404761904762
199.20421768707484
200.24503401360545
201.23687074829934
202.17034013605445
203.0313605442177
203.90204081632655
204.88142857142856
205.75598639455782
206.50591836734694
207.22687074829932
207.9696598639456
208.70299319727894
209.34850340136057
210.0751700680272
210.74755102040814
211.40285714285716
212.02285714285713
212.67074829931974
213.21489795918367
213.7208163265306
214.21877551020407
214.7462585034014
215.21095238095242
215.60027210884354
215.92591836734695
216.26625850340133
216.69163265306122
217.07088435374152
217.37585034013605
217.64136054421766
217.9265986394558
218.14156462585038
218.27836734693878
218.45537414965986
218.658231292517
218.80639455782313
218.8199319727891
218.77585034013606
218.81768707482993
218.84721088435373
218.77585034013606
218.6920408163265
218.56102040816324
218.4031292517007
218.2270068027211
218.08578231292515
217.87299319727893
217.63795918367347
217.3604761904762
217.03870748299317
216.66401360544216
216.28659863945578
215.93265306122447
215.4831292517007
215.04136054421772
214.49761904761903
214.05244897959182
213.50850340136057
213.0326530612245
212.52258503401362
212.0525850340136
211.48639455782316
210.86170068027212
210.24061224489796
209.66285714285715
209.09945578231293
208.48666666666668
207.8344217687075
207.2196598639456
206.6138095238095
205.94238095238094
205.22142857142856
204.56965986394556
203.90802721088434
203.24632653061224
202.51605442176873
201.91761904761907
201.37952380952382
200.8691156462585
200.19809523809525
199.54952380952383
198.9562585034014
198.418843537415
197.8431972789116
197.28795918367348
196.81217687074832
196.40938775510205
195.95761904761906
195.5386394557823
195.09795918367348
194.6947619047619
194.30789115646257
194.01278911564629
193.71931972789116
193.45408163265307
193.23074829931974
192.93775510204085
192.62340136054422
192.40809523809526
192.2712244897959
192.1069387755102
192.02544217687074
191.96367346938774
191.86551020408163
191.60469387755103
191.48904761904765
191.42530612244897
191.53224489795917
191.463537414966
191.46414965986395
191.4813605442177
191.66931972789115
191.76414965986396
191.8277551020408
191.89768707482995
191.98428571428573
192.14727891156465
192.31503401360544
192.41448979591837
192.53605442176874
192.73904761904765
192.90027210884355
193.0031292517007
193.16333333333336
193.31850340136054
193.41489795918363
193.57353741496598
193.72156462585033
193.79292517006803
193.95088435374151
194.15870748299318
194.30734693877548
194.3928571428571
194.52278911564628
194.66571428571427
194.80605442176872
194.87197278911566
194.93244897959184
194.99428571428572
195.1504081632653
195.27074829931973
195.34938775510204
195.32081632653063
195.3623129251701
195.45496598639454
195.57741496598638
195.64823129251704
195.6612925170068
195.69074829931972
195.841768707483
195.89965986394557
195.90863945578232
195.88462585034014
195.92469387755102
195.91163265306125
195.9463945578231
195.99496598639456
196.01299319727892
196.05802721088435
196.11850340136056
196.18585034013606
196.18251700680273
196.09272108843538
196.04625850340136
196.01074829931974
196.0261904761905
196.02210884353744
196.0255782312925
196.07707482993197
196.12632653061223
196.1113605442177
196.04231292517005
196.0212925170068
196.0425170068027
196.02537414965985
195.96489795918367
195.8152380952381
195.70979591836735
195.72176870748302
195.7830612244898
195.79156462585036
195.7872789115646
195.76850340136053
195.73319727891158
195.71639455782315
195.64333333333332
195.50326530612247
195.4156462585034
195.40510204081633
195.3944897959184
195.3331292517007
195.24979591836734
195.21659863945578
195.16687074829935
195.0284353741497
194.8912925170068
194.84102040816327
194.75891156462586
194.61639455782313
194.64993197278915
194.6196598639456
194.4934693877551
194.25156462585036
194.1191836734694
194.03102040816327
193.96850340136052
193.84503401360544
193.7403401360544
193.64999999999998
193.57557823129252
193.46952380952382
193.3565986394558
193.16700680272112
192.98768707482995
192.90836734693875
192.84891156462584
192.75632653061226
192.57238095238097
192.49319727891157
192.3897278911565
192.25639455782314
192.00503401360547
191.87680272108844
191.86993197278912
191.79408163265305
191.57469387755103
191.26632653061225
191.13
190.99605442176875
190.7839455782313
190.49727891156465
190.28557823129253
190.1665986394558
190.04965986394558
189.92585034013607
189.7477551020408
189.5529931972789
189.34421768707483
189.13428571428574
188.90448979591838
188.73938775510206
188.57476190476194
188.39721088435374
188.14945578231294
187.8922448979592
187.61061224489794
187.42986394557823
187.27115646258503
187.06176870748297
186.7960544217687
186.59462585034015
186.3695918367347
186.10693877551023
185.82945578231295
185.5436054421769
185.2283673469388
185.03632653061226
184.85401360544216
184.60122448979592
184.2791836734694
183.97755102040816
183.668231292517
183.48197278911567
183.26421768707485
182.92986394557823
182.5314285714286
182.22850340136054
181.88979591836735
181.48551020408163
181.0956462585034
180.7291836734694
180.44870748299323
180.19585034013605
179.92938775510203
179.6230612244898
179.40625850340138
179.09408163265306
178.68448979591838
178.2948979591837
178.0669387755102
177.75972789115647
177.31408163265306
176.89585034013606
176.6012925170068
176.33292517006805
175.94272108843538
175.55013605442176
175.2412244897959
175.0034693877551
174.66319727891158
174.25136054421768
173.857074829932
173.60816326530613
173.27863945578233
172.93659863945578
172.48993197278912
172.10591836734693
171.6721088435374
171.38374149659865
171.0285714285714
170.66721088435375
170.22156462585036
169.8725850340136
169.5386394557823
169.2270068027211
168.8274829931973
168.4608843537415
168.123537414966
167.7965986394558
167.41646258503403
167.00340136054422
166.61047619047622
166.2426530612245
165.9070068027211
165.5209523809524
165.15006802721086
164.75183673469388
164.38183673469388
164.05455782312924
163.69721088435375
163.32068027210886
162.93156462585034
162.5343537414966
162.095306122449
161.7429931972789
161.38183673469388
160.96503401360545
160.68448979591838
160.3600680272109
159.85074829931972
159.21632653061226
158.71659863945578
158.35149659863941
158.03639455782314
157.657074829932
157.2327210884354
156.81496598639455
156.36884353741496
155.89013605442176
155.49108843537417
155.01578231292518
154.46639455782315
153.97095238095238
153.52931972789116
153.19326530612244
152.80435374149658
152.31088435374153
151.73462585034014
151.26414965986393
150.7643537414966
150.17632653061224
149.72068027210886
149.34292517006804
148.87537414965985
148.33557823129252
147.84129251700682
147.40020408163267
146.86020408163267
146.37142857142857
145.9743537414966
145.57333333333335
145.0672789115646
144.58850340136053
144.15809523809526
143.73904761904762
143.14503401360548
142.63108843537415
142.11190476190475
141.7476870748299
141.19979591836739
140.72938775510204
140.26108843537415
139.89102040816326
139.36034013605442
138.8048299319728
138.2596598639456
137.8217006802721
137.3461224489796
136.82816326530613
136.35136054421767
135.9940816326531
135.58700680272113
134.96455782312927
134.35074829931972
133.98122448979592
133.63197278911565
133.14605442176872
132.5787074829932
132.1565306122449
131.60823129251702
131.16938775510206
130.73625850340136
130.44979591836736
130.03857142857146
129.63775510204079
129.21319727891157
128.83897959183673
128.41823129251702
127.99530612244898
127.62789115646257
127.21993197278911
126.69054421768708
126.10129251700681
125.62238095238096
125.24353741496599
124.85544217687075
124.33054421768708
123.8278231292517
123.46176870748299
123.0878911564626
122.69619047619047
122.31510204081633
121.93979591836734
121.40646258503402
120.94326530612246
120.53040816326532
120.23068027210884
119.81068027210884
119.39210884353741
118.9334693877551
118.568231292517
118.22564625850339
117.86299319727891
117.49346938775511
116.9878231292517
116.46571428571428
116.06156462585035
115.73244897959184
115.2865306122449
114.86265306122449
114.493537414966
114.09952380952382
113.67088435374149
113.27374149659863
112.85204081632652
112.44353741496599
112.11768707482993
111.69863945578231
111.33469387755103
111.00183673469388
110.65571428571428
110.14374149659864
109.69659863945577
109.31265306122448
108.93312925170068
108.37802721088434
107.93129251700681
107.61061224489796
107.27027210884353
106.74816326530612
106.27278911564626
105.97816326530614
105.68489795918367
105.2925850340136
104.87006802721089
104.54714285714286
104.23387755102041
103.87251700680272
103.50578231292518
103.19285714285715
102.81210884353742
102.38149659863944
102.00795918367348
101.72068027210884
101.4787074829932
101.1430612244898
100.69931972789117
100.23013605442178
99.94789115646259
99.77843537414967
99.36489795918368
98.92673469387756
98.56299319727891
98.32285714285715
97.85340136054421
97.3729931972789
96.86959183673468
96.52115646258504
96.07517006802722
95.77816326530612
95.46000000000001
95.2312925170068
94.84993197278911
94.44190476190477
94.1204081632653
93.8639455782313
93.5382993197279
93.09299319727893
92.80326530612246
92.55326530612246
92.25748299319729
91.84326530612246
91.47054421768708
91.1544217687075
90.79551020408164
90.39816326530612
90.16891156462584
90.02333333333334
89.66551020408164
89.18843537414966
88.84040816326531
88.6426530612245
88.32904761904763
87.96353741496598
87.64530612244899
87.42836734693878
87.14551020408163
86.75925170068027
86.43836734693878
86.19224489795918
85.97068027210884
85.70911564625851
85.48755102040816
85.32707482993199
85.07190476190476
84.74408163265306
84.39074829931972
84.19850340136054
84.15959183673469
84.01442176870748
83.67122448979592
83.2295918367347
82.99142857142857
82.77333333333334
82.48224489795919
82.20346938775512
81.93714285714285
81.74795918367349
81.49034013605443
81.37557823129254
81.13734693877552
80.83986394557823
80.54421768707483
80.28530612244897
80.08210884353741
79.87727891156463
79.80850340136055
79.56768707482993
79.45727891156463
79.31591836734694
79.16707482993198
78.88551020408164
78.75340136054422
78.62897959183674
78.57653061224491
78.33585034013606
78.00605442176871
77.82544217687075
77.87156462585035
77.82700680272109
77.66367346938776
77.44768707482993
77.17163265306121
76.87979591836735
76.72034013605443
76.56312925170069
76.43231292517007
76.28455782312926
76.2234693877551
76.17877551020408
76.12217687074829
75.9951700680272
75.83190476190477
75.66979591836736
75.59836734693879
75.55496598639456
75.38428571428571
75.06993197278912
74.83020408163264
74.7351700680272
74.71659863945578
74.67931972789115
74.56469387755102
74.45748299319726
74.45782312925171
74.49428571428571
74.41700680272109
74.27299319727891
74.21741496598639
74.17476190476191
74.05816326530612
73.92843537414967
73.87782312925171
73.84775510204081
73.82054421768707
73.80714285714285
73.76993197278912
73.7429931972789
73.67142857142856
73.64761904761905
73.60040816326531
73.56816326530614
73.44911564625852
73.37809523809523
73.3969387755102
73.53741496598639
73.66278911564626
73.68013605442177
73.66401360544216
73.68972789115647
73.63346938775511
73.58959183673468
73.60972789115647
73.77748299319728
73.70727891156463
73.64170068027211
73.61285714285715
73.56448979591838
73.53979591836736
73.67285714285714
73.85367346938776
73.79802721088436
73.81455782312926
74.02408163265306
74.18829931972789
74.30768707482994
74.27680272108843
74.39993197278912
74.48741496598639
74.58401360544218
74.62047619047618
74.82625850340136
75.12768707482994
75.39163265306122
75.57979591836734
75.73632653061225
75.87469387755101
76.00591836734692
76.1821088435374
76.3639455782313
76.54544217687075
76.88448979591837
77.20231292517008
77.53693877551021
77.82789115646258
78.13687074829932
78.36734693877551
78.60952380952382
79.01755102040818
79.39081632653061
79.80931972789116
80.08925170068028
80.47210884353741
80.92224489795917
81.43646258503401
81.78993197278912
82.08068027210885
82.33455782312926
82.7738775510204
83.20687074829932
83.62782312925171
84.04836734693878
84.59795918367345
84.98755102040816
85.24272108843537
85.63619047619048
86.0934693877551
86.58959183673468
87.10074829931973
87.55557823129251
87.80537414965987
88.26020408163265
88.73564625850341
89.19251700680273
89.51707482993199
89.8426530612245
90.05448979591836
90.46619047619048
91.0261224489796
91.53850340136054
91.90829931972789
92.3104081632653
92.61673469387755
92.90408163265306
93.23183673469387
93.68326530612245
94.1508843537415
94.65333333333334
95.04714285714286
95.32639455782314
95.61673469387756
95.95680272108844
96.19802721088435
96.5304081632653
96.89020408163265
97.21945578231293
97.46931972789115
97.88197278911565
98.23891156462587
98.45462585034014
98.72340136054422
99.04197278911565
99.31
99.52836734693878
99.92265306122448
100.30714285714286
100.5782993197279
100.84115646258503
101.14816326530612
101.40904761904761
101.47768707482993
101.73931972789117
102.05761904761906
102.47836734693877
102.7030612244898
103.01945578231293
103.28816326530614
103.5421768707483
103.86551020408163
104.17156462585035
104.42095238095239
104.41585034013606
104.60707482993197
104.87605442176871
105.18795918367347
105.38768707482994
105.4752380952381
105.56374149659862
105.74639455782312
105.93755102040816
106.06006802721089
106.13455782312926
106.2170068027211
106.05530612244898
105.97299319727892
105.99115646258504
106.10278911564626
106.04170068027211
105.87006802721089
105.66380952380953
105.48965986394558
105.32210884353742
105.27897959183673
105.08918367346939
104.73530612244899
104.3147619047619
104.28857142857143
104.29231292517008
103.94183673469388
103.5355782312925
103.20183673469388
102.78891156462585
102.17877551020409
101.8556462585034
101.65380952380953
101.3074829931973
100.8665306122449
100.3847619047619
99.90278911564626
99.4169387755102
98.96387755102042
98.52074829931973
98.10850340136054
97.72714285714285
97.3538775510204
96.97795918367346
96.54625850340136
96.05278911564626
95.71088435374149
95.38748299319728
95.07367346938776
94.67537414965987
94.1991156462585
93.63238095238094
93.07530612244898
92.7025850340136
92.36081632653061
92.19319727891155
91.76965986394558
91.29857142857142
90.7151700680272
90.54190476190476
90.20714285714288
89.9270068027211
89.59476190476191
89.32510204081632
88.95136054421769
88.63142857142856
88.34367346938775
88.01095238095238
87.67931972789115
87.32843537414965
86.89857142857143
86.64244897959185
86.32544217687075
86.05510204081634
85.70285714285716
85.4431292517007
85.1538775510204
84.9357142857143
84.66972789115647
84.38204081632654
84.1261224489796
83.86843537414967
83.60340136054423
83.3074149659864
83.03299319727891
82.76435374149659
82.51163265306123
82.15061224489797
81.85727891156463
81.51789115646258
81.15727891156462
80.91809523809525
80.7738775510204
80.59476190476192
80.32503401360545
80.13952380952382
79.98401360544219
79.82918367346939
79.62020408163266
79.43795918367347
79.26380952380953
79.09360544217688
78.89734693877551
78.89414965986396
78.91469387755103
78.80183673469388
78.53238095238095
78.29319727891156
78.25544217687076
78.17115646258503
78.00761904761904
78.00809523809525
78.06741496598639
78.01340136054421
77.8365306122449
77.76170068027211
77.67204081632653
77.48557823129252
77.4295238095238
77.42006802721087
77.36897959183673
77.29877551020408
77.32054421768707
77.36632653061224
77.25210884353743
77.28707482993198
77.318231292517
77.30231292517007
77.15122448979592
77.12340136054422
77.15156462585034
77.12272108843538
77.06190476190477
77.03897959183675
77.14020408163266
77.11591836734695
77.20489795918368
77.25687074829932
77.29510204081633
77.30795918367347
77.43687074829933
77.50537414965987
77.58421768707483
77.68544217687075
77.73340136054424
77.71428571428572
77.74877551020408
77.95578231292518
78.06619047619049
78.19312925170068
78.18700680272109
78.346462585034
78.3547619047619
78.46340136054422
78.61734693877551
78.91775510204081
79.17938775510206
79.35285714285715
79.44714285714286
79.5947619047619
79.7082993197279
79.81673469387755
80.10727891156463
80.32727891156462
80.4143537414966
80.45115646258503
80.49646258503401
80.60918367346939
80.8821768707483
81.27904761904762
81.45170068027213
81.60530612244898
81.68530612244898
81.80108843537414
81.94401360544217
82.06156462585034
82.17537414965986
82.35326530612245
82.57945578231293
82.78605442176871
82.97047619047619
82.98564625850341
83.02387755102042
83.14639455782313
83.32591836734694
83.47319727891157
83.63938775510205
83.83748299319728
83.97306122448981
84.16993197278912
84.4965306122449
84.89027210884353
85.2929931972789
85.49639455782314
85.64455782312926
85.65462585034015
85.78142857142858
86.09013605442176
86.47027210884355
86.66176870748299
86.63115646258505
86.84190476190477
87.14931972789115
87.26789115646258
87.2030612244898
87.32945578231293
87.54414965986396
87.68578231292517
87.72517006802721
87.75149659863945
87.788231292517
88.0830612244898
88.4143537414966
88.5843537414966
88.65714285714287
88.92340136054423
89.2048299319728
89.451768707483
89.6865306122449
89.94605442176871
90.1387074829932
90.26489795918366
90.36904761904762
90.628231292517
90.96238095238095
91.14204081632654
91.24306122448981
91.42081632653061
91.5756462585034
91.83278911564625
92.19986394557823
92.62639455782313
92.92285714285715
93.22170068027211
93.39448979591836
93.73149659863945
94.25646258503403
94.82904761904763
95.2478231292517
95.52394557823129
95.90204081632653
96.32829931972789
96.77884353741497
97.18748299319726
97.68469387755101
98.25238095238095
98.73748299319728
99.26551020408165
99.71605442176872
100.44074829931974
101.22190476190477
101.9856462585034
102.57
103.28462585034013
104.05190476190475
104.94448979591837
106.05680272108843
107.37428571428572
108.45462585034014
109.76367346938774
111.12244897959184
112.73170068027211
114.26448979591837
116.18163265306123
117.94625850340137
119.70238095238095
121.53653061224489
123.44360544217687
125.13149659863946
126.6547619047619
128.20734693877552
129.59748299319727
130.53931972789115
131.17034013605442
131.6107482993197
131.8086394557823
131.7882993197279
132.02217687074832
132.47571428571428
132.95006802721088
133.3304761904762
133.67238095238093
133.83863945578233
133.80380952380952
133.83231292517007
133.8961224489796
134.07619047619048
134.31149659863945
134.6910204081633
135.0401360544218
135.5169387755102
136.01625850340136
136.38489795918366
136.53775510204082
136.68278911564624
136.7721088435374
136.81020408163266
136.68619047619046
136.48925170068028
136.4229931972789
136.65129251700682
137.1426530612245
137.5110204081633
137.83414965986395
138.08802721088432
138.57428571428574
138.9265306122449
139.29455782312925
139.45136054421772
139.47911564625852
139.27551020408163
139.08585034013606
138.78102040816327
138.35850340136057
137.94666666666666
137.75843537414966
137.4630612244898
136.57006802721088
135.07333333333332
133.3904761904762
131.2955102040816
128.75421768707483
126.13659863945578
123.63476190476192
121.32197278911565
119.09666666666666
116.98013605442179
114.53598639455782
112.23489795918368
110.05272108843536
108.15721088435373
106.1873469387755
104.22877551020409
102.37428571428572
100.66496598639456
98.6908843537415
96.741768707483
95.12006802721089
93.65156462585034
92.05455782312924
90.4595238095238
88.97707482993198
87.3378231292517
85.81251700680272
84.45312925170067
83.04761904761905
81.44863945578231
79.8787074829932
78.4452380952381
76.95285714285714
75.63462585034014
74.40374149659866
73.15591836734694
71.92727891156463
71.09340136054422
70.63231292517007
70.3470068027211
69.99183673469388
69.32802721088436
68.3791156462585
67.36537414965986
66.28850340136054
64.96863945578232
63.24802721088436
61.45251700680273
59.69367346938776
58.05183673469385
56.36323129251698
