139.2883673469388
139.84176870748294
140.04925170068026
140.22462585034015
140.4231292517007
140.47278911564626
140.318231292517
140.25244897959186
140.2552380952381
140.2995918367347
140.1747619047619
139.9704081632653
139.69891156462586
139.44836734693882
139.185306122449
139.051768707483
139.10721088435375
139.248231292517
139.33544217687074
139.31136054421768
139.20673469387754
138.9399319727891
138.76666666666668
138.73972789115646
138.7714285714286
138.67421768707484
138.5722448979592
138.54333333333335
138.56190476190477
138.6757823129252
138.7395238095238
138.67551020408163
138.52659863945578
138.47809523809525
138.33598639455784
138.1304081632653
137.94721088435375
137.8482993197279
137.81517006802721
137.89265306122448
138.05619047619047
138.22251700680275
138.3304761904762
138.35891156462586
138.34244897959184
138.3117006802721
138.16993197278913
138.00843537414968
138.00585034013608
138.0308843537415
137.9574149659864
137.85979591836735
137.92448979591836
137.9390476190476
137.81986394557822
137.81074829931973
137.9756462585034
138.27054421768707
138.40020408163264
138.41054421768712
138.357074829932
138.38544217687075
138.46809523809523
138.48374149659864
138.47285714285715
138.43421768707483
138.48789115646258
138.53034013605443
138.56061224489798
138.58054421768708
138.3881632653061
138.19843537414965
138.15428571428572
138.41836734693877
138.71122448979594
138.84768707482993
138.82979591836735
138.8700680272109
138.91020408163268
138.8696598639456
138.81462585034015
138.69380952380953
138.4434693877551
138.34551020408165
138.3787074829932
138.36149659863946
138.40952380952382
138.47394557823128
138.6187755102041
138.7174829931973
138.7505442176871
138.73721088435374
138.76653061224494
138.920612244898
139.0291836734694
139.0356462585034
138.93673469387755
138.8122448979592
138.7200680272109
138.65455782312927
138.76578231292518
139.07850340136056
139.26
139.3830612244898
139.35925170068026
139.57585034013607
139.87163265306123
140.24972789115648
140.55401360544218
140.8108843537415
141.05761904761906
141.31612244897957
141.61326530612246
141.88462585034014
142.0912925170068
142.312925170068
142.48482993197277
142.83319727891154
143.25578231292516
143.66319727891155
144.0027210884354
144.5261224489796
144.9778911564626
145.33448979591836
145.59639455782312
145.88918367346938
146.15673469387755
146.4178231292517
146.6227891156463
146.75476190476192
147.03095238095239
147.36374149659864
147.5678231292517
147.7459863945578
147.99047619047622
148.39414965986396
148.79299319727892
149.2748979591837
149.81795918367348
150.34986394557822
150.7756462585034
151.18374149659866
151.66408163265305
152.16340136054424
152.5351700680272
152.98857142857145
153.50850340136054
154.12585034013605
154.75653061224492
155.45578231292518
156.0343537414966
156.57802721088433
157.08367346938775
157.54040816326528
157.88979591836735
158.35945578231295
159.0009523809524
159.61959183673468
160.23340136054424
160.71020408163267
161.2521088435374
161.77129251700683
162.47401360544217
163.2086394557823
163.9895918367347
164.77489795918368
165.6587074829932
166.58238095238096
167.4870068027211
168.3331972789116
169.14034013605442
169.93687074829933
170.73068027210886
171.65925170068027
172.62632653061226
173.5372789115646
174.40585034013606
175.42761904761906
176.5323129251701
177.59129251700682
178.66802721088433
179.88707482993198
181.11204081632653
182.36278911564628
183.52353741496603
184.768843537415
186.0096598639456
187.36551020408166
188.6291156462585
189.81897959183675
190.87625850340135
191.99006802721087
193.01380952380953
194.12115646258508
195.24904761904762
196.40088435374147
197.40108843537413
198.4568707482993
199.49081632653062
200.57340136054424
201.5828571428571
202.56129251700682
203.4008843537415
204.32000000000002
205.19278911564626
206.05823129251698
206.93843537414966
207.81564625850342
208.60156462585036
209.3848979591837
210.11551020408163
210.82911564625851
211.50537414965987
212.27904761904765
212.89319727891154
213.45367346938775
214.11197278911567
214.7679591836735
215.25340136054425
215.687074829932
216.26380952380953
216.81027210884355
217.23857142857145
217.62639455782312
217.9648299319728
218.33857142857144
218.7253741496599
219.10884353741494
219.3695918367347
219.566462585034
219.76523809523812
220.0134013605442
220.23448979591836
220.38972789115647
220.51285714285714
220.66748299319727
220.8070068027211
220.85598639455782
220.81789115646257
220.76816326530616
220.76489795918368
220.6512244897959
220.48510204081634
220.31061224489795
220.20210884353742
219.9970068027211
219.74748299319728
219.4314285714286
219.16823129251702
218.91571428571427
218.58476190476193
218.1690476190476
217.75204081632654
217.3165306122449
216.86224489795921
216.4048979591837
215.95802721088435
215.4766666666667
214.91394557823128
214.39952380952383
213.95884353741496
213.4043537414966
212.70639455782313
212.04020408163265
211.49428571428572
210.86925170068025
210.24680272108844
209.6261904761905
209.0387074829932
208.36659863945576
207.6565306122449
206.95496598639454
206.35510204081635
205.66496598639458
204.96748299319728
204.27312925170068
203.7191836734694
203.11809523809524
202.49156462585034
201.84517006802724
201.2599319727891
200.6719727891156
200.063537414966
199.4843537414966
198.99027210884356
198.5122448979592
198.05448979591836
197.6136054421769
197.18081632653062
196.7865306122449
196.37741496598642
195.9242857142857
195.52333333333334
195.2104761904762
194.96401360544218
194.7144217687075
194.4934693877551
194.23965986394558
194.0418367346939
193.87108843537416
193.66761904761904
193.47360544217688
193.36537414965983
193.25374149659865
193.0678231292517
192.8908843537415
192.8170068027211
192.7883673469388
192.75727891156464
192.77714285714288
192.81292517006804
192.9208163265306
193.05346938775511
193.1643537414966
193.23040816326534
193.31619047619049
193.42163265306124
193.50707482993198
193.71945578231293
193.89625850340138
194.04789115646258
194.13809523809525
194.2744217687075
194.36857142857144
194.5460544217687
194.68843537414963
194.78163265306125
194.86210884353744
194.9361904761905
195.0291156462585
195.12891156462584
195.32714285714286
195.49503401360545
195.67231292517008
195.7874149659864
195.8486394557823
195.86768707482992
195.8769387755102
195.9778231292517
196.19190476190477
196.37598639455783
196.42544217687077
196.40251700680273
196.51496598639454
196.62857142857143
196.65625850340138
196.57727891156463
196.60850340136057
196.6778911564626
196.82292517006803
196.93578231292514
196.98537414965983
196.89224489795922
196.84496598639458
196.87421768707483
196.94680272108843
196.9774149659864
196.97244897959183
197.00979591836733
197.14292517006803
197.31857142857143
197.29170068027213
197.16646258503403
197.0763945578231
197.0887755102041
197.0495238095238
197.06482993197278
197.0665306122449
197.09421768707483
197.11414965986395
197.1800680272109
197.13204081632654
197.08972789115646
197.04346938775512
196.94979591836736
196.893537414966
196.8539455782313
196.8234013605442
196.7808163265306
196.88326530612244
196.87673469387755
196.7613605442177
196.64823129251704
196.63619047619048
196.58448979591836
196.4944217687075
196.43129251700682
196.35571428571427
196.2640136054422
196.24768707482994
196.25748299319727
196.2651700680272
196.23931972789117
196.15149659863948
195.94945578231292
195.82333333333332
195.7608163265306
195.6426530612245
195.52897959183676
195.50986394557822
195.423537414966
195.24027210884353
195.09986394557822
194.97653061224491
194.89986394557826
194.81687074829932
194.72714285714284
194.53693877551018
194.48020408163268
194.42891156462585
194.36782312925172
194.1995918367347
194.06571428571428
193.87986394557822
193.81782312925168
193.75258503401363
193.62299319727893
193.337074829932
193.07068027210883
192.95993197278912
192.90802721088437
192.83931972789117
192.7286394557823
192.72585034013605
192.59619047619046
192.28299319727893
191.98863945578233
191.8831292517007
191.7765306122449
191.57632653061228
191.35210884353742
191.1683673469388
191.0401360544218
190.9587755102041
190.73748299319732
190.47659863945577
190.27673469387756
190.1334693877551
189.99489795918367
189.8331972789116
189.58238095238096
189.30489795918368
189.0895918367347
188.90142857142857
188.69877551020406
188.41965986394555
188.16197278911565
188.02367346938777
187.93863945578232
187.6855782312925
187.41761904761907
187.19653061224494
186.94204081632654
186.66054421768706
186.35469387755103
186.09925170068027
185.88027210884354
185.73972789115646
185.47496598639458
185.1522448979592
184.78904761904764
184.50061224489798
184.228843537415
184.03299319727893
183.75585034013608
183.40523809523813
183.00340136054422
182.65931972789116
182.29993197278912
181.90823129251703
181.59680272108844
181.35102040816327
181.14367346938775
180.80401360544218
180.44537414965987
180.13353741496599
179.923537414966
179.65537414965988
179.2726530612245
178.84891156462584
178.4628571428571
178.1451020408163
177.87380952380954
177.49986394557823
177.10768707482993
176.75394557823128
176.43857142857144
176.07891156462586
175.7318367346939
175.4017006802721
175.06510204081633
174.69646258503403
174.3813605442177
174.04319727891158
173.7004761904762
173.24292517006802
172.8470068027211
172.49312925170068
172.1438775510204
171.7436054421769
171.35496598639457
171.00034013605443
170.67414965986396
170.3574149659864
170.03945578231293
169.68959183673468
169.33761904761906
168.93625850340135
168.57537414965986
168.2522448979592
167.83353741496603
167.28877551020406
166.86020408163267
166.57768707482992
166.31537414965987
165.98646258503402
165.67244897959185
165.2318367346939
164.76639455782313
164.32374149659864
164.03632653061226
163.69537414965987
163.2751020408163
162.86285714285714
162.45020408163268
162.11619047619047
161.75761904761904
161.46795918367346
161.05142857142857
160.61782312925172
160.1001360544218
159.61802721088435
159.11238095238093
158.66843537414962
158.31639455782312
158.055306122449
157.67578231292515
157.07081632653058
156.47802721088436
156.0022448979592
155.68340136054422
155.20183673469387
154.75074829931972
154.31149659863945
153.9761224489796
153.48761904761903
152.93244897959187
152.3778231292517
151.9657823129252
151.4609523809524
150.94789115646256
150.47061224489795
150.08585034013606
149.54312925170072
149.00632653061226
148.51857142857145
148.06088435374153
147.51639455782313
147.02455782312927
146.50863945578232
146.1175510204082
145.6643537414966
145.2352380952381
144.7407482993197
144.2773469387755
143.78047619047618
143.26238095238097
142.88761904761904
142.47380952380954
142.02231292517007
141.4408843537415
140.92646258503402
140.42190476190478
139.94238095238097
139.46251700680273
139.00537414965987
138.60170068027213
138.13006802721088
137.6095918367347
137.1079591836735
136.65884353741498
136.14244897959185
135.58061224489796
135.20993197278912
134.77367346938775
134.31421768707486
133.68986394557822
133.19564625850342
132.76326530612246
132.43911564625853
132.0126530612245
131.52700680272108
131.118231292517
130.76204081632653
130.43401360544217
130.00306122448978
129.60496598639457
129.17666666666668
128.73714285714289
128.36210884353738
128.15326530612248
127.76197278911566
127.12659863945578
126.61775510204083
126.15632653061226
125.68850340136055
125.1687755102041
124.83517006802722
124.4926530612245
124.10972789115647
123.67204081632653
123.27006802721088
122.8952380952381
122.51061224489797
122.24564625850341
121.88530612244898
121.4104761904762
120.92795918367347
120.54537414965986
120.17061224489797
119.80414965986395
119.3704761904762
118.98469387755102
118.6452380952381
118.32190476190476
117.7942857142857
117.29537414965986
116.9387755102041
116.6887074829932
116.31897959183674
115.89816326530614
115.4248299319728
114.95945578231292
114.46000000000001
114.1257142857143
113.7708163265306
113.41632653061224
112.95156462585035
112.59768707482993
112.28714285714287
111.93238095238095
111.51108843537416
111.16095238095238
110.74673469387757
110.32639455782314
109.87693877551021
109.41673469387756
108.94034013605442
108.56904761904761
108.1551700680272
107.73095238095239
107.33707482993196
106.99496598639456
106.60231292517008
106.27816326530612
105.94761904761906
105.60421768707482
105.18340136054422
104.82204081632653
104.4278911564626
104.11897959183675
103.84258503401361
103.50197278911565
103.02551020408164
102.6848299319728
102.47843537414967
102.14761904761905
101.76489795918368
101.42761904761905
101.17904761904762
100.83965986394558
100.45204081632653
99.9812925170068
99.59442176870749
99.07795918367347
98.6465306122449
98.25537414965987
98.0052380952381
97.66863945578231
97.24993197278911
96.85142857142858
96.63020408163266
96.4108843537415
96.00843537414967
95.51387755102041
95.20244897959185
94.90068027210886
94.6178231292517
94.33394557823131
94.10006802721088
93.76585034013605
93.3860544217687
93.06374149659865
92.70374149659864
92.40482993197278
92.0547619047619
91.7430612244898
91.40605442176872
91.21659863945578
90.94170068027213
90.60646258503401
90.27761904761904
89.95238095238095
89.60891156462586
89.25707482993198
88.84163265306123
88.50442176870749
88.24496598639456
87.98272108843537
87.59380952380953
87.36646258503401
87.22156462585033
86.94945578231294
86.7012925170068
86.5895238095238
86.39095238095238
86.0730612244898
85.83619047619047
85.6595918367347
85.44448979591837
85.17122448979592
84.82986394557824
84.44442176870749
84.21421768707484
83.92544217687075
83.66142857142857
83.43965986394558
83.27421768707482
83.04340136054421
82.76380952380953
82.58156462585035
82.31387755102041
82.20278911564627
82.01850340136055
81.72401360544217
81.44142857142856
81.22306122448981
81.09442176870749
80.88068027210883
80.76006802721089
80.52442176870748
80.31897959183674
80.10809523809523
79.98136054421768
79.91673469387756
79.86034013605442
79.68462585034014
79.48183673469389
79.36598639455784
79.20054421768708
79.02421768707484
78.86312925170068
78.72761904761904
78.44761904761904
78.22918367346938
78.17136054421769
78.03625850340136
77.7921768707483
77.68639455782314
77.67523809523809
77.59693877551021
77.50020408163266
77.37571428571428
77.21646258503401
77.18074829931973
77.16489795918366
76.93285714285715
76.67823129251701
76.62585034013605
76.47156462585035
76.26816326530613
76.13258503401362
76.11789115646259
75.9748299319728
75.95034013605442
76.01204081632653
75.99775510204081
75.80680272108843
75.72333333333333
75.72034013605443
75.68755102040816
75.54925170068026
75.51326530612246
75.60544217687075
75.68272108843539
75.66176870748299
75.5465986394558
75.47714285714287
75.4548299319728
75.39748299319729
75.25557823129252
75.1230612244898
75.20700680272108
75.27734693877551
75.30768707482993
75.22659863945579
75.15020408163265
75.12646258503402
75.23979591836735
75.34625850340136
75.33061224489796
75.35931972789116
75.41843537414968
75.4691156462585
75.4169387755102
75.37659863945578
75.25816326530611
75.1634693877551
75.15387755102041
75.22312925170068
75.33326530612246
75.57863945578231
75.7595918367347
75.84986394557824
75.9078911564626
76.03768707482993
76.18857142857144
76.31925170068027
76.44823129251702
76.47972789115646
76.4930612244898
76.55775510204082
76.78897959183675
77.15959183673469
77.43979591836737
77.65829931972789
77.79448979591837
77.9730612244898
78.06666666666666
78.27986394557823
78.59210884353742
78.93156462585034
79.17993197278912
79.46231292517007
79.74659863945578
79.99952380952382
80.35557823129253
80.6857142857143
81.13918367346939
81.60578231292517
82.00102040816327
82.25115646258503
82.53183673469388
82.89374149659865
83.30897959183675
83.83517006802722
84.23857142857145
84.74918367346939
85.15217687074829
85.62496598639456
86.03823129251701
86.42414965986396
86.67285714285714
87.0896598639456
87.60285714285715
88.03802721088437
88.47319727891157
88.92836734693877
89.33632653061224
89.8248299319728
90.32380952380953
90.70115646258503
91.08401360544218
91.4291836734694
91.84945578231293
92.29619047619047
92.87775510204082
93.21544217687075
93.60244897959184
94.11625850340135
94.63258503401362
94.9239455782313
95.16979591836736
95.4639455782313
95.72965986394559
96.16081632653062
96.69244897959182
97.18455782312927
97.57979591836735
97.83904761904762
98.12380952380951
98.54863945578231
99.06707482993197
99.40142857142857
99.5556462585034
99.75965986394557
100.1265306122449
100.61714285714285
100.95380952380953
101.25000000000001
101.54761904761905
101.85544217687075
102.0631292517007
102.3256462585034
102.59605442176871
102.95469387755102
103.26585034013607
103.49163265306123
103.75469387755103
104.09503401360544
104.32612244897959
104.55734693877551
104.85231292517008
105.2095918367347
105.42884353741498
105.55918367346939
105.72115646258504
106.05469387755103
106.40761904761905
106.7117006802721
106.92687074829932
107.22646258503403
107.341768707483
107.50197278911565
107.6829931972789
108.02625850340137
108.21251700680273
108.29034013605443
108.50102040816327
108.70326530612246
108.75251700680272
108.76687074829933
108.83489795918368
108.8148299319728
108.71326530612245
108.79884353741497
108.75639455782314
108.65537414965986
108.55578231292517
108.47442176870747
108.24612244897959
108.14333333333335
108.06068027210884
107.91877551020409
107.59455782312926
107.40210884353743
107.10068027210885
106.87625850340136
106.4821768707483
106.12170068027211
105.74421768707484
105.36714285714287
104.93931972789116
104.56510204081633
104.3078231292517
103.97857142857143
103.61503401360545
103.21380952380952
102.71863945578232
102.17673469387756
101.6774149659864
101.15795918367347
100.69557823129253
100.29489795918369
99.96149659863947
99.49210884353742
99.10129251700681
98.71673469387756
98.35217687074831
98.13850340136055
97.86469387755102
97.36360544217688
96.66095238095238
96.11897959183673
95.73734693877552
95.4422448979592
95.1170068027211
94.781768707483
94.3813605442177
93.88591836734696
93.32054421768709
92.98605442176873
92.68816326530612
92.30000000000001
91.87775510204082
91.64782312925172
91.48435374149662
91.16183673469388
90.73605442176871
90.2878231292517
90.03748299319729
89.93829931972789
89.65013605442176
89.18972789115647
88.74605442176872
88.61551020408163
88.33068027210885
88.04897959183674
87.68727891156462
87.37591836734693
86.97353741496599
86.72802721088436
86.57544217687075
86.37564625850341
85.99068027210885
85.54557823129252
85.36680272108843
85.21897959183673
84.88068027210885
84.42374149659864
84.11312925170068
83.8791156462585
83.60272108843537
83.41183673469388
83.1638775510204
82.94054421768709
82.6391156462585
82.49537414965987
82.47421768707484
82.34292517006804
82.00965986394559
81.71918367346939
81.49816326530612
81.3513605442177
81.25510204081633
81.18306122448979
81.05530612244898
80.95795918367347
80.88442176870748
80.83238095238094
80.73523809523809
80.47462585034013
80.20891156462585
80.08414965986395
80.06095238095239
79.95789115646258
79.89802721088435
79.841768707483
79.72503401360544
79.59272108843537
79.49190476190478
79.4830612244898
79.42823129251703
79.50938775510204
79.5339455782313
79.46666666666667
79.42897959183674
79.41619047619048
79.34659863945578
79.19442176870749
79.1543537414966
79.14775510204083
79.20551020408163
79.29816326530612
79.26340136054421
79.22489795918366
79.2291836734694
79.22510204081632
79.31605442176871
79.41244897959184
79.48183673469389
79.52455782312927
79.5478231292517
79.52068027210885
79.46857142857144
79.60408163265308
79.6426530612245
79.738231292517
79.81571428571428
79.90489795918367
79.98659863945579
80.15714285714286
80.24142857142857
80.37564625850341
80.5160544217687
80.6804081632653
80.68755102040816
80.80904761904762
81.00816326530614
81.20979591836736
81.31129251700679
81.38775510204081
81.54972789115646
81.76278911564626
81.87496598639456
82.05006802721088
82.15156462585036
82.29170068027211
82.37612244897959
82.68639455782312
83.06673469387755
83.34387755102041
83.30816326530612
83.24374149659864
83.37081632653063
83.62680272108844
83.80285714285715
84.02448979591837
84.13768707482993
84.22394557823128
84.28074829931973
84.53204081632653
84.69755102040816
84.84258503401361
85.02156462585035
85.25469387755102
85.31727891156463
85.28333333333333
85.37802721088434
85.61374149659864
85.88938775510205
86.12469387755104
86.33197278911565
86.61734693877551
86.95782312925171
87.29897959183674
87.41462585034014
87.57020408163265
87.71081632653062
87.97789115646259
88.20802721088435
88.42326530612246
88.58829931972788
88.77925170068028
88.99537414965988
89.07863945578231
89.02231292517007
89.07510204081632
89.28312925170067
89.45469387755102
89.52666666666667
89.62972789115648
89.71802721088436
89.81673469387755
90.02829931972789
90.25965986394557
90.54421768707485
90.72054421768708
90.82360544217687
91.00482993197281
91.28340136054422
91.6029931972789
91.71108843537417
91.76251700680272
91.86605442176871
92.18034013605443
92.45448979591836
92.53802721088437
92.68666666666667
92.88496598639456
93.21394557823129
93.54231292517007
93.8738775510204
94.15244897959184
94.4134693877551
94.58054421768708
94.77510204081634
95.01149659863945
95.36326530612244
95.79292517006802
96.2639455782313
96.52884353741497
96.85013605442177
97.3509523809524
97.75156462585034
98.10972789115647
98.55401360544218
99.14789115646258
99.61163265306124
100.18102040816326
100.63251700680271
101.23469387755101
101.92462585034015
102.6230612244898
103.22394557823131
103.88448979591837
104.59469387755102
105.41360544217687
106.40857142857145
107.52387755102042
108.67795918367345
109.9208843537415
111.25653061224489
112.69714285714285
114.16605442176872
115.80142857142857
117.46374149659864
119.12632653061226
120.80040816326532
122.63585034013605
124.45721088435374
126.03095238095239
127.42000000000002
128.60163265306122
129.53721088435375
130.17755102040817
130.65081632653062
130.92537414965986
131.21414965986395
131.61258503401362
132.07979591836732
132.3765306122449
132.76619047619047
132.99659863945578
133.1548299319728
133.28714285714287
133.60238095238094
133.68285714285713
133.69
133.70557823129252
133.8826530612245
134.08877551020407
134.30224489795918
134.45210884353742
134.46176870748297
134.43585034013608
134.509387755102
134.47346938775513
134.29204081632653
133.89557823129252
133.66510204081632
133.65448979591838
133.92625850340136
134.24863945578232
134.48421768707482
134.59510204081636
134.62040816326532
134.802380952381
134.96408163265306
135.07591836734696
135.01122448979595
134.74850340136052
134.18040816326533
133.52850340136055
132.87047619047618
132.1873469387755
131.5938095238095
131.11979591836734
130.5227210884354
129.68666666666667
128.48789115646258
127.10156462585034
125.09156462585035
122.70462585034015
120.33877551020409
118.28693877551021
116.25455782312925
114.14210884353741
112.02272108843538
110.00578231292519
108.09884353741498
106.30197278911564
104.42748299319727
102.74360544217687
101.07768707482992
99.42891156462585
97.80482993197279
96.1704761904762
94.47680272108843
92.79278911564626
91.30319727891157
89.94156462585033
88.5904761904762
87.16598639455782
85.69312925170068
84.34931972789117
83.06326530612245
81.85272108843537
80.55142857142857
79.19789115646259
77.71673469387756
76.36408163265307
75.07040816326531
73.94455782312926
72.78251700680272
71.78897959183672
71.00659863945577
70.49047619047619
70.17557823129252
69.83755102040816
69.30503401360545
68.37272108843538
67.21176870748299
66.0612925170068
64.90925170068027
63.504081632653055
61.721224489795915
60.11210884353741
58.535578231292476
56.542891156462545
