144.4750340136055
144.60224489795914
144.70496598639457
144.90047619047618
145.2755782312925
145.30013605442178
145.21238095238093
145.11326530612246
145.17170068027212
145.12197278911566
145.02367346938775
144.86632653061227
144.68435374149658
144.38319727891155
144.1387074829932
144.05517006802722
144.12537414965988
144.25061224489798
144.418843537415
144.52863945578233
144.32707482993197
144.04653061224488
143.85564625850338
143.73809523809527
143.6587755102041
143.6842176870748
143.75972789115647
143.6887074829932
143.5514965986395
143.47775510204082
143.5248299319728
143.60721088435378
143.52210884353744
143.32408163265308
143.221768707483
143.18142857142857
143.11551020408163
142.96081632653062
142.8385714285714
142.85034013605446
142.99687074829933
143.1363945578231
143.21027210884353
143.23904761904762
143.23278911564626
143.1548299319728
143.04054421768708
142.99149659863946
143.02761904761905
142.9613605442177
142.8114285714286
142.76612244897962
142.77836734693875
142.7487074829932
142.8421768707483
143.11761904761906
143.19387755102042
143.18258503401364
143.23224489795922
143.33748299319728
143.32931972789115
143.2774149659864
143.316462585034
143.3257142857143
143.31272108843538
143.33462585034013
143.4121088435374
143.50925170068027
143.50108843537416
143.4191156462585
143.20367346938775
142.96285714285713
142.928843537415
143.1521768707483
143.53795918367348
143.74421768707484
143.78061224489795
143.80346938775511
143.80074829931974
143.75707482993198
143.56727891156464
143.41707482993198
143.35319727891158
143.41714285714286
143.50176870748302
143.35843537414968
143.35972789115647
143.47755102040816
143.71850340136052
143.69231292517009
143.66557823129253
143.74442176870747
143.86272108843536
143.91149659863947
143.94850340136054
144.0419047619048
144.03707482993195
143.92850340136056
143.89278911564625
143.9974149659864
144.04721088435377
144.10972789115647
144.10190476190476
144.23061224489797
144.35469387755103
144.59503401360544
144.7612925170068
145.12802721088434
145.51380952380953
145.7843537414966
146.01210884353742
146.26108843537415
146.52476190476193
146.7248979591837
146.92170068027212
147.07945578231295
147.27204081632652
147.58251700680273
148.0104081632653
148.44734693877552
148.90850340136055
149.37115646258502
149.84938775510204
150.16299319727892
150.48068027210883
150.74163265306123
151.02428571428572
151.1872108843537
151.38761904761907
151.4469387755102
151.72136054421767
152.05020408163264
152.4090476190476
152.51619047619047
152.74741496598637
152.99782312925169
153.3995918367347
153.8199319727891
154.34367346938774
154.76891156462588
155.22945578231293
155.75863945578232
156.37666666666667
156.8712244897959
157.29666666666668
157.6344217687075
158.03727891156464
158.52353741496597
159.20251700680274
159.93829931972792
160.62326530612245
161.2100680272109
161.72938775510204
162.24292517006805
162.69047619047618
163.04299319727892
163.4013605442177
163.94809523809522
164.5857142857143
165.10333333333335
165.54564625850338
166.06040816326532
166.7500680272109
167.52421768707484
168.42061224489797
169.23571428571427
170.02931972789116
170.9070068027211
171.79238095238094
172.60673469387754
173.3621768707483
174.29768707482992
175.15802721088437
176.16442176870748
177.07891156462586
178.0956462585034
178.8270068027211
179.58374149659863
180.47
181.58476190476193
182.68551020408165
183.73020408163268
184.78598639455782
185.7561224489796
186.68721088435376
187.73564625850344
188.88013605442177
189.9840816326531
190.90244897959184
191.92469387755105
193.03027210884358
194.1426530612245
195.01557823129252
196.0142857142857
197.1025850340136
198.1691156462585
199.09197278911566
200.02768707482994
201.03721088435373
201.95517006802723
202.78965986394562
203.6205442176871
204.59557823129254
205.55278911564625
206.35020408163265
206.98068027210886
207.77367346938775
208.63761904761907
209.4334013605442
210.13102040816327
210.8590476190476
211.52863945578235
212.128231292517
212.80945578231294
213.47278911564626
214.01877551020408
214.51891156462585
215.08278911564625
215.675306122449
216.1865306122449
216.64176870748298
217.07959183673472
217.53428571428574
217.90666666666667
218.2730612244898
218.6177551020408
218.9443537414966
219.312925170068
219.60795918367347
219.81074829931973
219.97346938775513
220.238231292517
220.44210884353743
220.5130612244898
220.55544217687074
220.69496598639455
220.83666666666667
220.87476190476193
220.87605442176874
220.89625850340136
220.85517006802723
220.7517006802721
220.63612244897956
220.44571428571427
220.19850340136054
219.97414965986394
219.7813605442177
219.53401360544217
219.20523809523812
218.88061224489792
218.5955782312925
218.24197278911564
217.74802721088437
217.21775510204083
216.79986394557824
216.4400680272109
216.0251700680272
215.47904761904763
214.860612244898
214.3478231292517
213.9226530612245
213.4830612244898
212.89802721088435
212.2140136054422
211.5786394557823
211.00972789115644
210.39965986394554
209.7248299319728
209.1313605442177
208.51727891156463
207.93156462585034
207.35244897959183
206.79700680272109
206.02517006802722
205.23646258503402
204.58625850340135
204.0157142857143
203.38551020408164
202.75190476190477
202.26013605442176
201.75476190476195
201.17333333333335
200.61435374149661
200.06816326530614
199.57034013605443
199.06
198.62156462585037
198.1843537414966
197.7874149659864
197.41061224489795
197.06721088435376
196.75619047619048
196.3844217687075
196.03326530612247
195.7434693877551
195.50965986394556
195.1757142857143
194.93965986394556
194.76183673469387
194.6483673469388
194.43911564625853
194.30632653061224
194.20435374149662
194.05224489795916
193.88027210884354
193.6944897959184
193.64761904761903
193.58993197278912
193.61761904761903
193.64687074829934
193.71312925170068
193.76129251700678
193.7895918367347
193.83380952380952
193.9199319727891
194.03251700680272
194.16823129251702
194.24170068027212
194.3221088435374
194.37510204081633
194.5321768707483
194.69231292517009
194.82319727891155
194.92544217687075
195.10857142857145
195.27857142857144
195.3968707482993
195.48061224489797
195.58299319727894
195.73462585034014
195.91938775510204
196.06489795918367
196.11585034013606
196.23544217687075
196.33843537414964
196.42687074829934
196.45115646258503
196.51639455782316
196.57374149659864
196.7034693877551
196.8043537414966
196.83551020408166
196.88925170068026
197.02986394557823
197.11544217687074
197.1561904761905
197.2022448979592
197.24387755102043
197.2144217687075
197.187074829932
197.22170068027214
197.30938775510202
197.33258503401362
197.33095238095237
197.37863945578232
197.4173469387755
197.44136054421767
197.44959183673473
197.5582993197279
197.60823129251702
197.69537414965987
197.67455782312925
197.5851020408163
197.441768707483
197.3991156462585
197.4122448979592
197.39666666666665
197.46564625850343
197.50931972789118
197.59496598639458
197.6077551020408
197.61632653061224
197.53823129251703
197.49816326530612
197.4312244897959
197.31238095238098
197.20278911564625
197.1516326530612
197.15768707482994
197.18639455782312
197.21775510204083
197.21965986394554
197.15959183673468
197.04693877551023
196.96333333333337
196.93170068027214
196.91748299319727
196.86115646258503
196.79965986394558
196.72414965986397
196.6357823129252
196.56251700680272
196.50632653061226
196.44625850340137
196.3418367346939
196.25564625850342
196.1409523809524
196.02857142857144
195.87040816326532
195.84653061224492
195.85469387755103
195.78673469387752
195.57115646258504
195.46251700680276
195.41034013605443
195.23945578231294
195.02353741496597
194.94802721088433
195.0440136054422
194.9465986394558
194.73013605442173
194.52530612244897
194.49006802721087
194.43979591836737
194.3521768707483
194.2608163265306
194.11625850340135
193.90782312925174
193.71625850340138
193.52714285714288
193.3708843537415
193.2619047619048
193.28979591836736
193.20761904761903
193.02224489795918
192.75775510204082
192.5926530612245
192.45360544217687
192.29850340136056
192.07183673469387
191.7677551020408
191.56721088435376
191.5140136054422
191.5091156462585
191.3521088435374
191.15319727891156
190.99591836734695
190.81850340136054
190.60095238095238
190.35945578231292
190.1091156462585
189.84646258503403
189.62884353741498
189.41244897959186
189.16061224489795
188.91714285714286
188.7395238095238
188.6012925170068
188.44836734693877
188.3247619047619
188.14068027210885
187.89646258503402
187.60789115646259
187.31238095238098
187.04625850340136
186.80455782312924
186.63136054421767
186.43510204081633
186.22476190476192
185.9183673469388
185.60530612244898
185.2526530612245
184.92442176870748
184.63319727891155
184.4244217687075
184.10598639455785
183.70129251700683
183.40632653061226
183.1395918367347
182.7955102040816
182.36680272108845
182.12523809523807
181.8352380952381
181.47727891156464
181.11870748299322
180.9357142857143
180.6465306122449
180.29646258503402
179.91904761904766
179.64360544217686
179.36673469387756
179.03428571428572
178.61646258503404
178.21156462585037
177.90598639455783
177.57836734693876
177.33687074829933
177.01598639455784
176.7313605442177
176.37598639455783
176.03517006802724
175.63061224489797
175.32367346938776
174.98965986394558
174.61795918367346
174.17061224489797
173.6731292517007
173.21448979591835
172.89149659863943
172.6878231292517
172.38088435374146
172.05244897959187
171.67625850340136
171.42802721088438
171.04680272108845
170.67272108843537
170.2361224489796
169.8776870748299
169.49625850340135
169.15693877551018
168.80748299319728
168.45000000000002
168.08816326530615
167.70904761904762
167.33197278911564
167.02380952380952
166.68190476190478
166.28564625850342
165.81306122448981
165.3930612244898
165.09673469387758
164.85891156462588
164.48489795918368
163.95142857142858
163.51823129251702
163.2234693877551
162.94333333333336
162.61394557823132
162.22687074829932
161.8304081632653
161.33170068027212
160.8613605442177
160.44789115646262
160.08605442176872
159.6590476190476
159.28333333333336
158.9596598639456
158.5200680272109
157.94251700680275
157.44795918367348
157.0274149659864
156.61292517006802
156.1504081632653
155.76931972789117
155.36972789115646
154.86122448979592
154.32585034013607
153.89156462585032
153.50782312925168
152.99612244897958
152.44489795918366
151.99938775510205
151.6491156462585
151.24496598639456
150.67843537414967
150.10319727891158
149.53176870748302
149.08959183673468
148.7061224489796
148.39578231292518
147.93639455782312
147.5265306122449
146.9408843537415
146.42040816326534
145.91993197278913
145.56829931972788
145.05374149659866
144.61183673469387
144.19360544217687
143.79544217687075
143.2925170068027
142.7613605442177
142.2570068027211
141.84340136054425
141.36619047619047
140.8908843537415
140.49904761904764
140.0692517006803
139.57775510204084
139.06326530612245
138.6343537414966
138.1060544217687
137.6878231292517
137.27510204081634
136.9004761904762
136.38612244897962
135.87639455782312
135.4142857142857
135.05149659863946
134.6334013605442
134.17761904761903
133.6900680272109
133.30197278911567
132.9539455782313
132.5440136054422
132.05074829931974
131.62360544217685
131.32374149659864
131.07326530612247
130.79367346938776
130.3912925170068
129.90639455782315
129.48421768707482
129.02870748299318
128.63897959183672
128.24755102040817
127.82897959183674
127.36190476190477
127.01163265306123
126.72136054421769
126.39054421768707
125.94639455782313
125.49789115646259
125.10435374149661
124.90537414965988
124.5482993197279
124.09571428571428
123.60952380952381
123.3478911564626
122.95619047619047
122.61809523809525
122.19292517006804
121.83292517006802
121.34884353741495
121.05319727891157
120.63578231292517
120.22979591836736
119.8169387755102
119.49904761904762
119.18598639455783
118.79272108843539
118.32925170068026
117.8634693877551
117.63687074829933
117.32965986394558
116.87775510204082
116.33455782312924
116.03285714285715
115.79816326530613
115.51884353741497
115.12503401360544
114.71829931972789
114.3339455782313
113.91789115646259
113.52945578231292
113.10000000000001
112.65897959183674
112.2222448979592
111.88272108843537
111.4344217687075
110.96857142857142
110.58578231292518
110.32517006802722
109.85217687074831
109.43551020408164
109.11891156462585
108.91632653061225
108.54401360544217
108.32612244897959
107.98659863945578
107.5321768707483
106.99768707482993
106.65326530612245
106.40197278911566
106.18591836734693
105.92326530612246
105.57251700680273
105.16938775510205
104.80897959183673
104.47272108843538
104.17244897959183
103.81585034013605
103.49795918367346
103.06775510204082
102.56517006802721
102.12040816326531
101.77619047619048
101.41625850340135
101.10122448979592
100.81149659863945
100.44557823129252
100.02585034013606
99.7208843537415
99.49448979591837
99.28421768707483
98.98741496598639
98.66727891156464
98.29632653061225
97.98183673469387
97.71564625850341
97.42095238095239
96.98707482993197
96.59292517006803
96.27972789115645
95.93190476190476
95.64319727891157
95.34632653061226
95.14448979591836
94.90598639455783
94.67687074829932
94.26931972789116
93.88081632653062
93.49374149659864
93.29700680272109
93.06074829931973
92.70700680272108
92.18863945578232
91.87829931972789
91.64578231292518
91.42006802721089
91.18183673469389
90.96122448979591
90.67979591836735
90.39027210884355
90.12741496598639
89.98986394557824
89.8243537414966
89.6308843537415
89.46639455782312
89.36020408163265
89.0544217687075
88.60122448979592
88.15734693877552
87.95993197278912
87.745306122449
87.58952380952381
87.39598639455782
87.16292517006804
86.83217687074831
86.43857142857144
86.14163265306124
85.90578231292517
85.85986394557824
85.74870748299321
85.39802721088436
85.03299319727893
84.81517006802721
84.69761904761906
84.58619047619047
84.45537414965986
84.30122448979591
84.08183673469387
83.98122448979592
83.91625850340137
83.83857142857143
83.63585034013605
83.3269387755102
83.02462585034013
82.89380952380952
82.86428571428571
82.80979591836734
82.60904761904762
82.35598639455782
82.13380952380953
81.98448979591836
81.85829931972789
81.65625850340138
81.46455782312925
81.4152380952381
81.40408163265306
81.2899319727891
81.15659863945578
81.17428571428572
81.14680272108842
81.02503401360545
80.77857142857144
80.58401360544218
80.3926530612245
80.23904761904762
79.90238095238097
79.65020408163265
79.57721088435375
79.71027210884353
79.75353741496599
79.70544217687075
79.70598639455781
79.70319727891157
79.60020408163265
79.43557823129251
79.36319727891157
79.36965986394559
79.32700680272109
79.20108843537415
79.10952380952382
79.13020408163266
79.12163265306123
79.1195238095238
79.18802721088434
79.20190476190476
79.08598639455782
78.88537414965987
78.73163265306123
78.65442176870748
78.70646258503402
78.75394557823128
78.74442176870748
78.76972789115646
78.93346938775508
79.15707482993197
79.26054421768707
79.12204081632653
79.05020408163266
79.11244897959185
79.12775510204082
79.03789115646259
78.94122448979591
79.02462585034014
78.96251700680273
78.98299319727892
79.01285714285714
79.1574149659864
79.25727891156461
79.39469387755102
79.53367346938776
79.58782312925172
79.79251700680271
79.97122448979592
80.01775510204082
80.04421768707485
80.12455782312927
80.1730612244898
80.22809523809524
80.5382993197279
80.92061224489795
81.29149659863945
81.53829931972791
81.59006802721089
81.67340136054423
81.89639455782313
82.28510204081633
82.4769387755102
82.72231292517009
83.02904761904762
83.46789115646258
83.81721088435374
84.09068027210884
84.37680272108844
84.72217687074831
85.11537414965987
85.4512925170068
85.77523809523811
86.07727891156462
86.4826530612245
87.04380952380953
87.53918367346938
87.86646258503401
88.15768707482994
88.58605442176872
89.12632653061225
89.67523809523811
90.05496598639456
90.32190476190476
90.69455782312926
91.25115646258503
91.71074829931973
92.09918367346938
92.46945578231293
92.9140136054422
93.32673469387757
93.69027210884354
94.07258503401361
94.5370068027211
95.03605442176871
95.53176870748298
95.91918367346939
96.35775510204081
96.77210884353741
97.2621768707483
97.59666666666666
97.97598639455782
98.48020408163265
99.09496598639456
99.45585034013607
99.60585034013604
99.81809523809522
100.2395918367347
100.63761904761905
101.06979591836736
101.3795238095238
101.66802721088436
101.95408163265304
102.47482993197279
102.88333333333333
103.2852380952381
103.57632653061225
103.80299319727891
103.99789115646259
104.38095238095238
104.81693877551021
105.18061224489796
105.46020408163265
105.7313605442177
105.99299319727892
106.2082993197279
106.37414965986395
106.59278911564626
106.8704761904762
107.16102040816327
107.47578231292518
107.6543537414966
107.78333333333333
108.05299319727891
108.51224489795919
108.82292517006802
108.99517006802722
109.11673469387756
109.43129251700682
109.89326530612244
110.30598639455783
110.54687074829933
110.67299319727891
110.71700680272109
110.78503401360544
111.05142857142857
111.34054421768708
111.54639455782313
111.66938775510205
111.79605442176872
111.97312925170068
112.21653061224491
112.33387755102041
112.31333333333333
112.28054421768707
112.24510204081632
112.1669387755102
112.21476190476191
112.23680272108844
112.25054421768708
112.13489795918368
111.99394557823129
111.74931972789116
111.65231292517007
111.50680272108843
111.25897959183673
110.96068027210883
110.83687074829933
110.70401360544217
110.58551020408163
110.22108843537416
109.80666666666666
109.24972789115647
108.87353741496598
108.54857142857142
108.33333333333334
107.9204761904762
107.44557823129253
106.97768707482993
106.66353741496599
106.43462585034014
106.05244897959184
105.49714285714286
104.91374149659865
104.5387074829932
104.20761904761905
103.8508843537415
103.33632653061224
102.78340136054422
102.32727891156462
102.07448979591838
101.91204081632654
101.60891156462586
101.09278911564627
100.4438775510204
99.96278911564626
99.51965986394559
99.13469387755103
98.8361904761905
98.6526530612245
98.29523809523809
97.83183673469388
97.38095238095238
96.94727891156464
96.58238095238096
96.3155782312925
96.07068027210885
95.73965986394559
95.46102040816328
95.0581632653061
94.68333333333334
94.25789115646259
93.99408163265306
93.71408163265308
93.44714285714285
93.12510204081633
92.92836734693878
92.63224489795918
92.29891156462585
91.9104761904762
91.62530612244898
91.27585034013607
91.11448979591837
90.92904761904762
90.69278911564626
90.23789115646258
89.83748299319728
89.47802721088435
89.32183673469389
89.0821768707483
88.84006802721089
88.40795918367347
88.01986394557824
87.52979591836734
87.30510204081631
87.07034013605443
86.93680272108844
86.68972789115647
86.48034013605442
86.3074149659864
86.19585034013606
86.01523809523809
85.70693877551021
85.44469387755102
85.28129251700682
85.24578231292517
85.08115646258504
84.89163265306122
84.78544217687073
84.78789115646258
84.57673469387755
84.36503401360544
84.21095238095238
84.1391156462585
83.99360544217687
83.95979591836735
83.97197278911565
83.99190476190475
83.86517006802723
83.73238095238096
83.53435374149659
83.39278911564625
83.41551020408163
83.37632653061225
83.19448979591837
83.08312925170068
83.2642857142857
83.36068027210885
83.28272108843538
83.08340136054423
82.99761904761905
83.0795238095238
83.25659863945579
83.18204081632655
83.0108163265306
82.87904761904761
82.92952380952381
82.90897959183674
82.87986394557825
82.79489795918367
82.84258503401361
82.95000000000002
83.14721088435375
83.25108843537416
83.25040816326532
83.12292517006804
83.07448979591837
83.20578231292518
83.40156462585034
83.54428571428572
83.49340136054423
83.55775510204083
83.69163265306122
83.82768707482994
83.88462585034014
83.9938775510204
84.12612244897959
84.21414965986395
84.21768707482993
84.42421768707483
84.76319727891155
85.01986394557824
85.02272108843539
85.1552380952381
85.27632653061225
85.35598639455782
85.52877551020408
85.78802721088437
85.9561224489796
86.07176870748299
86.28503401360544
86.48367346938775
86.62877551020408
86.81625850340137
86.96006802721088
87.0974149659864
87.21632653061224
87.40564625850341
87.4613605442177
87.56027210884355
87.78551020408165
87.95823129251701
88.01789115646258
88.10469387755103
88.21136054421768
88.3204761904762
88.50115646258503
88.68054421768707
88.78775510204082
88.91619047619048
89.10265306122449
89.26700680272108
89.38557823129251
89.49108843537415
89.75721088435374
90.21
90.64585034013606
90.89238095238095
90.96537414965988
91.0069387755102
91.31149659863947
91.70693877551021
91.91598639455783
91.9661224489796
92.10700680272109
92.27925170068028
92.40163265306123
92.46707482993197
92.60952380952381
92.81408163265306
92.97333333333333
92.89421768707484
92.93183673469387
93.0430612244898
93.19578231292519
93.34530612244899
93.66612244897959
94.00857142857143
94.14666666666668
94.23972789115646
94.37333333333333
94.64979591836735
94.87619047619047
95.02224489795918
95.21666666666667
95.35884353741497
95.49258503401359
95.65557823129251
95.8729931972789
96.0169387755102
96.13102040816327
96.348231292517
96.62884353741497
96.94687074829932
97.31006802721089
97.45782312925171
97.65741496598639
97.88000000000001
98.23176870748298
98.48360544217688
98.87517006802722
99.23986394557824
99.55836734693877
99.92734693877551
100.31578231292518
100.69931972789115
101.00836734693877
101.4438775510204
101.90122448979592
102.37965986394559
102.74714285714286
103.21768707482994
103.70251700680274
104.30639455782313
105.01367346938775
105.69469387755102
106.22047619047618
106.81455782312926
107.58027210884353
108.53673469387756
109.55761904761906
110.64190476190475
111.5852380952381
112.7278231292517
113.95285714285714
115.47741496598641
116.95340136054422
118.58272108843538
120.15768707482994
121.87149659863945
123.61768707482993
125.42204081632654
127.00204081632654
128.3986394557823
129.81884353741498
131.10523809523812
131.9248299319728
132.4904081632653
133.01591836734696
133.43204081632655
133.6829931972789
133.89972789115646
134.12149659863945
134.32074829931972
134.61612244897958
134.90843537414966
135.03448979591838
135.1547619047619
135.21360544217686
135.29578231292518
135.29231292517008
135.5017006802721
135.7904081632653
136.0160544217687
136.14646258503404
136.30285714285714
136.37857142857143
136.2987074829932
136.09156462585034
135.96163265306123
135.72061224489798
135.51986394557827
135.32285714285717
135.33816326530612
135.47965986394559
135.78408163265306
135.91795918367347
136.06183673469388
136.14482993197282
136.36074829931977
136.34074829931973
136.37020408163266
136.18034013605444
135.81897959183675
135.17224489795922
134.4965306122449
133.79938775510203
133.12931972789116
132.45979591836735
131.85809523809525
131.19299319727892
130.38639455782314
129.3409523809524
127.83353741496597
125.84054421768708
123.46537414965985
121.03244897959183
118.67346938775509
116.63204081632655
114.75081632653061
112.8569387755102
110.86000000000001
108.76102040816326
106.70455782312925
104.93476190476191
103.41448979591837
101.88027210884353
100.12190476190477
98.38054421768707
96.79149659863945
95.23809523809526
93.72850340136054
92.2487074829932
90.92945578231293
89.7052380952381
88.51659863945578
87.18517006802722
85.71659863945578
84.6421088435374
83.60285714285715
82.51170068027211
81.10034013605443
79.69693877551019
78.4060544217687
77.2221768707483
76.12979591836735
74.99204081632654
74.02877551020407
73.24047619047619
72.67591836734695
72.40666666666667
72.08197278911564
71.52088435374151
70.57428571428572
69.68850340136056
68.57748299319728
67.18183673469387
65.54380952380953
64.01591836734694
62.3121768707483
60.51489795918364
58.895680272108805
