145.66370748299326
145.9832653061224
146.33700680272108
146.67925170068025
146.77707482993196
146.84761904761905
146.82687074829934
146.8074149659864
146.77142857142857
146.83224489795919
146.898231292517
146.6574149659864
146.2539455782313
145.87081632653064
145.70408163265307
145.57897959183674
145.66816326530613
145.81707482993198
145.95034013605442
145.95734693877552
145.8951020408163
145.72632653061225
145.5933333333333
145.4565306122449
145.35625850340136
145.16625850340137
145.125306122449
145.11299319727894
145.18312925170068
145.20809523809524
145.23918367346937
145.26496598639454
145.2295918367347
145.05993197278912
144.8638775510204
144.752925170068
144.6474829931973
144.48238095238096
144.4842857142857
144.61122448979592
144.7555782312925
144.8491836734694
144.9725850340136
144.93673469387755
144.7779591836735
144.7074149659864
144.628231292517
144.579387755102
144.50115646258504
144.4865986394558
144.43258503401364
144.36149659863946
144.39462585034016
144.38122448979593
144.4277551020408
144.45027210884354
144.58061224489794
144.70761904761906
144.84000000000003
144.8839455782313
144.87122448979594
144.91965986394558
144.9822448979592
145.0625850340136
145.1001360544218
145.13877551020408
145.151768707483
145.23265306122448
145.18748299319728
144.96414965986395
144.7144217687075
144.49530612244897
144.47095238095235
144.67795918367347
145.0330612244898
145.306462585034
145.41761904761904
145.45857142857142
145.5247619047619
145.5365986394558
145.4467346938776
145.31027210884355
145.21448979591838
144.98204081632656
144.8774149659864
144.93836734693878
144.97102040816327
144.97802721088436
145.13619047619048
145.2900680272109
145.35727891156463
145.29972789115646
145.29340136054418
145.3834013605442
145.6503401360544
145.6829931972789
145.53748299319727
145.46598639455783
145.4733333333333
145.5878231292517
145.64530612244897
145.7825850340136
145.86802721088435
145.99809523809526
146.04095238095238
146.15836734693877
146.4026530612245
146.69163265306122
146.9240136054422
147.1340136054422
147.4359863945578
147.92122448979592
148.2030612244898
148.19761904761904
148.19510204081632
148.44210884353743
148.79387755102042
149.0873469387755
149.35578231292516
149.68884353741495
150.20884353741496
150.85591836734693
151.3008843537415
151.52292517006802
151.6961224489796
152.03938775510207
152.26258503401363
152.5005442176871
152.77421768707484
153.1052380952381
153.17476190476188
153.36
153.63190476190476
153.90761904761905
154.10074829931972
154.35931972789115
154.745306122449
155.2761904761905
155.83353741496597
156.27326530612245
156.7052380952381
157.21129251700683
157.66278911564626
158.0595238095238
158.4991836734694
159.0427891156463
159.59503401360544
160.11687074829933
160.5752380952381
161.21843537414966
161.93551020408162
162.59510204081633
163.0114285714286
163.52108843537417
163.98965986394558
164.3210204081633
164.6361224489796
165.1887755102041
165.84156462585037
166.41102040816327
166.8356462585034
167.39394557823127
168.15537414965988
169.0153741496599
169.59374149659865
170.31129251700682
171.1296598639456
172.06768707482993
172.8661224489796
173.75149659863948
174.71102040816328
175.62571428571428
176.33244897959185
177.06843537414966
177.93727891156465
178.89591836734692
179.75401360544217
180.65204081632652
181.52646258503404
182.45523809523812
183.35462585034014
184.40285714285716
185.464693877551
186.5500680272109
187.46074829931973
188.4562585034014
189.46802721088437
190.5325850340136
191.47782312925168
192.46591836734694
193.47455782312926
194.4647619047619
195.40727891156462
196.40428571428572
197.4108843537415
198.39183673469387
199.32564625850338
200.30190476190475
201.253537414966
202.1157142857143
202.88367346938776
203.75775510204082
204.6561904761905
205.49857142857144
206.2331292517007
206.96496598639456
207.7489795918367
208.5595918367347
209.298843537415
209.9957823129252
210.6387755102041
211.2848299319728
211.91435374149663
212.55714285714288
213.20687074829934
213.79727891156463
214.37319727891156
214.88700680272106
215.38108843537418
215.82721088435378
216.30544217687077
216.8140136054422
217.25156462585034
217.65666666666667
218.08006802721087
218.39020408163267
218.62088435374147
218.90299319727893
219.18040816326533
219.467074829932
219.70884353741496
219.93061224489793
220.0331292517007
220.18312925170068
220.28809523809525
220.4038775510204
220.48557823129252
220.5140136054422
220.43217687074832
220.3739455782313
220.3334693877551
220.32707482993197
220.2523129251701
220.07530612244898
219.80000000000004
219.58013605442179
219.3757823129252
219.18244897959184
218.886462585034
218.59496598639456
218.2025850340136
217.78442176870752
217.3705442176871
216.94734693877552
216.55721088435374
216.15585034013606
215.73931972789117
215.15653061224492
214.60551020408164
214.1022448979592
213.6247619047619
213.11156462585035
212.6191836734694
212.03598639455785
211.3987074829932
210.74721088435376
210.1765986394558
209.5074149659864
208.86816326530612
208.26299319727892
207.7613605442177
207.15224489795918
206.52727891156462
205.91231292517008
205.30687074829933
204.6112925170068
203.96904761904761
203.3734693877551
202.8094557823129
202.15292517006804
201.6061224489796
201.06503401360544
200.56027210884358
200.05258503401362
199.5673469387755
199.1259863945578
198.68741496598642
198.3175510204082
197.91714285714286
197.4976870748299
197.05748299319728
196.68632653061223
196.39503401360545
196.1020408163265
195.83414965986393
195.5274149659864
195.21231292517007
195.00095238095238
194.91367346938773
194.83850340136053
194.648231292517
194.43843537414966
194.26122448979592
194.1070068027211
193.95353741496598
193.8274149659864
193.7705442176871
193.7434693877551
193.75408163265305
193.72918367346938
193.65646258503403
193.6391836734694
193.7522448979592
193.9003401360544
194.05802721088435
194.16809523809525
194.23952380952386
194.34911564625853
194.423537414966
194.56081632653064
194.6374829931973
194.7668707482993
194.86204081632656
195.05448979591839
195.1913605442177
195.26782312925167
195.38455782312926
195.4808843537415
195.6274149659864
195.81829931972788
195.95884353741496
196.01074829931974
196.16809523809525
196.39020408163267
196.45680272108845
196.4237414965986
196.37809523809523
196.43680272108847
196.60068027210886
196.77129251700683
196.8396598639456
196.87551020408165
196.958231292517
197.07802721088433
197.08367346938775
197.07632653061225
197.0751700680272
197.155306122449
197.20074829931974
197.238231292517
197.29544217687078
197.2691836734694
197.21115646258505
197.18088435374153
197.28278911564627
197.3848299319728
197.43061224489796
197.4257142857143
197.41496598639455
197.4508843537415
197.5828571428571
197.61034013605445
197.56829931972788
197.51843537414967
197.52251700680273
197.4310884353742
197.40721088435376
197.41612244897962
197.4395238095238
197.441768707483
197.48959183673466
197.4544897959184
197.36462585034013
197.27129251700683
197.18551020408162
197.13727891156464
197.15625850340135
197.1978911564626
197.21884353741498
197.20149659863944
197.15102040816328
197.10537414965987
197.03462585034015
197.02639455782312
196.94965986394558
196.87673469387758
196.7909523809524
196.74074829931976
196.63122448979593
196.57965986394558
196.62027210884355
196.64074829931974
196.55068027210885
196.4126530612245
196.25258503401363
196.13074829931975
196.0595918367347
196.01006802721088
195.96646258503404
195.86530612244897
195.77163265306126
195.6665986394558
195.56972789115648
195.44700680272112
195.3029931972789
195.12850340136055
195.00428571428571
194.9694557823129
194.97823129251702
194.87918367346938
194.79292517006803
194.65639455782315
194.5134013605442
194.35006802721085
194.2965306122449
194.2523129251701
194.1304761904762
193.89687074829934
193.63897959183674
193.41591836734696
193.3495238095238
193.35925170068026
193.37340136054422
193.21204081632652
193.0274149659864
192.85108843537415
192.63625850340136
192.46809523809526
192.33374149659863
192.19775510204084
191.97761904761907
191.83938775510205
191.7573469387755
191.58761904761906
191.41707482993198
191.18809523809523
191.02258503401364
190.79265306122448
190.63095238095238
190.4895238095238
190.3052380952381
190.0673469387755
189.8152380952381
189.6030612244898
189.265306122449
188.967074829932
188.78639455782312
188.66292517006804
188.55
188.3331972789116
188.09993197278914
187.84054421768707
187.6747619047619
187.39448979591836
187.13020408163266
186.79632653061225
186.59687074829932
186.42666666666668
186.3022448979592
186.02251700680273
185.69319727891155
185.31986394557822
185.0260544217687
184.79102040816326
184.56333333333336
184.27081632653062
183.90197278911563
183.501768707483
183.09761904761905
182.7874149659864
182.50680272108843
182.2057823129252
181.9143537414966
181.61693877551022
181.38285714285715
181.06925170068027
180.7290476190476
180.36054421768708
180.06129251700682
179.77149659863946
179.48578231292518
179.18442176870747
178.87850340136055
178.46278911564627
178.12741496598642
177.7604761904762
177.4991836734694
177.1357823129252
176.8349659863946
176.50380952380954
176.12462585034015
175.7312925170068
175.5073469387755
175.21659863945578
174.7391156462585
174.28884353741498
173.9274829931973
173.54272108843537
173.14319727891154
172.876462585034
172.51156462585033
172.10598639455782
171.66408163265305
171.33176870748298
170.97408163265305
170.6926530612245
170.37979591836734
170.08306122448977
169.67557823129255
169.37088435374147
169.0848979591837
168.76081632653063
168.35829931972788
167.94578231292516
167.53755102040816
167.12850340136055
166.86442176870747
166.5326530612245
166.18986394557825
165.7339455782313
165.37013605442178
164.9334693877551
164.58659863945581
164.22619047619045
163.87551020408162
163.51952380952383
163.1265306122449
162.77061224489796
162.40816326530614
162.03646258503403
161.5926530612245
161.10108843537415
160.67823129251698
160.26795918367347
159.89115646258503
159.52278911564628
159.16687074829932
158.71163265306123
158.2504761904762
157.80931972789116
157.38578231292516
156.94034013605443
156.5383673469388
156.09557823129254
155.60476190476192
155.1456462585034
154.79102040816326
154.37857142857146
153.89353741496598
153.3297278911565
152.88102040816327
152.44605442176874
152.04394557823133
151.50489795918367
150.9225170068027
150.36693877551022
149.92904761904765
149.57979591836738
149.25993197278913
148.81292517006807
148.3848979591837
147.9877551020408
147.49986394557823
146.86197278911564
146.3944217687075
146.02326530612245
145.5899319727891
145.09360544217688
144.7144217687075
144.2561224489796
143.74455782312924
143.1512925170068
142.76108843537415
142.35625850340136
141.84646258503398
141.37278911564624
140.97823129251702
140.54857142857145
139.97360544217685
139.50285714285715
139.0995918367347
138.66884353741497
138.131156462585
137.6515646258503
137.26945578231295
136.89285714285714
136.37755102040816
135.85469387755103
135.45639455782313
135.05530612244897
134.74544217687077
134.311768707483
133.9425850340136
133.47714285714284
133.06054421768707
132.67414965986396
132.36639455782316
132.04414965986396
131.59714285714284
131.21714285714287
130.89598639455784
130.56149659863948
130.0762585034014
129.63408163265308
129.18795918367346
128.7595238095238
128.27074829931973
127.97544217687074
127.7074149659864
127.43251700680273
126.98775510204082
126.58387755102041
126.1974149659864
125.91340136054423
125.54986394557824
125.18625850340138
124.74931972789115
124.36639455782313
123.956462585034
123.54850340136055
123.16333333333333
122.78585034013607
122.42210884353742
122.13353741496599
121.74455782312926
121.2534693877551
120.79707482993197
120.48979591836736
120.14619047619047
119.75238095238095
119.32571428571428
118.9086394557823
118.59387755102041
118.333537414966
117.98238095238096
117.5834693877551
117.2495918367347
116.91156462585036
116.54231292517008
116.26496598639456
115.94714285714286
115.51442176870749
115.05918367346939
114.72414965986395
114.32836734693878
113.79870748299321
113.36292517006802
113.0595918367347
112.71421768707482
112.17802721088435
111.72816326530612
111.41884353741497
111.11469387755103
110.75149659863946
110.3274829931973
110.00727891156463
109.76183673469389
109.50285714285715
109.15170068027211
108.77578231292517
108.46197278911563
108.13149659863944
107.6640136054422
107.16836734693878
106.83707482993198
106.53721088435374
106.27843537414967
105.98578231292518
105.67843537414967
105.3004081632653
104.98462585034014
104.75816326530612
104.38979591836735
103.93687074829933
103.45877551020408
103.1378911564626
102.7391836734694
102.38619047619048
102.11714285714287
101.70782312925171
101.3230612244898
101.00925170068028
100.74380952380955
100.42074829931974
100.19081632653062
99.84047619047618
99.50925170068028
99.15680272108844
98.85979591836735
98.43646258503402
98.12904761904764
97.86537414965987
97.5608163265306
97.2165306122449
96.8726530612245
96.51496598639457
96.11428571428571
95.88931972789116
95.73986394557824
95.50863945578232
95.25591836734695
94.92707482993197
94.46931972789116
94.06557823129252
93.78333333333333
93.55625850340137
93.18979591836734
92.87374149659865
92.6204761904762
92.48210884353742
92.30707482993198
92.03843537414966
91.73904761904762
91.50326530612244
91.36469387755102
91.07625850340135
90.69517006802721
90.42925170068028
90.36061224489796
90.23442176870749
89.98360544217688
89.60986394557824
89.23278911564627
88.92925170068027
88.69020408163266
88.44285714285715
88.16741496598638
87.90761904761905
87.66448979591837
87.49591836734695
87.29435374149661
87.01163265306124
86.75503401360544
86.59204081632652
86.3747619047619
86.11755102040816
85.89673469387755
85.78952380952381
85.6752380952381
85.5157142857143
85.30462585034013
85.08333333333333
84.92734693877551
84.79564625850341
84.76510204081634
84.57999999999998
84.30585034013606
84.10585034013606
84.10346938775511
83.98816326530613
83.78183673469387
83.5582993197279
83.35319727891157
83.06551020408163
82.93190476190478
82.89496598639455
82.78659863945579
82.62945578231293
82.50823129251702
82.50721088435375
82.44721088435375
82.29619047619049
82.14163265306124
82.12891156462585
82.09061224489795
81.88625850340136
81.65925170068027
81.42244897959185
81.21857142857144
81.04659863945578
80.96986394557823
80.87387755102041
80.87387755102043
80.91115646258504
80.90176870748299
80.76673469387755
80.75244897959185
80.77938775510202
80.63482993197279
80.37557823129251
80.27265306122449
80.31653061224489
80.40387755102041
80.42591836734694
80.28380952380952
80.14108843537416
80.1808843537415
80.22319727891156
80.18047619047618
80.13530612244898
80.02530612244898
79.8604081632653
79.74659863945578
79.88639455782311
79.95687074829932
79.96442176870747
79.94680272108845
80.13510204081632
80.20625850340136
80.17408163265304
80.1274149659864
80.20734693877552
80.2578231292517
80.1556462585034
80.08680272108845
80.18823129251702
80.25115646258504
80.18659863945578
80.22979591836734
80.39897959183673
80.41734693877551
80.33122448979593
80.3956462585034
80.61748299319729
80.88183673469388
81.01965986394558
81.1204081632653
81.27326530612245
81.401768707483
81.36278911564625
81.35965986394558
81.49401360544219
81.81163265306122
82.12489795918367
82.43367346938776
82.61163265306124
82.77578231292517
82.9908843537415
83.2538775510204
83.4152380952381
83.62945578231293
83.88408163265306
84.31360544217688
84.5708163265306
84.7774149659864
84.9651700680272
85.37959183673469
85.8595918367347
86.37469387755102
86.83891156462586
87.15585034013606
87.4091836734694
87.75129251700682
88.25353741496599
88.67204081632653
89.0865306122449
89.52489795918368
90.04523809523809
90.47544217687074
90.93374149659864
91.32857142857144
91.63761904761907
92.07190476190476
92.60040816326531
92.98224489795918
93.27183673469388
93.6643537414966
94.12619047619049
94.5578231292517
95.12013605442178
95.61428571428571
96.01551020408164
96.44306122448981
96.89496598639455
97.29938775510205
97.66517006802722
98.11646258503401
98.49591836734695
98.89863945578232
99.39047619047619
99.86074829931974
100.19517006802721
100.42367346938775
100.71340136054422
101.14877551020409
101.61503401360544
102.10149659863947
102.50238095238095
102.89
103.1878911564626
103.49591836734695
103.86510204081632
104.28442176870747
104.60761904761905
104.73816326530613
104.85408163265306
105.16333333333333
105.70680272108842
106.21877551020408
106.38884353741497
106.53401360544217
106.82557823129252
107.1339455782313
107.26462585034014
107.49965986394558
107.91217687074831
108.33238095238096
108.61170068027211
108.82000000000001
109.03068027210884
109.24755102040817
109.48585034013605
109.77081632653062
110.06258503401361
110.28863945578232
110.52836734693878
110.79231292517007
111.16625850340135
111.51557823129252
111.79312925170069
111.94986394557824
112.14537414965989
112.20401360544219
112.3178911564626
112.52530612244898
112.7921768707483
112.9109523809524
113.05945578231294
113.25680272108843
113.44013605442177
113.48707482993197
113.58136054421769
113.55714285714286
113.60156462585033
113.59884353741496
113.68251700680271
113.52074829931973
113.48353741496598
113.32891156462586
113.17931972789114
113.00938775510204
113.02557823129253
112.87204081632653
112.6613605442177
112.35653061224491
112.14224489795919
111.90142857142857
111.7412925170068
111.39170068027211
111.0704761904762
110.69884353741497
110.37503401360544
110.00530612244899
109.62040816326531
109.28537414965987
108.85074829931972
108.46285714285713
108.15183673469387
107.98503401360544
107.44285714285715
106.8365306122449
106.23870748299322
105.93653061224491
105.6543537414966
105.27666666666667
104.67476190476191
104.16489795918368
103.86632653061224
103.54802721088437
103.28068027210884
103.00979591836736
102.63843537414967
101.93421768707482
101.35707482993197
100.87074829931973
100.56782312925169
100.18272108843539
99.9444217687075
99.69551020408164
99.35149659863946
98.83843537414967
98.34986394557824
98.04700680272109
97.80108843537415
97.53272108843538
97.18496598639456
96.80653061224491
96.43979591836735
96.12102040816328
95.76326530612245
95.2961224489796
94.98156462585035
94.75877551020407
94.53897959183674
94.1822448979592
94.03979591836735
93.84142857142857
93.61503401360545
93.2165306122449
92.89523809523808
92.48931972789116
92.26877551020408
92.00775510204082
91.6800680272109
91.29836734693876
91.04510204081633
90.8587074829932
90.60884353741497
90.36081632653061
89.88537414965987
89.48673469387755
89.18455782312925
89.03312925170067
88.75965986394559
88.54489795918369
88.30591836734695
87.96571428571428
87.7308163265306
87.55755102040817
87.46659863945578
87.16469387755103
87.0265306122449
86.84911564625853
86.74489795918367
86.5143537414966
86.45027210884354
86.4013605442177
86.28238095238096
85.92061224489797
85.71074829931973
85.6029931972789
85.59503401360544
85.51360544217687
85.53850340136054
85.38115646258504
85.16904761904762
84.96775510204081
84.87333333333333
84.78829931972788
84.67489795918368
84.61551020408163
84.61891156462585
84.70299319727891
84.55578231292517
84.47809523809524
84.49510204081633
84.60775510204081
84.53374149659865
84.49707482993198
84.50272108843538
84.42367346938775
84.3690476190476
84.38095238095238
84.35578231292517
84.28421768707483
84.36251700680272
84.47931972789117
84.45537414965986
84.43136054421768
84.48272108843538
84.5795918367347
84.72775510204083
84.78285714285714
84.6804081632653
84.64088435374151
84.71401360544219
84.8134693877551
84.89163265306124
84.97278911564625
85.021768707483
85.07149659863947
85.15530612244899
85.16721088435375
85.38897959183673
85.51380952380953
85.58544217687076
85.59285714285716
85.89224489795919
86.1465306122449
86.28775510204083
86.3148979591837
86.438231292517
86.66428571428571
86.95136054421769
87.17823129251701
87.40802721088436
87.37448979591836
87.41360544217687
87.52401360544218
87.92469387755102
88.13965986394558
88.27925170068028
88.25027210884355
88.3625850340136
88.48557823129252
88.63802721088436
88.77496598639456
88.98421768707482
89.23251700680271
89.3108843537415
89.39013605442177
89.50965986394559
89.66714285714286
89.68680272108844
89.91585034013605
90.07197278911565
90.14510204081634
90.17551020408163
90.4265306122449
90.56149659863945
90.74149659863946
90.97401360544217
91.25340136054422
91.55326530612246
91.80918367346939
92.0839455782313
92.20693877551021
92.4078231292517
92.7057142857143
93.05795918367347
93.21122448979591
93.3217006802721
93.45176870748298
93.61156462585033
93.81897959183675
93.9387074829932
93.86993197278912
93.96197278911565
94.16857142857143
94.30530612244898
94.32006802721088
94.47843537414965
94.67938775510204
94.89659863945579
95.12183673469389
95.16639455782314
95.36727891156463
95.62176870748299
95.82557823129252
95.87809523809523
96.09925170068027
96.38863945578231
96.57448979591837
96.80204081632652
96.95013605442176
97.12775510204082
97.26115646258503
97.36238095238096
97.48938775510203
97.7282993197279
97.95741496598639
98.14863945578232
98.50353741496599
98.81170068027211
99.06557823129253
99.28448979591838
99.54510204081632
99.85190476190476
100.21367346938776
100.57782312925171
100.97551020408163
101.3195918367347
101.6091836734694
101.76850340136055
102.05285714285715
102.3991156462585
102.9944217687075
103.61020408163265
104.05863945578231
104.42979591836735
104.94598639455782
105.67571428571429
106.25857142857143
106.76598639455781
107.32965986394558
108.16306122448981
109.02040816326532
109.89965986394559
110.89761904761906
111.99102040816327
112.93585034013606
113.97884353741496
115.37755102040815
116.97367346938775
118.49054421768707
120.07278911564626
121.57489795918369
123.16040816326532
124.93748299319728
126.77809523809526
128.30102040816325
129.73244897959185
131.1487074829932
132.34224489795918
133.21775510204083
133.93551020408165
134.48768707482995
134.9409523809524
135.1744217687075
135.46945578231293
135.61700680272108
135.93585034013603
136.24380952380955
136.59537414965985
136.7178911564626
136.88414965986397
137.04285714285714
137.15687074829933
137.20462585034016
137.38448979591837
137.6121088435374
137.87231292517006
138.03272108843538
138.08714285714288
138.08455782312927
138.02367346938775
138.00108843537416
137.8481632653061
137.62374149659865
137.22979591836736
136.93292517006802
136.85496598639457
137.124693877551
137.53850340136057
137.81149659863945
137.90979591836737
137.91054421768706
138.10986394557824
138.3391836734694
138.47074829931972
138.33102040816328
138.05707482993196
137.64149659863946
136.96401360544218
136.2365986394558
135.49244897959184
134.9003401360544
134.29448979591837
133.78503401360547
132.98367346938778
131.79823129251702
130.10829931972788
128.11380952380952
125.63625850340135
122.96000000000001
120.32489795918367
118.26108843537415
116.45265306122448
114.64108843537416
112.41136054421769
110.25727891156461
108.26986394557824
106.57170068027212
104.87938775510204
103.23700680272108
101.40741496598639
99.7208843537415
97.94421768707483
96.31755102040817
94.66299319727891
93.24530612244898
91.91408163265307
90.61877551020409
89.32734693877552
87.86074829931974
86.48537414965988
85.29462585034014
84.28571428571429
82.96408163265306
81.55925170068028
80.2869387755102
79.17108843537416
77.97231292517007
76.93585034013606
75.80428571428571
74.7395238095238
73.81843537414966
73.31251700680272
72.88965986394558
72.54034013605443
72.04639455782313
71.21986394557823
70.10068027210885
68.85755102040817
67.59156462585034
66.07625850340136
64.33292517006804
62.53068027210885
60.799387755102
59.151938775510146
