145.90962585034018
146.1424489795918
146.35061224489797
146.5540816326531
146.76462585034017
146.80482993197282
146.76231292517008
146.70020408163265
146.75836734693877
146.91544217687073
146.96945578231293
146.74721088435373
146.36666666666667
145.95782312925166
145.74197278911566
145.69251700680272
145.75455782312926
145.8761904761905
146.0334693877551
146.08374149659863
145.927074829932
145.64523809523808
145.43884353741498
145.32965986394558
145.2925170068027
145.33768707482994
145.2668707482993
145.1317006802721
145.11843537414967
145.36666666666667
145.45755102040818
145.46510204081633
145.37068027210884
145.1952380952381
144.9721768707483
144.87197278911563
144.73299319727892
144.56319727891156
144.47047619047618
144.501768707483
144.6804081632653
144.94013605442177
145.0395918367347
144.94619047619045
144.873537414966
144.84537414965988
144.73380952380955
144.6451700680272
144.6208843537415
144.53272108843538
144.37421768707483
144.302380952381
144.26013605442176
144.45530612244897
144.5269387755102
144.60809523809525
144.6304761904762
144.8686394557823
144.94462585034012
144.93197278911566
144.97394557823128
144.98380952380955
144.9738095238095
144.97816326530614
144.9955782312925
145.03333333333336
144.98367346938778
145.01993197278912
145.0122448979592
145.0218367346939
144.8339455782313
144.7104081632653
144.67204081632653
144.8557142857143
145.0221088435374
145.16238095238097
145.20503401360543
145.34034013605444
145.38632653061225
145.45979591836738
145.37843537414966
145.24251700680276
144.99020408163267
145.04190476190476
145.11027210884353
145.11897959183673
145.0051700680272
145.04319727891158
145.1091836734694
145.24850340136055
145.40163265306123
145.52687074829933
145.57326530612244
145.60224489795917
145.62510204081633
145.54462585034014
145.47748299319727
145.4274149659864
145.49680272108844
145.49013605442178
145.6165306122449
145.81115646258502
145.87789115646257
145.83142857142857
145.9148979591837
146.20421768707484
146.4387074829932
146.7242857142857
146.97755102040816
147.22340136054422
147.4743537414966
147.752925170068
148.03272108843538
148.33605442176872
148.5578231292517
148.6740136054422
148.8077551020408
149.15523809523808
149.43782312925168
149.83353741496597
150.40020408163267
151.07482993197277
151.46292517006805
151.7248979591837
151.9304081632653
152.1561904761905
152.37448979591838
152.55374149659866
152.7596598639456
152.9843537414966
153.19006802721088
153.37312925170068
153.6231292517007
153.86816326530612
154.09666666666666
154.3691156462585
154.8079591836735
155.32319727891158
155.78768707482993
156.19183673469388
156.70768707482992
157.2174149659864
157.66224489795917
158.12421768707486
158.49503401360542
158.90598639455783
159.43197278911566
160.09653061224492
160.6061224489796
161.27836734693875
161.97224489795917
162.56061224489798
163.03292517006804
163.56081632653064
163.96129251700683
164.2947619047619
164.73238095238096
165.2947619047619
165.78891156462583
166.2942857142857
166.77292517006805
167.35897959183671
168.01931972789117
168.8269387755102
169.55979591836734
170.33149659863946
171.2081632653061
172.19904761904763
173.10761904761904
173.87108843537416
174.5996598639456
175.33258503401362
176.13972789115644
177.077074829932
178.00244897959186
178.9152380952381
179.72693877551023
180.71727891156465
181.76857142857142
182.74843537414966
183.52802721088437
184.4682993197279
185.50979591836736
186.5812244897959
187.50591836734694
188.51870748299322
189.481768707483
190.5048299319728
191.45578231292518
192.47829931972788
193.47911564625852
194.4882993197279
195.42204081632653
196.39510204081637
197.3642176870748
198.35925170068026
199.2784353741497
200.31482993197278
201.21993197278908
202.13585034013605
202.92142857142858
203.83673469387756
204.62013605442178
205.4516326530612
206.206462585034
207.06551020408165
207.79360544217687
208.51979591836738
209.24020408163267
210.0269387755102
210.63714285714286
211.27074829931973
211.94061224489798
212.62510204081633
213.24224489795915
213.82659863945577
214.3700680272109
214.91877551020409
215.3965986394558
215.8682993197279
216.27816326530615
216.83292517006802
217.25632653061226
217.62136054421768
217.88938775510204
218.32517006802723
218.69380952380953
218.9678911564626
219.19156462585033
219.45931972789117
219.68210884353743
219.90931972789116
220.1244217687075
220.2700680272109
220.28836734693877
220.3304761904762
220.39639455782313
220.45238095238096
220.4639455782313
220.48802721088435
220.4674149659864
220.32931972789115
220.1274149659864
219.9965306122449
219.86367346938775
219.6323809523809
219.36666666666665
219.13707482993198
218.91319727891158
218.58700680272108
218.1777551020408
217.8329931972789
217.47272108843538
216.9918367346939
216.47156462585036
216.1100680272109
215.75448979591837
215.2225850340136
214.6325850340136
214.11748299319729
213.6613605442177
213.15340136054425
212.57557823129252
211.95904761904762
211.34129251700676
210.81340136054422
210.30367346938777
209.70258503401362
209.01000000000002
208.26598639455784
207.57850340136056
206.9278231292517
206.39646258503402
205.84374149659862
205.2569387755102
204.63918367346938
204.06034013605444
203.41517006802724
202.76129251700684
202.1887074829932
201.68986394557822
201.12163265306125
200.553537414966
200.04557823129252
199.6456462585034
199.1738775510204
198.70952380952383
198.26000000000002
197.85163265306122
197.45027210884354
197.0991156462585
196.71721088435373
196.35687074829934
196.1321768707483
195.88727891156464
195.5904761904762
195.33870748299321
195.10850340136054
194.8169387755102
194.588231292517
194.48272108843537
194.32972789115647
194.23285714285714
194.15244897959184
194.03748299319727
193.85802721088436
193.74979591836734
193.6999319727891
193.70843537414967
193.7531292517007
193.7457823129252
193.80707482993196
193.94244897959186
194.06244897959186
194.05761904761903
194.03850340136054
194.1065306122449
194.32108843537415
194.54061224489797
194.70469387755102
194.7800680272109
194.86850340136056
194.9405442176871
195.09510204081636
195.29891156462583
195.45503401360546
195.47272108843538
195.4499319727891
195.55047619047622
195.79265306122448
195.89925170068028
196.03285714285715
196.08625850340135
196.2487755102041
196.31863945578235
196.490612244898
196.54680272108845
196.58312925170068
196.6331292517007
196.7592517006803
196.85687074829931
196.91251700680272
196.97340136054422
197.02190476190475
196.9879591836735
196.9883673469388
197.07836734693876
197.20979591836735
197.2357142857143
197.27326530612243
197.32925170068026
197.37680272108844
197.36727891156463
197.38149659863944
197.35585034013607
197.34136054421768
197.3536734693878
197.45108843537415
197.56108843537416
197.67068027210885
197.68129251700682
197.6013605442177
197.51333333333335
197.47625850340137
197.44122448979593
197.3627210884354
197.32734693877552
197.32931972789117
197.40782312925168
197.46564625850343
197.55095238095242
197.4877551020408
197.390612244898
197.29999999999998
197.32850340136054
197.35693877551023
197.25272108843538
197.10591836734696
197.07591836734693
197.17442176870748
197.2016326530612
197.18115646258505
197.1156462585034
197.00367346938776
196.88945578231295
196.85965986394558
196.81408163265309
196.80625850340135
196.7261224489796
196.6182993197279
196.47993197278913
196.52632653061224
196.54442176870748
196.48394557823133
196.27074829931973
196.17408163265307
196.11564625850343
196.15047619047618
196.0487755102041
195.9861224489796
195.87455782312927
195.8239455782313
195.64462585034016
195.44911564625852
195.31163265306122
195.21795918367346
195.1744897959184
195.08
194.9151700680272
194.7121088435374
194.69823129251702
194.6931292517007
194.59346938775508
194.46775510204083
194.3696598639456
194.23095238095237
194.07299319727892
193.86210884353744
193.61816326530612
193.4669387755102
193.45836734693876
193.46149659863946
193.3577551020408
193.22414965986397
193.03360544217688
192.82489795918372
192.64265306122448
192.49061224489796
192.31326530612245
192.15272108843538
192.00374149659865
191.86455782312925
191.7283673469388
191.52081632653062
191.2778911564626
191.12884353741498
191.00326530612247
190.83102040816328
190.6826530612245
190.52190476190478
190.24551020408163
189.93034013605444
189.7238775510204
189.57775510204084
189.3557142857143
189.122925170068
188.88496598639455
188.7223129251701
188.51006802721088
188.33639455782316
188.15421768707486
187.96469387755104
187.70061224489797
187.4265306122449
187.17278911564625
186.86224489795921
186.58938775510205
186.4096598639456
186.26054421768708
185.98442176870748
185.64054421768708
185.288231292517
184.96748299319728
184.6992517006803
184.46095238095236
184.22285714285715
183.85102040816327
183.5352380952381
183.28455782312926
183.01142857142858
182.555306122449
182.22122448979593
181.99095238095236
181.77884353741496
181.476462585034
181.15360544217688
180.8286394557823
180.5431292517007
180.27340136054423
179.86591836734695
179.49897959183673
179.10517006802723
178.79224489795922
178.47183673469388
178.16986394557824
177.7604081632653
177.4774149659864
177.22714285714287
176.9330612244898
176.5547619047619
176.25183673469388
175.89931972789117
175.5996598639456
175.23
174.8512925170068
174.36517006802723
173.9669387755102
173.5791836734694
173.24687074829933
172.86503401360545
172.5338775510204
172.17285714285714
171.84952380952382
171.5012244897959
171.16639455782314
170.72931972789118
170.40517006802722
170.10823129251702
169.81510204081633
169.43741496598642
169.06884353741498
168.66353741496602
168.3182993197279
168.08020408163264
167.7270068027211
167.22625850340137
166.72897959183675
166.39578231292518
166.0709523809524
165.75387755102042
165.38149659863947
165.0284353741497
164.56537414965987
164.21585034013606
163.88421768707482
163.56945578231296
163.1992517006803
162.82034013605443
162.39115646258506
161.92095238095237
161.48857142857142
161.1126530612245
160.79945578231295
160.45408163265307
159.93925170068027
159.47278911564626
159.10278911564623
158.77693877551022
158.2834693877551
157.77278911564628
157.36469387755102
157.00374149659862
156.52551020408163
156.00340136054422
155.5978911564626
155.20877551020408
154.7325850340136
154.2783673469388
153.87816326530614
153.47496598639458
153.0069387755102
152.48224489795916
151.97102040816327
151.4678231292517
151.0044897959184
150.53925170068027
150.17836734693878
149.6640136054422
149.1412925170068
148.66537414965984
148.34278911564624
147.90476190476193
147.47278911564626
146.95115646258506
146.41421768707482
145.943537414966
145.60102040816327
145.21448979591835
144.78823129251703
144.31639455782312
143.76272108843537
143.21414965986395
142.77979591836737
142.40068027210884
141.94142857142856
141.49149659863946
140.98448979591836
140.54163265306124
140.0331972789116
139.61687074829933
139.20061224489797
138.698231292517
138.12496598639456
137.6395238095238
137.2869387755102
136.90068027210884
136.45176870748298
135.94360544217687
135.50965986394556
135.08
134.57632653061225
134.11646258503401
133.80843537414967
133.4812925170068
133.04142857142858
132.64068027210885
132.26775510204084
131.90496598639456
131.53979591836736
131.35231292517008
131.0361224489796
130.5408843537415
130.08061224489796
129.72816326530614
129.26340136054424
128.7909523809524
128.42367346938775
128.0674149659864
127.72972789115646
127.43108843537415
126.99129251700681
126.52965986394558
126.17183673469387
125.92333333333333
125.53183673469388
125.17972789115646
124.80619047619047
124.44340136054421
123.98068027210886
123.62925170068027
123.21183673469388
122.84278911564626
122.48829931972789
122.21013605442177
121.793537414966
121.41108843537415
120.97938775510205
120.60360544217687
120.1990476190476
119.74054421768707
119.28462585034015
118.98448979591836
118.77571428571429
118.43333333333334
117.93714285714286
117.52027210884353
117.16544217687076
116.89408163265306
116.55074829931972
116.24510204081633
115.84843537414966
115.54306122448978
115.12918367346938
114.64102040816326
114.2190476190476
113.90918367346939
113.52183673469389
113.15836734693877
112.75700680272108
112.2861224489796
111.71802721088437
111.34068027210884
110.9634693877551
110.65918367346939
110.43054421768707
110.18278911564626
109.9082993197279
109.51823129251702
109.14598639455784
108.70727891156463
108.37122448979592
108.01374149659864
107.6287074829932
107.28503401360544
107.00210884353743
106.63299319727892
106.14551020408165
105.77061224489798
105.65673469387755
105.411768707483
105.00299319727891
104.64435374149659
104.43346938775511
104.04755102040818
103.61102040816327
103.17782312925169
102.78714285714287
102.42006802721089
102.04585034013606
101.64136054421769
101.22095238095238
100.86326530612246
100.62156462585034
100.48095238095237
100.25544217687076
99.80149659863946
99.4557142857143
99.20122448979592
98.94585034013606
98.5399319727891
98.15673469387755
97.78551020408165
97.47938775510204
97.19734693877551
97.02367346938776
96.69816326530612
96.36149659863946
96.01102040816326
95.8291156462585
95.5795238095238
95.23891156462585
94.82897959183673
94.46299319727893
94.26537414965988
93.97802721088436
93.53387755102041
93.09469387755101
92.86346938775509
92.59659863945578
92.26272108843537
92.02775510204081
91.8721768707483
91.67578231292518
91.40034013605442
91.21285714285715
90.94625850340137
90.74061224489796
90.57251700680271
90.40727891156463
90.18176870748299
89.90102040816328
89.62591836734694
89.32503401360545
89.01387755102041
88.71469387755101
88.39421768707483
88.19931972789115
87.89755102040816
87.74904761904762
87.56761904761906
87.40510204081633
87.05544217687076
86.86557823129252
86.69530612244898
86.50156462585035
86.14850340136056
85.96265306122449
85.73571428571427
85.63714285714286
85.47707482993198
85.38020408163266
85.06285714285715
84.87537414965986
84.80421768707484
84.7130612244898
84.53809523809524
84.27918367346939
84.11278911564627
84.05088435374151
83.93557823129252
83.69863945578231
83.42795918367347
83.3213605442177
83.17625850340137
83.09204081632653
82.99843537414965
82.87578231292517
82.7225850340136
82.57761904761904
82.47285714285715
82.36183673469388
82.2417006802721
82.15755102040816
82.1529931972789
82.17244897959185
82.02122448979593
81.78809523809525
81.53095238095239
81.37741496598639
81.19857142857143
81.08687074829932
81.03231292517006
81.00217687074829
80.92013605442176
80.89755102040817
80.84061224489795
80.73197278911566
80.57163265306124
80.48469387755102
80.42387755102041
80.4091156462585
80.41285714285715
80.3995918367347
80.37551020408164
80.3156462585034
80.27829931972789
80.25455782312925
80.17843537414966
80.19367346938776
80.25299319727891
80.151768707483
79.8522448979592
79.71605442176872
79.81462585034014
79.8742857142857
79.90149659863945
79.9808163265306
80.17911564625851
80.23816326530613
80.31442176870749
80.243537414966
80.29204081632653
80.2487074829932
80.3204081632653
80.2043537414966
80.15251700680273
80.11510204081634
80.1391836734694
80.1504761904762
80.24768707482993
80.34387755102041
80.37149659863945
80.4687074829932
80.78414965986394
80.93959183673469
80.98816326530613
80.9204761904762
81.11183673469387
81.21251700680271
81.34530612244897
81.36965986394559
81.57904761904763
81.86401360544218
82.15979591836735
82.49040816326531
82.79653061224491
82.99693877551022
83.03170068027211
83.1904081632653
83.48870748299319
83.68585034013606
83.95448979591838
84.17687074829932
84.52775510204081
84.8082993197279
85.1729931972789
85.37401360544217
85.82659863945578
86.35292517006803
86.76598639455783
87.06537414965987
87.43061224489796
87.80319727891157
88.19993197278913
88.74380952380952
89.25421768707483
89.61176870748298
89.95360544217687
90.44952380952381
90.91789115646259
91.27544217687074
91.58054421768708
92.05918367346939
92.5869387755102
93.10238095238097
93.56374149659864
93.82816326530613
94.1556462585034
94.50142857142858
95.01884353741498
95.40843537414966
95.99965986394558
96.51748299319729
97.04285714285714
97.32884353741495
97.67061224489797
97.93863945578232
98.43768707482994
99.03843537414966
99.58102040816327
99.83918367346939
100.17414965986394
100.613537414966
100.88673469387756
101.12646258503402
101.58367346938776
102.12850340136055
102.55374149659863
102.89401360544218
103.17795918367348
103.37809523809526
103.73163265306121
104.16687074829933
104.63510204081632
104.79374149659864
105.0582993197279
105.241768707483
105.72231292517009
106.05795918367346
106.48081632653063
106.68945578231293
107.02850340136054
107.31156462585034
107.65564625850341
107.80775510204083
108.0148299319728
108.29517006802723
108.66122448979593
108.86897959183673
109.03346938775509
109.27278911564625
109.58020408163266
109.84857142857143
110.05326530612246
110.2591156462585
110.52755102040817
110.79040816326531
111.10945578231292
111.49163265306123
111.79639455782313
112.02170068027212
112.06911564625852
112.23802721088435
112.39530612244899
112.64965986394559
112.83523809523811
113.00578231292518
113.15217687074829
113.26700680272108
113.38551020408164
113.45843537414964
113.63795918367346
113.69945578231292
113.73782312925171
113.66891156462586
113.60809523809525
113.44544217687076
113.46646258503402
113.44918367346938
113.31612244897958
113.08183673469387
112.95054421768707
112.8056462585034
112.61734693877551
112.37387755102041
112.19374149659863
111.99306122448981
111.77768707482994
111.51836734693877
111.24544217687075
110.84653061224489
110.41408163265308
110.00843537414966
109.66748299319727
109.33068027210885
109.03231292517007
108.60714285714286
108.31183673469387
107.89884353741498
107.35591836734693
106.74625850340135
106.41619047619048
106.09673469387755
105.6952380952381
105.19625850340137
104.71714285714285
104.27217687074831
103.92272108843538
103.59945578231293
103.29462585034014
102.96122448979592
102.52068027210885
101.98136054421768
101.36530612244898
100.91952380952381
100.61755102040817
100.35755102040817
100.05115646258506
99.70619047619049
99.28197278911566
98.83340136054422
98.42027210884353
98.07755102040817
97.76244897959185
97.61897959183673
97.27809523809525
96.93938775510205
96.3961224489796
95.96666666666667
95.66326530612244
95.47530612244898
95.10938775510203
94.82904761904763
94.52598639455783
94.32884353741497
94.01523809523809
93.72659863945579
93.26891156462585
93.08020408163266
92.78591836734694
92.43340136054422
92.2613605442177
92.22517006802721
91.83965986394558
91.3378231292517
91.11571428571429
90.96142857142857
90.49278911564627
90.05312925170068
89.75108843537416
89.52448979591836
89.25061224489795
88.99918367346939
88.64510204081634
88.37190476190477
88.24503401360545
88.02374149659865
87.74414965986394
87.498231292517
87.32612244897959
87.15360544217688
86.9826530612245
86.78843537414966
86.61925170068027
86.44585034013605
86.37870748299319
86.27142857142857
86.1121768707483
85.9548299319728
85.91809523809525
85.89904761904762
85.72102040816327
85.56142857142858
85.44639455782314
85.38530612244898
85.35986394557823
85.32931972789116
85.15598639455783
84.8560544217687
84.60666666666665
84.57727891156463
84.52176870748299
84.59809523809523
84.68190476190478
84.79925170068027
84.74557823129251
84.62333333333335
84.58489795918368
84.6056462585034
84.60244897959183
84.56421768707483
84.53006802721089
84.3977551020408
84.28544217687076
84.30312925170068
84.39129251700682
84.38306122448981
84.43
84.51258503401361
84.61380952380952
84.52054421768707
84.63142857142857
84.7082993197279
84.6961224489796
84.54163265306121
84.68972789115645
84.87551020408164
84.8921768707483
84.83727891156464
84.90115646258504
85.17163265306122
85.30897959183673
85.29925170068029
85.24204081632654
85.34047619047618
85.61639455782313
85.98585034013607
86.10142857142856
86.07210884353742
86.22836734693878
86.42537414965986
86.5743537414966
86.60748299319727
86.82408163265306
87.00149659863946
87.21149659863946
87.31482993197281
87.42
87.58496598639456
87.76734693877552
88.04836734693879
88.34068027210886
88.44972789115646
88.54190476190476
88.70401360544219
88.84925170068027
88.91210884353741
89.04897959183674
89.13374149659865
89.13544217687075
89.3295238095238
89.63428571428571
89.77047619047619
89.86115646258504
90.02598639455783
90.15346938775511
90.28054421768708
90.29938775510205
90.31925170068028
90.39897959183673
90.63972789115647
90.88945578231292
91.188231292517
91.63108843537415
91.99829931972789
92.21088435374149
92.27687074829932
92.4978911564626
92.73170068027213
93.0260544217687
93.20435374149662
93.48605442176871
93.56687074829931
93.61673469387756
93.62408163265306
93.77414965986395
94.00312925170068
94.1943537414966
94.34326530612246
94.33081632653061
94.41557823129251
94.4839455782313
94.57319727891156
94.6160544217687
94.91204081632654
95.2178231292517
95.46768707482994
95.62945578231295
95.81741496598639
96.06006802721089
96.24863945578232
96.42816326530613
96.5278911564626
96.66360544217689
96.88006802721088
97.1061224489796
97.30442176870748
97.37040816326531
97.58074829931974
97.7339455782313
97.87367346938775
98.11639455782314
98.54598639455783
98.88013605442177
98.99884353741496
99.12884353741497
99.47231292517006
99.85469387755103
100.12544217687075
100.45136054421769
100.8921768707483
101.2509523809524
101.49571428571429
101.80489795918368
102.16102040816327
102.62387755102043
103.2126530612245
103.70027210884354
104.02931972789116
104.38823129251702
104.94319727891155
105.55612244897958
106.29680272108843
106.92387755102041
107.50517006802721
108.16557823129253
109.08979591836736
110.05768707482994
110.98340136054422
111.97108843537413
113.06081632653061
114.21496598639456
115.52136054421769
116.93972789115648
118.47843537414965
119.9191156462585
121.53727891156463
123.22850340136056
125.06537414965986
126.74544217687075
128.38904761904763
129.91741496598638
131.34054421768707
132.47408163265305
133.26557823129252
133.88238095238094
134.44707482993198
134.90061224489799
135.06489795918367
135.28061224489795
135.61346938775512
136.0448299319728
136.33367346938778
136.551768707483
136.64156462585035
136.7865986394558
136.94156462585033
137.06680272108844
137.1838775510204
137.41108843537415
137.60809523809525
137.85442176870748
138.05816326530612
138.13387755102042
138.03122448979593
137.9312244897959
137.87061224489798
137.69061224489798
137.50659863945577
137.1695238095238
136.9025850340136
136.88795918367347
137.23251700680274
137.6060544217687
137.75258503401363
137.77503401360542
137.76435374149662
137.97965986394559
138.23054421768708
138.37680272108844
138.29727891156466
138.04122448979592
137.64278911564628
137.02721088435374
136.2651700680272
135.46408163265306
134.70442176870748
134.19646258503403
133.75612244897962
132.90979591836734
131.57244897959183
129.94197278911565
128.11238095238093
125.76680272108844
123.12925170068027
120.51557823129252
118.3539455782313
116.43340136054422
114.40006802721089
112.23027210884355
110.25006802721089
108.40197278911566
106.62278911564627
104.91544217687076
103.2561224489796
101.38646258503402
99.54809523809524
97.79469387755103
96.29979591836735
94.70625850340136
93.22959183673471
91.82925170068027
90.62496598639456
89.24585034013606
87.71428571428572
86.4134693877551
85.38972789115647
84.3491156462585
83.06639455782314
81.77122448979593
80.37278911564627
79.15054421768707
77.81061224489797
76.87625850340137
75.69197278911565
74.79571428571428
73.78605442176871
73.33734693877553
72.90918367346939
72.64408163265307
72.0082993197279
71.11884353741497
70.03462585034015
68.92401360544218
67.57619047619048
66.05027210884353
64.4008843537415
62.74544217687075
61.00700680272106
59.15836734693875
