109.85472789115654
109.85489795918365
109.87360544217688
109.86163265306122
109.70034013605442
109.49442176870748
109.13340136054421
109.04061224489796
109.03115646258503
109.17619047619047
109.07340136054422
109.0387074829932
108.97721088435375
108.79721088435375
108.48265306122448
108.20863945578232
108.11952380952383
108.14047619047619
108.17993197278912
108.12625850340136
107.85197278911565
107.52564625850339
107.17972789115646
107.03537414965986
107.15401360544219
107.32748299319728
107.33843537414965
107.35904761904763
107.36408163265307
107.26931972789117
107.04945578231292
106.95965986394559
106.85129251700681
106.69802721088435
106.47619047619048
106.31156462585035
106.20238095238095
106.04931972789115
105.90448979591838
105.97034013605443
106.2240136054422
106.56823129251701
106.65081632653062
106.60183673469389
106.57666666666668
106.6625850340136
106.48115646258503
106.24142857142857
106.24020408163267
106.29068027210884
106.17557823129253
106.06006802721089
106.05013605442177
106.0005442176871
105.94659863945579
105.90727891156463
105.91965986394558
106.01680272108844
106.15448979591837
106.15170068027213
106.14442176870749
106.21775510204083
106.33367346938776
106.38108843537415
106.41578231292516
106.40156462585034
106.40503401360544
106.40319727891156
106.42231292517008
106.39312925170069
106.24591836734693
105.87122448979592
105.66836734693878
106.04292517006803
106.4425850340136
106.51122448979592
106.40469387755103
106.38149659863946
106.4174829931973
106.51469387755103
106.47034013605442
106.17455782312926
105.91319727891155
105.81108843537415
105.71884353741497
105.64659863945577
105.61285714285715
105.63285714285715
105.65102040816328
105.70605442176873
105.80863945578233
105.79285714285714
105.71544217687075
105.5713605442177
105.58727891156462
105.41115646258505
105.26448979591838
105.08945578231292
105.18578231292518
105.2308843537415
105.24721088435375
105.2608843537415
105.2587074829932
105.24224489795918
105.27591836734695
105.55557823129251
105.76204081632653
105.9300680272109
106.09653061224492
106.34537414965986
106.56061224489797
106.85442176870748
107.06823129251701
107.15265306122448
107.15653061224491
107.1300680272109
107.12612244897959
107.11891156462585
107.32795918367347
107.61700680272108
108.01074829931973
108.28680272108843
108.3451700680272
108.43836734693878
108.70802721088435
108.97265306122449
109.04326530612245
109.00469387755103
109.05965986394558
109.07394557823129
109.17863945578233
109.26802721088436
109.47170068027211
109.71993197278913
109.99068027210885
110.21857142857144
110.43530612244899
110.65938775510205
110.78292517006804
110.83142857142857
110.97904761904763
111.3004081632653
111.50904761904762
111.468231292517
111.37748299319729
111.41272108843538
111.68931972789116
112.04292517006803
112.4456462585034
112.83544217687076
113.25965986394559
113.52829931972789
113.59789115646258
113.6548299319728
113.77421768707484
114.00877551020409
114.1674149659864
114.34585034013607
114.51938775510203
114.54666666666668
114.55190476190477
114.75224489795917
115.21061224489796
115.47965986394559
115.69666666666666
115.96850340136055
116.48952380952382
117.04693877551021
117.43251700680273
117.6495918367347
117.93707482993199
118.44027210884354
118.88068027210885
119.21224489795918
119.41285714285715
119.6952380952381
119.92428571428572
120.24197278911566
120.7670068027211
121.59693877551021
122.41863945578231
123.22775510204082
123.90768707482994
124.47272108843538
125.09217687074832
125.98013605442176
126.9160544217687
127.91326530612244
129.0756462585034
130.34938775510207
131.59857142857146
132.94108843537418
134.31326530612245
135.83401360544218
137.27591836734695
138.71476190476193
140.1549659863946
141.81925170068027
143.40197278911563
145.04734693877552
146.6095918367347
148.39238095238096
150.2161904761905
151.99761904761903
153.48013605442176
155.14884353741496
156.89816326530612
158.54673469387754
159.87986394557825
161.12068027210887
162.49340136054423
163.85122448979595
165.15197278911563
166.21081632653062
167.16802721088436
167.9748299319728
168.78761904761905
169.64115646258506
170.52503401360542
171.34897959183675
172.0329931972789
172.74986394557823
173.40374149659863
173.99285714285713
174.45482993197277
175.0095238095238
175.42850340136056
175.92986394557823
176.19639455782314
176.54149659863947
176.7304761904762
177.00986394557825
177.05292517006802
177.21081632653062
177.25673469387758
177.51782312925172
177.6651700680272
177.70680272108845
177.52244897959184
177.5552380952381
177.52965986394557
177.43938775510202
177.25802721088434
177.10999999999999
176.9255782312925
176.7838095238095
176.66741496598638
176.52659863945578
176.38455782312928
176.16197278911568
175.77428571428572
175.43979591836737
175.19061224489798
174.92809523809527
174.5582993197279
174.27605442176872
174.04673469387757
173.78156462585036
173.43557823129254
173.11687074829933
172.90108843537416
172.64768707482995
172.2436054421769
171.775306122449
171.3742857142857
171.0647619047619
170.73972789115646
170.34503401360547
169.79108843537415
169.24122448979594
168.78469387755104
168.33537414965986
167.88938775510204
167.26625850340136
166.66700680272112
166.01333333333332
165.52925170068025
165.04551020408164
164.58061224489796
164.06251700680272
163.60285714285715
163.25129251700682
162.776462585034
162.40142857142857
162.18564625850343
162.01843537414967
161.83482993197282
161.753537414966
161.7681632653061
161.75605442176868
161.8109523809524
161.88251700680274
162.0204081632653
162.29646258503402
162.5877551020408
162.8604081632653
163.1374149659864
163.43782312925168
163.82278911564626
164.315306122449
164.88190476190476
165.31027210884352
165.7851700680272
166.35496598639457
166.8573469387755
167.25714285714287
167.78204081632657
168.4691836734694
169.0395238095238
169.6247619047619
170.36469387755102
171.21292517006805
171.87013605442178
172.4399319727891
173.10421768707482
173.79557823129252
174.32986394557827
174.9131292517007
175.52210884353744
176.14054421768708
176.7056462585034
177.35571428571427
177.8995918367347
178.39163265306124
178.82775510204084
179.33265306122448
179.8277551020408
180.2476870748299
180.6157142857143
181.01598639455784
181.4312925170068
181.81448979591835
182.29727891156463
182.65374149659863
183.00414965986397
183.2505442176871
183.58074829931974
183.82387755102042
184.14653061224493
184.38897959183674
184.6129931972789
184.80721088435374
185.0505442176871
185.36326530612246
185.62278911564624
185.74210884353744
185.78877551020412
186.01462585034017
186.14870748299322
186.32938775510206
186.566462585034
186.71945578231293
186.6429931972789
186.6186394557823
186.71768707482994
186.86163265306124
187.00306122448978
187.11721088435374
187.14326530612246
187.27693877551022
187.4043537414966
187.4687755102041
187.423537414966
187.4095918367347
187.4387755102041
187.4608163265306
187.4565306122449
187.55258503401362
187.57687074829934
187.55537414965985
187.57251700680274
187.6447619047619
187.6544217687075
187.57367346938776
187.57000000000002
187.55231292517007
187.59598639455783
187.5522448979592
187.61442176870747
187.7331292517007
187.78095238095239
187.75761904761904
187.72639455782314
187.7861224489796
187.77503401360545
187.72319727891158
187.69619047619048
187.7365306122449
187.7804761904762
187.7630612244898
187.76081632653063
187.7143537414966
187.5691836734694
187.43612244897963
187.33707482993196
187.36605442176872
187.35312925170066
187.293537414966
187.2056462585034
187.1778911564626
187.11687074829933
187.03285714285718
186.9800680272109
186.89823129251698
186.74387755102043
186.59795918367348
186.54217687074834
186.46013605442178
186.36231292517007
186.21537414965985
186.14210884353741
186.0857142857143
186.00795918367348
185.88768707482996
185.7700680272109
185.6691156462585
185.57326530612244
185.41115646258504
185.23455782312925
185.17034013605445
185.08591836734695
184.9265986394558
184.8013605442177
184.76142857142855
184.60775510204084
184.37149659863945
184.18306122448982
184.08170068027212
183.9621088435374
183.73027210884354
183.53816326530614
183.45183673469387
183.35197278911562
183.16238095238094
182.98285714285714
182.81482993197278
182.68979591836734
182.59292517006804
182.39931972789117
182.23040816326534
182.01904761904763
181.90251700680273
181.6743537414966
181.53102040816327
181.17646258503402
180.89374149659866
180.65625850340138
180.53326530612244
180.3243537414966
180.12448979591835
179.96755102040817
179.71061224489796
179.40843537414963
179.06952380952382
178.78034013605443
178.53904761904764
178.39959183673471
178.25646258503406
178.0044217687075
177.68482993197279
177.30986394557823
176.90061224489796
176.5873469387755
176.34462585034012
176.06884353741495
175.7295918367347
175.41414965986394
175.1118367346939
174.74605442176875
174.28850340136054
173.8643537414966
173.51517006802723
173.2659863945578
172.96843537414966
172.643537414966
172.30333333333334
172.01748299319726
171.66993197278913
171.28761904761907
170.8790476190476
170.50585034013608
170.1834693877551
169.9125850340136
169.6005442176871
169.21986394557823
168.78190476190477
168.47326530612247
168.2052380952381
167.95578231292518
167.53748299319727
167.1274829931973
166.69816326530614
166.4130612244898
166.08863945578233
165.79755102040815
165.44455782312926
165.0694557823129
164.62394557823126
164.27251700680273
163.97816326530614
163.5783673469388
163.20054421768708
162.925306122449
162.63367346938776
162.2412244897959
161.92448979591836
161.5783673469388
161.15952380952382
160.7878911564626
160.493537414966
160.14707482993197
159.71108843537417
159.27115646258503
158.84278911564627
158.53238095238095
158.2004761904762
157.75843537414966
157.34972789115648
156.92979591836735
156.5168707482993
156.08925170068028
155.74993197278914
155.32000000000002
154.88843537414965
154.48680272108842
154.07115646258504
153.56809523809522
153.03795918367348
152.53986394557822
152.0973469387755
151.65285714285716
151.09204081632652
150.55945578231294
150.10074829931975
149.6338775510204
149.13496598639455
148.59612244897957
148.0538775510204
147.46380952380952
146.8408843537415
146.18136054421768
145.5922448979592
145.11952380952383
144.60809523809525
143.90972789115648
143.12897959183675
142.45353741496598
141.90673469387752
141.3734693877551
140.595306122449
139.73163265306124
139.01761904761906
138.4691156462585
137.735306122449
136.8878911564626
136.1178231292517
135.2691156462585
134.38768707482993
133.55986394557823
132.8242857142857
132.0512925170068
131.25190476190477
130.46013605442175
129.61891156462585
128.82326530612244
128.04156462585033
127.2412925170068
126.48251700680272
125.85469387755101
125.24034013605443
124.59551020408165
124.11952380952381
123.66925170068029
123.10462585034014
122.55687074829932
122.20238095238096
121.94979591836734
121.7047619047619
121.46619047619046
121.19102040816327
120.96013605442177
120.75632653061226
120.60333333333334
120.51476190476191
120.41020408163266
120.1617006802721
119.87034013605442
119.65401360544217
119.4621768707483
119.15707482993199
118.86911564625852
118.58843537414967
118.44870748299319
118.21448979591835
117.93605442176872
117.64795918367346
117.37802721088434
116.99435374149661
116.60224489795918
116.33374149659863
115.9130612244898
115.34639455782313
114.89530612244897
114.50795918367348
114.11455782312926
113.58578231292518
113.1013605442177
112.4952380952381
112.08197278911564
111.79843537414965
111.44993197278912
110.85537414965987
110.31306122448981
109.94278911564626
109.62619047619049
109.2465306122449
108.74884353741497
108.18707482993199
107.81190476190478
107.44204081632654
106.92442176870749
106.32482993197279
105.81183673469388
105.29863945578231
104.73462585034014
104.33510204081634
103.94578231292518
103.59748299319727
103.11755102040817
102.6109523809524
102.0412925170068
101.60925170068029
101.23156462585035
100.7808843537415
100.25748299319729
99.7739455782313
99.25367346938775
98.76197278911565
98.44979591836734
98.16081632653061
97.64462585034013
97.08095238095238
96.67632653061224
96.26836734693877
95.76591836734694
95.23870748299319
94.72469387755103
94.30755102040817
94.01571428571428
93.5078231292517
92.90428571428572
92.36503401360545
91.92945578231293
91.49251700680273
91.11006802721087
90.78829931972788
90.51292517006803
90.09993197278911
89.56224489795919
89.06721088435376
88.76802721088436
88.36258503401362
87.89707482993198
87.37489795918367
86.9991156462585
86.61074829931974
86.30795918367346
85.9669387755102
85.66897959183675
85.2378231292517
84.8157142857143
84.38306122448981
83.95027210884354
83.4629931972789
83.02244897959184
82.60863945578231
82.23367346938775
81.75346938775512
81.36231292517007
81.00455782312925
80.6743537414966
80.21061224489796
79.84979591836735
79.52578231292517
79.20476190476191
78.76931972789116
78.35585034013606
78.00367346938776
77.71054421768707
77.31673469387755
76.97605442176871
76.64054421768708
76.27523809523811
75.8204761904762
75.44857142857144
75.07727891156463
74.7891836734694
74.56319727891156
74.29081632653062
73.99625850340136
73.68285714285713
73.25993197278913
72.8847619047619
72.59605442176871
72.37768707482994
72.0839455782313
71.74013605442175
71.32537414965986
70.95687074829931
70.67700680272108
70.48795918367348
70.293537414966
70.09224489795919
69.83517006802721
69.63047619047619
69.39374149659864
69.13993197278913
68.97965986394559
68.7930612244898
68.58265306122449
68.27000000000001
67.99231292517007
67.68183673469387
67.29639455782313
67.02122448979591
66.79095238095238
66.61850340136056
66.39496598639457
66.1708843537415
65.9404761904762
65.68537414965988
65.4991156462585
65.27700680272109
65.11571428571428
64.92353741496599
64.72319727891157
64.41557823129253
64.10972789115647
63.8087074829932
63.61795918367348
63.41700680272109
63.34462585034014
63.19353741496599
63.14088435374149
63.07421768707483
62.91612244897959
62.536802721088435
62.35108843537416
62.35802721088436
62.30707482993198
61.979727891156465
61.69979591836735
61.42904761904762
61.27795918367347
61.09829931972789
60.959319727891156
60.7830612244898
60.63891156462586
60.618639455782315
60.583061224489796
60.542585034013605
60.33755102040816
60.2139455782313
60.10163265306123
60.06387755102041
59.903537414965996
59.692993197278916
59.45136054421769
59.24986394557823
59.00918367346939
58.82489795918367
58.774285714285725
58.744965986394554
58.59204081632653
58.48149659863946
58.41721088435374
58.24190476190477
58.171768707483
58.139047619047616
58.05877551020408
57.91952380952381
57.99884353741497
57.84972789115646
57.65707482993197
57.659727891156464
57.68544217687075
57.47517006802721
57.34748299319728
57.38265306122449
57.40795918367347
57.3174149659864
57.066190476190485
56.842993197278915
56.78421768707483
56.839455782312925
56.821156462585044
56.86163265306123
56.793401360544216
56.67040816326531
56.705170068027215
56.700816326530614
56.66809523809524
56.62074829931973
56.56918367346939
56.42054421768708
56.29571428571428
56.298571428571435
56.26408163265306
56.22013605442177
56.204149659863944
56.27802721088435
56.35639455782314
56.29721088435374
56.2756462585034
56.25619047619048
56.283469387755105
56.215918367346944
56.04578231292517
55.902176870748306
55.88761904761904
55.877959183673475
55.82061224489796
55.9421768707483
55.98721088435374
55.97081632653062
55.95333333333333
56.09360544217687
56.07850340136054
56.115578231292524
56.03285714285715
55.97428571428572
56.01673469387756
56.21503401360544
56.31414965986395
56.300000000000004
56.34693877551021
56.39918367346938
56.59122448979592
56.784897959183674
56.856054421768704
56.83836734693878
56.814897959183675
56.848027210884354
56.95789115646259
57.097142857142856
57.18401360544218
57.35170068027211
57.66775510204082
57.90156462585034
58.00639455782313
58.07380952380953
58.273061224489794
58.55925170068027
58.77530612244898
58.83183673469388
58.79863945578232
58.841088435374154
58.9552380952381
59.20326530612245
59.370000000000005
59.48136054421769
59.6052380952381
59.72925170068027
59.85285714285715
59.918503401360546
60.124965986394564
60.26102040816327
60.43714285714286
60.48006802721088
60.6495918367347
60.77727891156463
60.949659863945584
60.876122448979594
60.96482993197279
61.12557823129252
61.374149659863946
61.53278911564626
61.80748299319728
62.02530612244898
62.14224489795918
62.25244897959183
62.4065306122449
62.64585034013606
62.72605442176871
62.81972789115646
62.764421768707486
62.85353741496599
62.907346938775504
63.03748299319728
63.1208843537415
63.15455782312926
63.17231292517007
63.18299319727892
63.363401360544216
63.40040816326531
63.45163265306123
63.53258503401361
63.56333333333333
63.47462585034014
63.42639455782314
63.50693877551021
63.51489795918368
63.55925170068028
63.5730612244898
63.5287074829932
63.502108843537414
63.62482993197279
63.67469387755102
63.679659863945574
63.75802721088435
63.9156462585034
63.76646258503402
63.55428571428571
63.51659863945578
63.6295918367347
63.72857142857143
63.71986394557823
63.678367346938785
63.605102040816334
63.50802721088436
63.4378231292517
63.346870748299324
63.39142857142858
63.36707482993197
63.332244897959185
63.17034013605443
63.08700680272109
63.03061224489796
63.10156462585034
63.04333333333334
62.75156462585035
62.39585034013606
62.316802721088436
62.3352380952381
62.295034013605445
62.238571428571426
62.109047619047615
62.105374149659866
61.99646258503401
61.88530612244898
61.56993197278912
61.472585034013605
61.22020408163265
61.13183673469388
60.99578231292517
61.04612244897959
60.92285714285715
60.93054421768707
60.77952380952382
60.57904761904762
60.377142857142864
60.37190476190477
60.36081632653061
60.24224489795919
60.14142857142857
60.13061224489796
60.145442176870745
59.98829931972789
59.91455782312925
59.76510204081632
59.698027210884355
59.56605442176871
59.41292517006803
59.176734693877556
59.00285714285714
59.00054421768708
58.96380952380953
58.970408163265304
58.82625850340136
58.58904761904762
58.41598639455783
58.35401360544218
58.3569387755102
58.290340136054425
58.20040816326531
58.077006802721094
57.9369387755102
57.824013605442175
57.661088435374154
57.52027210884354
57.39340136054422
57.35952380952381
57.24312925170068
57.1995918367347
56.997006802721096
56.89408163265306
56.82115646258504
56.72517006802721
56.49408163265307
56.41333333333334
56.362585034013605
56.18292517006803
55.941428571428574
55.842653061224496
55.749863945578234
55.73571428571429
55.62068027210884
55.511156462585035
55.35904761904762
55.08891156462586
54.93326530612245
54.8343537414966
54.80244897959184
54.639591836734695
54.57659863945578
54.48734693877552
54.387414965986395
54.298911564625854
54.27979591836735
54.24176870748299
54.203741496598646
54.172653061224494
54.113673469387756
53.9765306122449
54.05530612244898
54.04244897959183
54.06829931972789
53.95625850340137
53.94292517006802
54.00897959183674
53.981564625850346
53.885714285714286
53.702108843537424
53.864761904761906
53.79986394557824
53.79517006802721
53.76326530612245
53.876598639455786
53.87292517006803
53.90591836734694
53.912108843537425
53.96891156462585
54.04496598639456
54.202448979591836
54.3087074829932
54.36190476190477
54.381904761904764
54.303265306122455
54.348707482993206
54.443061224489796
54.43129251700681
54.50183673469388
54.67074829931973
54.83993197278912
54.663333333333334
54.72183673469388
54.828095238095244
54.91843537414966
55.047278911564625
55.19625850340135
55.4465306122449
55.56319727891157
55.7943537414966
55.866734693877554
55.92877551020408
55.98448979591837
56.03986394557823
56.173469387755105
56.44755102040817
56.64945578231293
56.86360544217687
57.14503401360544
57.476462585034014
57.51374149659865
57.60496598639456
57.81707482993198
58.13585034013605
58.27693877551021
58.45374149659864
58.59476190476191
58.85945578231293
59.02884353741497
59.39605442176871
59.65517006802721
60.02680272108844
60.253673469387756
60.51074829931973
60.69122448979592
60.848027210884354
61.03959183673469
61.312448979591835
61.71414965986395
61.978435374149655
62.375850340136054
62.66836734693878
62.88619047619048
63.09455782312926
63.49034013605442
63.7765306122449
63.917755102040815
64.12897959183672
64.4752380952381
64.74972789115647
64.95278911564625
65.24537414965985
65.593537414966
65.8643537414966
66.16108843537415
66.47557823129252
66.76646258503402
67.11925170068028
67.48435374149662
67.79176870748299
68.31013605442178
68.88353741496599
69.1748299319728
69.13938775510204
69.3529931972789
69.78156462585034
70.26823129251702
70.48870748299319
70.758231292517
71.00401360544217
71.32292517006802
71.54448979591837
71.78585034013605
71.95605442176871
72.18965986394558
72.46000000000001
72.7004761904762
73.02591836734695
73.0834693877551
73.11190476190477
73.35312925170068
73.82142857142857
74.15931972789116
74.45551020408163
74.68149659863946
74.84891156462587
75.14020408163265
75.48986394557822
75.77142857142857
76.08965986394557
76.28530612244899
76.46918367346939
76.63217687074831
76.961768707483
77.13979591836735
77.35190476190476
77.61789115646259
77.92809523809524
78.1161224489796
78.4313605442177
78.87428571428572
79.13619047619048
79.32210884353742
79.59714285714287
79.91102040816327
80.27047619047619
80.70557823129252
81.14823129251701
81.4091156462585
81.71639455782312
82.05999999999999
82.53564625850339
82.93306122448979
83.41040816326532
83.94421768707483
84.35319727891157
84.79190476190476
85.16319727891158
85.69095238095238
86.13850340136057
86.89027210884353
87.54891156462585
88.28306122448978
88.89095238095238
89.60462585034014
90.48972789115646
91.62591836734693
92.8473469387755
94.05122448979591
95.29836734693879
96.68081632653062
98.2613605442177
99.8143537414966
101.38353741496599
102.96850340136056
104.62312925170069
106.21115646258505
107.86231292517007
109.5095918367347
110.97877551020409
112.08068027210885
112.8226530612245
113.34979591836735
113.61163265306122
113.75666666666666
113.8834693877551
114.16108843537415
114.36047619047619
114.50401360544218
114.74734693877551
114.94551020408161
114.91646258503403
114.76414965986396
114.93721088435375
115.1548299319728
115.20809523809524
115.24585034013606
115.31823129251701
115.55469387755103
115.69190476190478
115.8282993197279
115.8591156462585
116.02850340136055
116.22544217687076
116.49265306122449
116.65802721088437
116.66265306122449
116.7378231292517
116.78850340136054
116.93408163265308
117.1925850340136
117.61020408163266
117.74959183673471
117.85659863945578
118.03401360544218
118.09952380952382
117.88605442176872
117.55380952380953
116.99945578231292
116.1699319727891
115.25197278911564
114.38285714285715
113.3621768707483
112.50231292517009
111.87115646258503
111.33401360544218
110.49789115646259
109.15265306122448
107.59809523809524
105.85428571428572
103.93231292517008
101.62258503401361
99.60455782312926
97.96979591836737
96.46061224489796
94.76585034013605
93.06013605442178
91.41340136054423
89.91428571428571
88.48938775510204
87.42741496598639
86.12054421768707
84.61061224489796
82.9387755102041
81.49714285714285
80.15489795918367
78.94585034013605
77.73149659863947
76.47707482993196
75.16115646258504
73.75251700680273
72.18639455782314
70.72136054421769
69.40108843537416
68.12380952380953
66.93843537414966
65.67285714285714
64.23040816326531
63.01380952380952
61.96054421768709
60.96163265306123
59.77102040816327
58.93299319727891
58.30986394557823
58.047006802721086
57.886802721088436
57.38068027210885
56.58115646258504
55.804421768707485
55.05
54.1556462585034
53.04217687074831
51.871768707483
50.52884353741497
49.189047619047614
47.74619047619043
46.36523809523805
