110.0272448979592
109.87911564625851
109.98965986394559
109.93442176870748
109.65210884353742
109.3791156462585
109.1539455782313
108.9869387755102
109.05734693877552
109.25591836734694
109.25408163265307
109.05421768707484
108.92578231292518
108.53231292517007
108.27517006802722
108.14190476190477
108.24020408163264
108.23782312925171
108.24306122448981
108.06299319727891
107.86795918367348
107.65170068027211
107.37095238095239
107.17496598639455
107.16408163265307
107.34156462585034
107.53129251700679
107.62816326530611
107.50707482993197
107.28659863945579
107.05768707482993
106.93469387755103
106.79448979591838
106.6247619047619
106.52061224489796
106.5404761904762
106.34360544217687
106.09891156462587
106.00897959183673
106.1008163265306
106.18714285714285
106.3513605442177
106.51632653061225
106.5939455782313
106.55360544217689
106.47829931972791
106.27346938775511
106.34374149659865
106.26074829931973
106.27605442176869
106.08482993197279
106.09333333333333
105.97353741496599
105.96414965986395
105.93714285714287
105.90897959183674
105.90156462585034
106.07877551020408
106.278231292517
106.3552380952381
106.25809523809524
106.3634693877551
106.40843537414966
106.47
106.32687074829931
106.23687074829932
106.17666666666666
106.32551020408164
106.44578231292518
106.44224489795918
106.27659863945578
105.89965986394557
105.86850340136054
106.1278911564626
106.49231292517007
106.61857142857143
106.6774149659864
106.67619047619048
106.66918367346939
106.61244897959185
106.43537414965985
106.27632653061224
106.07251700680273
105.92095238095237
105.70394557823128
105.70938775510204
105.74027210884353
105.9378911564626
105.99734693877551
106.0073469387755
105.97863945578231
105.97673469387755
105.89802721088435
105.86734693877551
105.92843537414967
105.89585034013605
105.72748299319727
105.49136054421768
105.32428571428572
105.33707482993196
105.40666666666668
105.46979591836735
105.43544217687074
105.57993197278911
105.58789115646259
105.68095238095239
105.89374149659865
106.27761904761907
106.50761904761904
106.6800680272109
106.89931972789117
107.15068027210886
107.16877551020409
107.14510204081634
107.05435374149661
107.10714285714286
107.06891156462585
107.24891156462586
107.46142857142857
107.81170068027212
108.14469387755102
108.49020408163267
108.70258503401361
108.74061224489795
108.90380952380951
109.03537414965986
109.06183673469388
109.03442176870749
109.16863945578231
109.32993197278914
109.44523809523811
109.58965986394557
109.73421768707483
109.84333333333333
110.07809523809526
110.3152380952381
110.59115646258505
110.81115646258503
111.15217687074832
111.32346938775511
111.42659863945579
111.49891156462586
111.65095238095239
111.76768707482994
111.74829931972789
111.83034013605443
112.07680272108844
112.48857142857143
112.82619047619048
113.15530612244898
113.55632653061224
113.92197278911566
114.10612244897959
114.18571428571428
114.24986394557823
114.42013605442179
114.51625850340136
114.6422448979592
114.79517006802722
114.89993197278912
115.03306122448981
115.2665986394558
115.62904761904764
115.9221768707483
116.24448979591837
116.56285714285714
116.99544217687075
117.46925170068027
117.80163265306123
118.07380952380953
118.5074149659864
119.02700680272109
119.51986394557824
119.90952380952382
120.21544217687075
120.36326530612246
120.62557823129251
120.94285714285715
121.45197278911564
122.05884353741497
122.83551020408164
123.66965986394558
124.47489795918369
125.25965986394557
125.89836734693877
126.65380952380953
127.60598639455783
128.6491156462585
129.66346938775513
130.8776870748299
132.29680272108843
133.6486394557823
134.95734693877552
136.38850340136054
137.90673469387755
139.3640816326531
140.79108843537415
142.3770068027211
143.93251700680275
145.62809523809523
147.2361224489796
148.99326530612245
150.60748299319727
152.33000000000004
153.78244897959183
155.45027210884354
157.05755102040817
158.66979591836736
159.9517006802721
161.31761904761905
162.50108843537413
163.68115646258505
164.67884353741496
165.72965986394559
166.7186394557823
167.62591836734694
168.33408163265307
169.05034013605444
169.79544217687078
170.6371428571429
171.38068027210886
172.06503401360544
172.571156462585
173.1074829931973
173.58224489795919
174.0395238095238
174.4882993197279
174.91340136054424
175.26326530612246
175.52476190476193
175.82108843537418
175.9887755102041
176.16789115646262
176.2968707482993
176.48462585034014
176.5973469387755
176.63795918367344
176.58979591836734
176.5926530612245
176.59870748299318
176.55707482993196
176.48510204081634
176.34816326530614
176.18163265306123
176.01639455782313
175.92530612244897
175.81115646258507
175.62
175.3444217687075
175.14333333333332
174.90952380952382
174.6672789115646
174.29442176870748
173.92632653061227
173.62061224489798
173.39952380952383
173.18802721088437
172.93040816326533
172.59428571428572
172.20136054421772
171.9627210884354
171.72197278911565
171.30802721088438
170.98068027210883
170.69204081632654
170.43068027210884
169.9970068027211
169.6561904761905
169.2243537414966
168.86428571428573
168.44551020408164
167.92945578231294
167.4043537414966
166.77013605442176
166.20904761904762
165.698231292517
165.23503401360546
164.69721088435372
164.25068027210884
163.8778911564626
163.45258503401362
163.06360544217688
162.6660544217687
162.32163265306122
161.92693877551022
161.691768707483
161.50673469387758
161.57034013605443
161.59945578231293
161.62544217687076
161.6408843537415
161.74816326530612
161.9604081632653
162.19326530612244
162.4870068027211
162.79408163265308
163.13972789115644
163.46727891156465
163.8996598639456
164.4292517006803
164.96244897959184
165.3281632653061
165.7113605442177
166.13972789115647
166.72863945578231
167.2248299319728
167.70455782312922
168.16326530612244
168.78884353741495
169.49938775510208
170.15129251700682
170.69469387755103
171.27231292517007
172.0121768707483
172.81666666666666
173.45897959183677
174.00319727891159
174.62666666666667
175.2848979591837
175.80551020408166
176.25285714285712
176.83823129251698
177.4125850340136
177.92040816326528
178.39238095238096
178.9420408163265
179.41197278911565
179.79102040816326
180.0966666666667
180.46605442176872
180.89782312925172
181.2569387755102
181.57727891156463
182.02925170068028
182.39768707482992
182.6397278911565
182.808843537415
183.07319727891155
183.295306122449
183.6743537414966
183.9734013605442
184.15687074829933
184.37482993197278
184.68843537414966
184.8339455782313
184.9129931972789
185.00843537414966
185.20945578231294
185.3956462585034
185.578231292517
185.65632653061226
185.76374149659864
185.8842857142857
186.03034013605443
186.07136054421767
186.1479591836735
186.25578231292516
186.38537414965987
186.4392517006803
186.50496598639458
186.55170068027212
186.54061224489797
186.5817006802721
186.65972789115648
186.7308163265306
186.67639455782313
186.64272108843537
186.64632653061224
186.75564625850336
186.8634693877551
186.91469387755103
186.8607482993197
186.81319727891156
186.83537414965986
186.83639455782313
186.76265306122448
186.74666666666667
186.81489795918367
186.93517006802722
187.0266666666667
187.0381632653061
186.98537414965983
186.95190476190476
186.9751700680272
186.97210884353743
186.89727891156465
186.8709523809524
186.97197278911568
187.07278911564626
186.9756462585034
186.86489795918368
186.93027210884355
186.96979591836737
186.86979591836737
186.66156462585033
186.52367346938775
186.4731292517007
186.42863945578233
186.39054421768708
186.3843537414966
186.40897959183675
186.30088435374148
186.2034013605442
186.11755102040817
186.01680272108842
185.86816326530612
185.73095238095237
185.60115646258504
185.54115646258504
185.51265306122448
185.4486394557823
185.30340136054423
185.1590476190476
185.09285714285716
185.0557142857143
184.99258503401362
184.87054421768707
184.69408163265305
184.56462585034015
184.46000000000004
184.39013605442176
184.16496598639455
184.06136054421768
183.93857142857144
183.79639455782313
183.62802721088434
183.53251700680272
183.38149659863944
183.184693877551
182.9842857142857
182.8210204081633
182.6804081632653
182.65761904761905
182.51721088435374
182.28551020408165
182.05190476190475
181.93278911564624
181.77761904761905
181.5952380952381
181.39476190476194
181.22326530612244
181.0276870748299
180.82625850340136
180.6278911564626
180.40897959183673
180.1795918367347
179.86170068027212
179.6260544217687
179.46312925170065
179.34510204081633
179.17680272108845
178.94455782312926
178.70897959183674
178.36503401360545
178.04544217687078
177.62952380952382
177.39142857142858
177.20272108843537
177.0710204081633
176.83204081632653
176.5146258503401
176.1720408163265
175.82952380952383
175.5383673469388
175.27768707482994
174.98204081632656
174.58108843537414
174.18986394557825
173.8734693877551
173.53340136054425
173.11761904761903
172.85462585034014
172.5244217687075
172.19802721088436
171.78421768707483
171.4304761904762
171.14068027210885
170.8104761904762
170.42993197278912
170.0321088435374
169.75782312925173
169.46748299319728
169.13360544217687
168.74680272108844
168.27462585034013
168.00646258503403
167.80258503401362
167.53047619047618
167.08013605442176
166.6655782312925
166.2377551020408
165.93945578231293
165.7051700680272
165.3765306122449
164.9721088435374
164.5734693877551
164.19707482993198
163.77931972789116
163.44979591836736
163.07006802721088
162.71571428571428
162.31591836734694
162.04095238095238
161.8352380952381
161.59197278911563
161.19020408163266
160.80714285714288
160.4100680272109
160.05244897959184
159.6912244897959
159.22333333333333
158.76197278911565
158.4514285714286
158.22625850340137
157.83081632653062
157.37809523809523
157.00489795918367
156.55959183673468
156.16299319727892
155.77204081632652
155.4978231292517
154.98680272108842
154.48435374149662
154.07510204081632
153.6969387755102
153.21816326530615
152.79224489795922
152.39782312925172
152.01149659863947
151.5296598639456
151.09292517006804
150.53108843537416
150.01462585034014
149.52857142857144
148.98156462585033
148.4308843537415
147.98925170068026
147.46687074829933
146.79707482993194
146.19884353741494
145.75462585034012
145.17843537414967
144.54931972789115
143.96612244897958
143.38945578231292
142.71061224489796
142.00557823129253
141.3531292517007
140.72755102040816
139.99013605442178
139.25469387755106
138.59129251700682
137.85333333333335
137.0268707482993
136.17850340136056
135.40455782312927
134.65428571428572
133.7912925170068
133.00462585034015
132.19979591836739
131.58244897959185
130.74891156462587
129.91755102040815
129.0448299319728
128.3070068027211
127.56503401360544
126.85374149659863
126.19149659863946
125.62809523809523
124.95333333333333
124.3248299319728
123.75707482993198
123.30530612244897
122.82585034013606
122.41496598639455
122.04278911564627
121.70530612244899
121.47755102040817
121.28428571428572
121.0647619047619
120.87687074829932
120.73197278911564
120.44789115646259
120.18598639455783
119.98938775510204
119.89156462585036
119.71755102040817
119.52557823129251
119.26197278911565
118.93374149659866
118.7274149659864
118.58251700680272
118.38931972789116
118.00863945578232
117.62326530612246
117.34850340136055
117.12870748299319
116.7947619047619
116.36034013605442
115.96517006802722
115.58938775510204
115.13020408163266
114.65462585034014
114.23850340136056
113.84761904761905
113.41340136054423
112.89673469387756
112.50238095238096
112.18945578231293
111.8782993197279
111.28367346938776
110.7730612244898
110.37850340136056
109.96210884353741
109.44578231292518
109.02578231292517
108.63952380952381
108.1126530612245
107.59312925170069
107.10850340136054
106.6687074829932
106.2643537414966
105.81993197278912
105.32156462585036
104.9313605442177
104.56163265306122
104.11020408163266
103.46455782312925
102.95673469387755
102.49265306122449
102.07571428571428
101.55312925170068
101.21986394557824
100.89210884353741
100.36897959183673
99.84278911564626
99.35523809523811
98.99489795918367
98.60768707482994
98.25666666666667
97.76401360544217
97.25380952380951
96.90952380952382
96.44306122448981
95.94013605442177
95.321768707483
94.78414965986394
94.37020408163265
94.00040816326529
93.55517006802721
92.88326530612245
92.36122448979592
91.99278911564626
91.7443537414966
91.33197278911564
90.8382993197279
90.41
89.99965986394558
89.59714285714286
89.25489795918367
88.95414965986394
88.49068027210883
87.96605442176872
87.53809523809524
87.20197278911564
86.86285714285715
86.41972789115647
85.94285714285715
85.63795918367347
85.39374149659865
84.9882993197279
84.57537414965986
84.21938775510205
83.75462585034013
83.27034013605441
82.83095238095238
82.24204081632654
81.66482993197279
81.39278911564627
81.12476190476191
80.69619047619048
80.2313605442177
79.88639455782314
79.61571428571429
79.35904761904762
78.90469387755104
78.34523809523809
77.94659863945577
77.81653061224489
77.62551020408164
77.30571428571429
76.74578231292517
76.23068027210884
75.79312925170069
75.52918367346939
75.25040816326529
74.99530612244898
74.64952380952381
74.28142857142856
74.01197278911565
73.74421768707484
73.47367346938776
73.13122448979593
72.76299319727892
72.30115646258503
72.0291156462585
71.7861224489796
71.54795918367348
71.19
70.87251700680272
70.51918367346939
70.3369387755102
70.22877551020409
69.96775510204081
69.54959183673469
69.29387755102042
69.2274149659864
69.17054421768707
68.92734693877551
68.57680272108844
68.27081632653062
68.0730612244898
67.82149659863947
67.61013605442179
67.32095238095238
67.04367346938776
66.70537414965986
66.49870748299318
66.15251700680273
65.85129251700681
65.67884353741496
65.66816326530612
65.43897959183673
65.08646258503401
64.73496598639456
64.483537414966
64.24496598639456
64.05795918367347
63.97462585034014
63.93217687074829
63.70605442176871
63.36680272108843
63.05700680272109
63.014761904761905
62.93571428571428
62.821496598639456
62.56666666666667
62.41176870748299
62.297210884353746
62.17877551020409
62.01700680272109
61.74639455782313
61.4426530612245
61.23510204081633
61.18904761904763
61.094421768707484
60.94925170068027
60.714761904761914
60.524421768707484
60.465918367346944
60.43829931972789
60.273265306122454
60.04265306122449
59.99448979591837
59.92836734693877
59.72761904761905
59.41210884353741
59.25285714285714
59.12013605442177
58.88115646258503
58.73836734693878
58.63374149659864
58.58659863945579
58.44251700680272
58.44190476190476
58.381564625850345
58.25850340136055
58.04673469387755
58.005102040816325
58.10639455782314
58.13197278911564
57.898095238095244
57.68088435374149
57.602380952380955
57.665578231292514
57.57578231292517
57.48557823129252
57.37428571428571
57.41721088435374
57.217346938775506
57.17108843537415
56.92707482993198
56.92476190476191
56.74224489795918
56.72224489795918
56.69972789115646
56.87700680272109
56.91374149659865
56.835850340136055
56.726394557823134
56.63843537414966
56.57197278911565
56.60578231292517
56.51040816326531
56.34170068027211
56.181496598639455
56.18285714285715
56.18673469387756
56.14687074829932
56.040340136054425
56.05482993197279
56.09789115646258
56.18544217687075
56.171292517006805
56.124081632653066
56.04095238095238
56.013945578231294
55.854897959183674
55.81292517006803
55.84292517006803
55.877755102040815
55.757482993197286
55.94238095238096
56.120544217687076
56.12517006802722
56.04380952380952
56.00557823129252
55.99972789115647
55.99632653061225
56.07884353741497
56.09755102040816
56.181836734693874
56.31986394557823
56.336326530612254
56.18448979591837
56.15823129251701
56.300884353741495
56.40122448979592
56.507891156462584
56.62789115646259
56.73700680272109
56.78891156462585
56.98068027210884
57.10319727891156
57.14360544217687
57.20142857142857
57.27251700680272
57.479727891156465
57.805170068027216
58.071496598639456
58.01687074829932
57.97210884353741
58.18278911564626
58.38993197278912
58.5082993197279
58.6325850340136
58.9056462585034
59.146870748299314
59.241360544217684
59.32741496598639
59.53176870748299
59.707891156462594
59.80925170068028
59.81993197278912
60.00408163265306
60.12625850340137
60.26727891156463
60.383537414965986
60.62904761904762
60.82244897959184
60.88857142857143
60.94979591836735
61.07170068027211
61.30156462585035
61.62149659863946
61.737619047619056
61.77918367346939
61.89006802721089
62.15551020408164
62.36258503401361
62.48006802721089
62.60748299319728
62.651428571428575
62.67551020408164
62.666258503401366
62.84455782312925
63.070680272108845
63.279591836734696
63.29632653061225
63.40244897959184
63.43258503401361
63.52482993197279
63.48020408163265
63.49768707482993
63.52585034013606
63.62850340136055
63.75482993197279
63.794693877551026
63.8374149659864
63.84408163265306
63.868163265306116
63.849591836734696
63.72931972789116
63.72170068027211
63.79319727891156
63.93380952380952
63.877687074829936
63.92503401360544
63.99918367346939
64.1343537414966
64.10122448979592
63.96462585034014
63.84170068027211
63.83734693877551
63.94646258503401
64.00312925170067
64.04897959183674
64.06687074829932
64.06918367346938
63.974013605442174
63.817074829931975
63.810544217687074
63.805238095238096
63.78006802721089
63.51809523809524
63.4682993197279
63.37455782312925
63.52782312925171
63.477210884353745
63.39578231292517
62.997891156462586
62.81911564625851
62.77312925170068
62.81414965986394
62.70142857142857
62.60136054421769
62.482448979591844
62.32278911564626
62.12707482993197
61.974761904761905
61.90891156462585
61.943401360544215
61.927346938775514
61.81414965986395
61.694965986394564
61.55176870748299
61.41414965986395
61.32136054421769
61.29605442176871
60.95258503401361
60.80591836734695
60.69843537414967
60.72884353741497
60.63374149659864
60.65537414965986
60.52340136054421
60.41231292517007
60.34659863945579
60.24605442176871
60.06496598639456
60.030612244897966
59.923469387755105
59.70578231292517
59.36619047619048
59.150136054421765
59.04074829931973
59.016054421768715
59.17877551020408
59.26455782312925
59.1643537414966
58.859591836734694
58.73836734693878
58.5552380952381
58.48061224489796
58.45829931972789
58.41401360544217
58.24278911564626
58.032176870748295
57.87428571428572
57.83183673469387
57.95204081632653
57.76
57.6778231292517
57.530136054421774
57.482244897959184
57.08530612244898
56.97591836734694
56.761904761904766
56.74945578231293
56.6112925170068
56.49829931972789
56.3365306122449
56.33795918367347
56.22224489795918
56.05619047619047
55.892108843537414
55.888231292517005
55.706598639455784
55.496054421768704
55.32122448979592
55.15020408163265
54.88204081632654
54.754557823129254
54.878367346938774
54.83993197278912
54.621428571428574
54.33074829931973
54.33408163265306
54.489183673469384
54.541768707482994
54.34047619047619
54.21224489795918
54.35006802721089
54.24265306122449
54.1130612244898
54.10448979591837
54.18632653061225
54.01829931972789
53.96775510204081
54.00346938775511
54.03142857142858
53.92142857142858
53.927823129251706
54.093061224489794
54.21721088435374
54.211292517006804
54.113197278911564
54.07680272108844
53.97707482993198
54.09693877551021
54.20863945578232
54.16938775510204
53.95836734693878
54.03149659863946
54.29598639455782
54.501224489795916
54.488027210884354
54.42802721088436
54.56863945578232
54.53775510204082
54.651156462585035
54.68272108843538
54.85292517006803
54.91748299319728
55.03891156462585
54.98170068027211
54.9352380952381
55.12761904761905
55.27224489795919
55.315986394557825
55.410272108843536
55.61959183673469
55.85857142857142
55.94748299319728
56.05707482993198
56.16884353741497
56.40489795918367
56.53380952380952
56.74557823129252
56.82054421768708
56.95918367346939
57.14312925170068
57.39680272108844
57.55081632653062
57.687823129251704
57.95149659863945
58.253401360544224
58.55448979591837
58.82809523809524
59.018367346938774
59.2243537414966
59.38421768707484
59.59006802721088
59.89272108843538
60.28170068027211
60.58972789115646
60.69244897959183
60.828231292517
61.02108843537415
61.37210884353742
61.83897959183673
62.33931972789116
62.50183673469388
62.5287074829932
62.799387755102046
63.25163265306122
63.5012925170068
63.6269387755102
63.86333333333333
64.1634693877551
64.53931972789115
64.92442176870748
65.12108843537416
65.28639455782313
65.55721088435374
65.95333333333333
66.32816326530613
66.6221768707483
66.88816326530612
67.14965986394557
67.48544217687075
67.7348299319728
68.09360544217687
68.52877551020408
69.02489795918368
69.21517006802722
69.37721088435373
69.6861224489796
70.21156462585034
70.7212925170068
71.06666666666666
71.34673469387755
71.63034013605443
71.94061224489795
72.12625850340136
72.3386394557823
72.4530612244898
72.68578231292517
72.9243537414966
73.2478231292517
73.4156462585034
73.54013605442177
73.75537414965987
74.02721088435374
74.37755102040818
74.48734693877552
74.72707482993198
75.07809523809524
75.48013605442176
75.70972789115648
75.85931972789116
76.15870748299321
76.45877551020409
76.76503401360544
76.92693877551022
77.15068027210884
77.47081632653061
77.82238095238095
78.12809523809523
78.32578231292517
78.47387755102041
78.71748299319728
79.0142857142857
79.29680272108844
79.50462585034015
79.90585034013606
80.07680272108844
80.29244897959185
80.63346938775511
81.21863945578232
81.62598639455783
81.94959183673468
82.2595918367347
82.62204081632655
82.94931972789115
83.4495918367347
83.9930612244898
84.43836734693878
84.67979591836735
85.11428571428571
85.59285714285716
86.1382993197279
86.7231292517007
87.4073469387755
87.93693877551021
88.58931972789117
89.34278911564627
90.11489795918368
90.83693877551019
91.8677551020408
93.09605442176871
94.2852380952381
95.53360544217688
96.91945578231294
98.48503401360544
100.07571428571428
101.71496598639456
103.42877551020408
105.15863945578232
106.74197278911564
108.2695238095238
109.98585034013605
111.53734693877551
112.651768707483
113.27707482993199
113.6822448979592
113.90666666666667
114.11190476190477
114.25428571428571
114.39632653061224
114.52850340136054
114.87469387755102
115.16979591836736
115.38367346938776
115.36401360544218
115.47380952380954
115.51149659863947
115.6834693877551
115.83585034013606
116.18095238095239
116.21979591836734
116.29163265306123
116.27210884353741
116.48591836734695
116.58544217687074
116.88496598639458
117.11707482993197
117.33190476190478
117.36095238095238
117.35367346938776
117.22748299319727
117.19782312925172
117.32755102040818
117.69986394557823
117.94911564625852
118.0474149659864
118.1826530612245
118.57809523809524
118.80510204081634
118.73653061224489
118.44605442176872
118.00503401360544
117.21945578231293
116.33482993197279
115.42789115646258
114.58353741496599
113.9121768707483
113.40795918367348
112.77863945578233
111.85938775510205
110.61680272108843
109.03183673469388
107.0130612244898
104.79625850340136
102.6048299319728
100.61530612244897
98.69843537414967
96.89795918367346
95.08040816326532
93.20027210884354
91.54469387755103
89.93272108843537
88.40442176870748
86.9947619047619
85.64673469387756
84.15020408163265
82.68278911564626
81.25938775510204
79.74530612244898
78.3243537414966
76.92714285714285
75.55462585034013
74.26850340136053
72.94965986394558
71.48210884353742
70.10585034013606
69.02680272108844
67.81802721088435
66.42374149659864
65.05850340136054
63.98884353741498
62.91986394557824
61.69312925170068
60.63319727891157
59.50571428571429
58.59455782312925
57.89020408163266
57.59748299319728
57.2770068027211
57.02013605442177
56.48340136054422
55.630544217687074
54.788163265306125
53.90326530612245
52.90931972789116
51.59006802721088
50.3152380952381
48.81108843537415
47.34340136054416
45.84391156462579
