113.62537414965985
113.86040816326526
114.11891156462586
114.10612244897959
114.3195238095238
113.89795918367349
113.66979591836736
113.24680272108844
113.3712925170068
113.43326530612246
113.57163265306123
113.44272108843538
113.23870748299319
112.93312925170069
112.72299319727892
112.70938775510204
112.86204081632653
112.89292517006803
112.78210884353743
112.70503401360544
112.56197278911566
112.2552380952381
111.91394557823129
111.86224489795919
111.91632653061225
112.08979591836734
112.28156462585034
112.38544217687075
112.26448979591837
112.11142857142858
111.9261224489796
111.76768707482995
111.55442176870748
111.42394557823131
111.30319727891157
111.24455782312926
111.1139455782313
110.90755102040816
110.69496598639455
110.54891156462585
110.6265306122449
110.96204081632654
111.20258503401361
111.22244897959183
111.03081632653061
110.83795918367348
110.64190476190475
110.78292517006804
110.92272108843537
110.87190476190477
110.61312925170068
110.47421768707483
110.40727891156463
110.4504761904762
110.33197278911565
110.2104761904762
110.30040816326532
110.57625850340136
110.70088435374151
110.61768707482992
110.57190476190478
110.64013605442176
110.6852380952381
110.7904081632653
110.85258503401361
110.9182993197279
110.74925170068028
110.72972789115646
110.77013605442178
110.8304081632653
110.70979591836735
110.46557823129253
110.34863945578232
110.53129251700679
110.9108843537415
111.24632653061225
111.41238095238094
111.39734693877551
111.3004081632653
111.22904761904762
111.13360544217687
110.86319727891157
110.568231292517
110.33401360544218
110.24421768707484
110.24238095238096
110.26129251700681
110.26204081632653
110.3030612244898
110.25013605442177
110.30360544217687
110.36081632653062
110.57884353741497
110.51408163265307
110.47204081632654
110.40020408163265
110.15721088435373
109.94142857142857
109.85414965986395
110.10374149659864
110.00721088435375
109.99680272108844
109.84544217687075
109.94721088435375
110.03081632653061
110.25095238095238
110.3887074829932
110.66013605442177
111.09380952380953
111.52319727891158
111.5774829931973
111.52251700680273
111.57020408163265
111.77353741496599
111.75278911564627
111.5978911564626
111.39095238095238
111.42986394557823
111.7474149659864
112.24591836734695
112.56639455782313
112.78367346938775
112.93680272108844
113.18639455782315
113.38231292517007
113.51149659863947
113.51006802721089
113.40632653061223
113.4504761904762
113.42823129251701
113.40809523809524
113.58598639455784
113.89068027210885
114.14510204081633
114.29721088435375
114.5352380952381
114.73353741496598
114.93680272108844
115.11993197278912
115.29789115646258
115.61190476190477
115.75006802721089
115.78693877551022
115.83904761904762
115.98013605442178
116.08673469387756
116.3178231292517
116.69619047619048
117.0326530612245
117.31217687074832
117.72734693877551
118.26204081632653
118.57884353741497
118.64183673469388
118.67435374149662
118.78578231292518
118.87312925170068
119.07421768707482
119.26095238095239
119.4208843537415
119.40863945578232
119.46068027210885
119.67748299319727
120.10020408163265
120.44551020408163
120.75836734693878
121.1982993197279
121.74904761904762
122.23387755102041
122.60931972789116
122.98183673469387
123.31673469387755
123.6857142857143
124.04591836734694
124.40074829931973
124.52897959183673
124.7678231292517
125.0965306122449
125.69333333333334
126.32442176870748
126.98034013605442
127.64272108843538
128.32482993197277
129.0681632653061
129.67340136054423
130.37204081632655
131.23326530612246
132.19591836734693
133.17068027210883
134.28319727891156
135.62564625850342
136.89721088435374
138.04673469387757
139.27877551020407
140.6508843537415
142.08231292517007
143.38632653061222
144.77312925170068
146.25666666666672
147.8691836734694
149.29768707482992
150.79238095238097
152.28666666666666
153.7674829931973
155.1
156.4812925170068
157.82428571428574
158.9427891156463
159.94605442176874
160.93136054421768
161.91489795918366
162.8708843537415
163.87333333333333
164.82238095238097
165.57945578231295
166.30891156462584
166.98360544217687
167.56972789115645
168.13761904761904
168.8948299319728
169.7412244897959
170.40809523809526
170.94115646258504
171.4584353741497
171.85809523809525
172.12755102040816
172.43034013605444
172.8004761904762
173.0713605442177
173.2155782312925
173.46020408163267
173.74469387755101
174.03571428571428
174.1643537414966
174.25197278911565
174.25108843537416
174.26510204081634
174.30020408163267
174.31380952380954
174.2891156462585
174.22795918367348
174.1473469387755
174.02598639455783
173.8922448979592
173.73884353741494
173.49142857142857
173.30408163265307
173.16877551020409
173.1416326530612
172.91292517006804
172.58727891156465
172.2044897959184
171.9929931972789
171.75687074829932
171.5559863945578
171.32408163265308
171.05639455782313
170.80517006802722
170.4948299319728
170.30190476190478
169.90721088435373
169.66897959183672
169.31925170068027
169.1310204081633
168.72544217687076
168.41986394557824
168.09734693877553
167.83034013605442
167.4552380952381
167.11156462585035
166.80775510204083
166.4212925170068
166.01163265306124
165.62707482993198
165.19380952380953
164.65455782312927
164.22625850340137
163.85068027210886
163.3904761904762
163.00707482993198
162.71578231292517
162.42925170068025
162.0799319727891
161.8455782312925
161.65428571428572
161.43442176870752
161.22190476190477
161.07251700680274
161.14455782312928
161.3677551020408
161.64176870748298
161.72911564625852
161.79598639455784
161.96761904761905
162.21047619047621
162.44190476190477
162.72870748299323
163.09510204081633
163.34346938775508
163.71380952380952
164.13857142857142
164.5778231292517
164.9808163265306
165.45891156462588
165.89136054421772
166.20428571428573
166.65857142857146
167.1805442176871
167.6822448979592
168.26721088435374
168.84931972789116
169.52122448979594
170.11544217687074
170.80537414965988
171.36687074829933
171.9742857142857
172.5667346938776
173.19687074829932
173.7912925170068
174.3465986394558
174.8448299319728
175.40727891156465
175.97816326530614
176.4713605442177
176.9474149659864
177.41197278911565
177.7776870748299
178.05598639455783
178.36680272108845
178.81680272108844
179.26421768707485
179.60068027210886
179.89285714285717
180.1974829931973
180.55163265306123
180.81857142857143
181.07510204081632
181.3025170068027
181.63489795918366
182.00442176870746
182.2831972789116
182.49462585034013
182.6234693877551
182.84761904761905
183.00367346938776
183.1386394557823
183.21551020408162
183.44258503401358
183.65795918367348
183.8161224489796
183.9255102040816
184.0465986394558
184.08578231292518
184.21938775510205
184.3918367346939
184.4504761904762
184.39972789115646
184.45897959183674
184.52122448979594
184.53639455782314
184.61149659863946
184.70843537414964
184.75047619047618
184.82673469387757
184.87312925170068
184.8443537414966
184.77761904761905
184.84639455782315
184.98857142857145
185.0021088435374
184.90782312925168
184.88326530612244
184.9248299319728
184.9838095238095
185.05972789115648
185.06312925170067
184.9634693877551
184.91054421768706
184.97496598639455
185.0770068027211
185.13768707482996
185.14455782312928
185.11850340136056
185.1309523809524
185.1173469387755
185.06809523809525
185.0630612244898
185.08244897959185
185.07646258503402
185.031768707483
185.04122448979592
185.04054421768706
185.0351020408163
184.9334693877551
184.8252380952381
184.7026530612245
184.6074149659864
184.58455782312927
184.53428571428572
184.4830612244898
184.4565306122449
184.4171428571429
184.23965986394558
184.1261224489796
184.07278911564626
183.93891156462587
183.7313605442177
183.62251700680272
183.6339455782313
183.6092517006803
183.48727891156466
183.35455782312926
183.32108843537412
183.21816326530615
183.10931972789115
182.9868707482993
182.87163265306123
182.6614285714286
182.50972789115647
182.44380952380953
182.37931972789116
182.24034013605444
182.10149659863944
182.0152380952381
181.90136054421768
181.8205442176871
181.6742857142857
181.4287074829932
181.23551020408166
181.10986394557824
180.92149659863946
180.73367346938775
180.70020408163265
180.62020408163264
180.44557823129253
180.25020408163263
180.06897959183672
179.8104761904762
179.6590476190476
179.61591836734692
179.46102040816328
179.13190476190476
178.8452380952381
178.66034013605443
178.46904761904761
178.22408163265305
178.0227210884354
177.814693877551
177.6223129251701
177.41843537414968
177.25272108843538
177.07455782312925
176.80768707482994
176.43414965986395
176.14544217687074
175.8973469387755
175.71122448979594
175.5536054421769
175.3734693877551
175.03673469387755
174.6793197278912
174.37598639455783
174.0934013605442
173.801768707483
173.48503401360546
173.141768707483
172.81496598639455
172.49142857142857
172.13632653061225
171.72965986394559
171.38108843537415
170.99795918367346
170.72149659863945
170.36510204081634
170.0361224489796
169.67068027210883
169.38469387755103
169.04755102040815
168.80741496598637
168.50659863945577
168.16333333333336
167.75863945578232
167.3880272108844
167.01108843537415
166.75095238095238
166.49625850340135
166.11462585034013
165.75911564625852
165.4451700680272
165.03122448979593
164.68326530612245
164.38857142857142
164.14183673469387
163.75510204081633
163.4200680272109
163.02
162.61863945578233
162.20013605442176
161.83115646258506
161.5070068027211
161.1687074829932
160.90897959183673
160.60061224489797
160.224693877551
159.82646258503402
159.5140136054422
159.21517006802722
158.86687074829933
158.54108843537415
158.12292517006804
157.75795918367348
157.3196598639456
157.05965986394557
156.68027210884355
156.3704081632653
155.86721088435374
155.47986394557824
155.14557823129255
154.90510204081633
154.51585034013607
154.07755102040818
153.68333333333334
153.2697278911565
152.8283673469388
152.38877551020408
152.01768707482992
151.61809523809524
151.24414965986392
150.77891156462584
150.3313605442177
149.8970068027211
149.4325170068027
148.95231292517008
148.42224489795916
147.9492517006803
147.47027210884352
147.07244897959183
146.5374149659864
145.9131292517007
145.32693877551023
144.83448979591836
144.28394557823128
143.74959183673474
143.21897959183676
142.631768707483
141.90857142857143
141.34156462585037
140.85380952380953
140.3112925170068
139.4643537414966
138.67068027210883
137.93414965986392
137.38802721088436
136.67850340136056
135.87687074829932
135.08299319727888
134.4895238095238
133.78374149659862
133.06210884353743
132.3725170068027
131.6773469387755
130.83993197278912
130.1603401360544
129.49734693877554
128.7551700680272
127.88074829931975
127.20455782312925
126.62761904761905
126.14360544217688
125.5574149659864
125.09972789115646
124.62
124.15183673469387
123.64000000000001
123.22979591836736
122.98666666666668
122.70013605442178
122.41197278911565
122.0561224489796
121.75544217687074
121.53258503401361
121.4125850340136
121.22278911564626
121.01095238095238
120.92421768707483
120.77863945578233
120.55278911564625
120.35272108843539
120.17938775510204
119.95863945578232
119.6508843537415
119.49503401360545
119.32646258503402
119.12911564625851
118.76129251700681
118.40727891156463
118.05108843537417
117.79278911564626
117.59768707482993
117.36809523809524
117.0930612244898
116.74210884353741
116.34170068027211
115.85755102040817
115.41299319727891
114.99312925170067
114.59578231292517
114.19884353741497
113.87217687074829
113.53088435374148
113.09285714285716
112.64360544217688
112.17442176870748
111.79646258503402
111.51544217687075
111.0852380952381
110.5382993197279
109.96299319727892
109.63340136054421
109.30965986394557
109.06
108.6329931972789
108.12374149659863
107.63034013605443
107.26027210884354
106.83782312925169
106.38598639455782
106.05197278911564
105.72054421768706
105.31401360544217
104.72591836734694
104.251768707483
103.88639455782314
103.59482993197278
103.16455782312926
102.70081632653061
102.23183673469389
101.68183673469389
101.35666666666665
101.03578231292518
100.5778231292517
100.09482993197278
99.75986394557825
99.40142857142858
98.92775510204082
98.39965986394559
97.7970068027211
97.25340136054422
96.77809523809523
96.3300680272109
95.81469387755102
95.40863945578232
95.08850340136054
94.80904761904763
94.30156462585035
93.92789115646258
93.63482993197277
93.31013605442176
92.82993197278911
92.51428571428572
92.11027210884353
91.61353741496599
91.2165306122449
90.89775510204082
90.5312925170068
90.1331292517007
89.77768707482993
89.38993197278911
89.04938775510205
88.81292517006803
88.47789115646259
88.10619047619049
87.6995918367347
87.24428571428572
86.74687074829933
86.2804761904762
85.88870748299321
85.39170068027211
85.00857142857143
84.73925170068027
84.48074829931973
84.02476190476192
83.55204081632654
83.12034013605442
82.86632653061224
82.55503401360545
82.23319727891158
81.82278911564626
81.51489795918367
81.13564625850339
80.76578231292517
80.38272108843537
80.1008843537415
79.81278911564625
79.59292517006801
79.18632653061225
78.74401360544218
78.38462585034014
78.1278911564626
77.94129251700681
77.69666666666667
77.31795918367347
76.82299319727892
76.53
76.29578231292518
75.9261224489796
75.4904761904762
75.16312925170068
74.91850340136054
74.65095238095239
74.49557823129251
74.21843537414966
73.97775510204082
73.73482993197278
73.60741496598641
73.23843537414966
72.90802721088436
72.79884353741497
72.75149659863945
72.57775510204081
72.24224489795918
71.86408163265307
71.47816326530612
71.20959183673469
71.04598639455781
70.77380952380952
70.3708843537415
70.03551020408163
69.86414965986395
69.6786394557823
69.40761904761905
69.15013605442178
69.00646258503401
68.82156462585034
68.63979591836734
68.40986394557824
68.0825850340136
67.72999999999999
67.51965986394558
67.27673469387756
66.99625850340138
66.89122448979592
66.8439455782313
66.6682993197279
66.57251700680273
66.43680272108844
66.14789115646258
65.96816326530612
65.93251700680271
65.66965986394558
65.26136054421768
64.95455782312925
64.82020408163265
64.66149659863947
64.52680272108844
64.42374149659864
64.33945578231294
64.08802721088436
63.887687074829934
63.81340136054422
63.80816326530612
63.62095238095238
63.560272108843535
63.505918367346936
63.40163265306123
63.10795918367347
62.84537414965987
62.65707482993197
62.417619047619056
62.1643537414966
61.94945578231293
61.82231292517007
61.81258503401361
61.79863945578231
61.7156462585034
61.58700680272109
61.44571428571429
61.204625850340136
61.0738775510204
61.131020408163266
61.00591836734694
60.81081632653061
60.8178231292517
60.95421768707484
60.919591836734696
60.72442176870749
60.594897959183676
60.42292517006803
60.31442176870748
60.200544217687074
60.19020408163266
60.07938775510205
59.90829931972789
59.64979591836735
59.59340136054422
59.67571428571429
59.81619047619048
59.86734693877551
59.90258503401361
59.860748299319724
59.68510204081633
59.572040816326535
59.54952380952382
59.57564625850341
59.47802721088435
59.333061224489796
59.147891156462585
58.91353741496599
58.870884353741495
58.786530612244896
58.73238095238095
58.75755102040817
58.91265306122449
59.002380952380946
59.053061224489795
59.12571428571429
59.010816326530616
58.875034013605436
58.750748299319724
58.69394557823129
58.57850340136055
58.55034013605442
58.677346938775514
58.93442176870749
58.98687074829932
58.90421768707483
58.79156462585034
58.75040816326531
58.73789115646259
58.824353741496594
58.86265306122449
58.96367346938775
59.02231292517007
59.00809523809524
58.83442176870748
58.901496598639454
59.050748299319736
59.27115646258504
59.318503401360545
59.45734693877551
59.52115646258504
59.61598639455783
59.665782312925174
59.87374149659864
60.05809523809524
60.15775510204082
60.26857142857143
60.393537414965984
60.57714285714286
60.83857142857143
61.04537414965987
61.11231292517007
61.15414965986395
61.32251700680273
61.44510204081632
61.53272108843537
61.62700680272109
61.900272108843545
62.087006802721085
62.14768707482994
62.24380952380953
62.54850340136055
62.794489795918366
62.95272108843538
63.10074829931973
63.213469387755104
63.34013605442177
63.66231292517007
63.94727891156463
64.04632653061225
64.14163265306122
64.24755102040817
64.24496598639455
64.35972789115647
64.65551020408164
64.94428571428571
65.0782993197279
65.26149659863947
65.48877551020409
65.74768707482994
65.8356462585034
65.89870748299319
65.98693877551021
66.11993197278912
66.2117006802721
66.25741496598641
66.3565986394558
66.54727891156463
66.79816326530613
66.8977551020408
66.84897959183672
66.92333333333333
67.00210884353741
67.0665306122449
66.97931972789117
67.06632653061224
67.22312925170067
67.34360544217688
67.27578231292517
67.18857142857144
67.1639455782313
67.1821088435374
67.30925170068028
67.41115646258504
67.44278911564626
67.4234693877551
67.48666666666666
67.53231292517006
67.4929931972789
67.53993197278912
67.56258503401361
67.58768707482993
67.52829931972789
67.48292517006803
67.39768707482993
67.33734693877551
67.30639455782314
67.34013605442176
67.41006802721088
67.47244897959183
67.41353741496599
67.39653061224489
67.38571428571429
67.34897959183674
67.16884353741497
67.04510204081632
66.94197278911565
66.9169387755102
66.8131292517007
66.71625850340136
66.45551020408163
66.2974149659864
66.14231292517007
66.10326530612244
66.01448979591837
65.97020408163266
65.83755102040816
65.70952380952382
65.60659863945578
65.38034013605443
65.21870748299321
65.04265306122448
64.94632653061225
64.74265306122449
64.79312925170068
64.7569387755102
64.69340136054421
64.5500680272109
64.51020408163265
64.24224489795918
63.9861224489796
63.83292517006802
63.91367346938776
63.8448299319728
63.77775510204082
63.68693877551021
63.56721088435374
63.371088435374155
63.298231292517016
63.43448979591837
63.409387755102046
63.143741496598636
62.82469387755102
62.704149659863944
62.632448979591835
62.45367346938775
62.29074829931974
62.339387755102045
62.32476190476191
62.212857142857146
62.0774149659864
61.98244897959184
61.785646258503405
61.69891156462586
61.60163265306122
61.395102040816326
61.207687074829934
61.14632653061224
61.1143537414966
60.98102040816327
60.85646258503401
60.70312925170069
60.58074829931974
60.40632653061225
60.32238095238095
60.30952380952381
60.095170068027215
59.807619047619056
59.675374149659866
59.74231292517007
59.63204081632654
59.432108843537414
59.29027210884354
59.228367346938775
59.14020408163266
58.8687074829932
58.65272108843538
58.53768707482993
58.44224489795919
58.27299319727892
58.13755102040817
57.976190476190474
57.755442176870744
57.62442176870748
57.57163265306123
57.472857142857144
57.35
57.2847619047619
57.211292517006804
57.00333333333333
56.912244897959184
56.97918367346939
57.12891156462585
57.05292517006803
56.99401360544218
56.97544217687074
56.87353741496598
56.7639455782313
56.67591836734694
56.77721088435375
56.88224489795918
56.94156462585034
56.78129251700681
56.7621768707483
56.754013605442175
56.802721088435376
56.79156462585034
56.846530612244905
56.665782312925174
56.57952380952381
56.66326530612245
56.821496598639456
56.97353741496599
57.03993197278911
57.062789115646254
57.02040816326531
57.086122448979594
57.287551020408166
57.30455782312925
57.20326530612245
57.28591836734694
57.59061224489796
57.68496598639456
57.70142857142857
57.69353741496599
57.7747619047619
57.75571428571429
57.88312925170069
58.038231292517004
58.23095238095239
58.26659863945578
58.36585034013606
58.5948299319728
58.88557823129252
59.05612244897959
59.203809523809525
59.235238095238095
59.362585034013605
59.58795918367347
59.79727891156463
59.91891156462585
60.04571428571428
60.28850340136056
60.54027210884354
60.73748299319728
60.92945578231293
61.21503401360545
61.51442176870748
61.68843537414966
61.84687074829932
62.10054421768707
62.40380952380953
62.67748299319727
62.934285714285714
63.176258503401364
63.46272108843538
63.76285714285715
64.10224489795918
64.39374149659864
64.72204081632654
65.001768707483
65.34666666666666
65.51142857142858
65.8026530612245
66.0238775510204
66.2717006802721
66.49938775510203
66.91163265306122
67.27931972789116
67.49414965986395
67.67673469387756
67.99387755102042
68.34557823129252
68.68605442176872
68.8443537414966
68.99170068027212
69.23755102040816
69.62183673469389
69.81510204081633
70.03714285714287
70.4443537414966
70.92462585034014
71.28292517006803
71.69244897959184
72.18673469387755
72.568231292517
72.84183673469389
73.24081632653062
73.53768707482993
73.87462585034014
74.20680272108844
74.6412925170068
74.98455782312925
75.25108843537416
75.4678231292517
75.64170068027211
75.93013605442177
76.22122448979593
76.49537414965987
76.63027210884354
76.54659863945578
76.56006802721089
76.77843537414967
77.26857142857143
77.58843537414967
77.92374149659864
78.08047619047619
78.45326530612246
78.65598639455783
79.03013605442177
79.27190476190476
79.53061224489795
79.638231292517
79.82646258503402
80.06156462585035
80.41761904761904
80.64292517006803
80.7504761904762
80.89911564625851
81.12258503401361
81.3191836734694
81.59095238095239
81.99802721088435
82.36768707482993
82.60496598639456
82.85761904761904
83.09891156462585
83.36646258503401
83.60210884353742
83.89095238095238
84.26809523809524
84.54367346938776
84.75006802721089
84.98714285714286
85.36891156462585
85.77979591836736
86.31204081632653
86.78918367346938
87.08183673469388
87.32482993197279
87.70557823129253
88.18149659863946
88.70625850340137
89.25006802721089
89.743537414966
90.3626530612245
90.98925170068028
91.62938775510204
92.39462585034013
93.5634693877551
94.71897959183674
95.74544217687075
96.77578231292517
98.09414965986394
99.57027210884354
100.95088435374149
102.38448979591837
103.86448979591837
105.4821768707483
107.07551020408162
108.71986394557823
110.13891156462587
111.47666666666666
112.49884353741496
113.32421768707484
113.79557823129252
114.22251700680273
114.33421768707483
114.27190476190476
114.0952380952381
114.12496598639457
114.3704081632653
114.65857142857142
114.83442176870749
114.76925170068027
114.72510204081634
114.7674149659864
114.86945578231294
114.95319727891156
115.13156462585034
115.13659863945578
115.08673469387756
115.08972789115646
115.18360544217687
115.05802721088436
114.87782312925171
114.95
115.06591836734694
115.01054421768708
114.77163265306123
114.65673469387755
114.6778911564626
114.73319727891158
114.91210884353742
115.01326530612246
115.12346938775511
115.08047619047619
115.11401360544218
115.03061224489797
114.91557823129253
114.6634693877551
114.11442176870749
113.19380952380953
112.2852380952381
111.37272108843538
110.42421768707483
109.52061224489796
108.83183673469388
107.9891836734694
107.21149659863946
106.04925170068027
104.61768707482995
102.75170068027211
100.85013605442177
98.73285714285716
96.83727891156465
95.17136054421768
93.4704761904762
91.70673469387754
89.88319727891157
88.2530612244898
86.69020408163266
85.32537414965986
84.1065306122449
82.83938775510205
81.3795918367347
79.8061904761905
78.40210884353743
77.11251700680273
75.78401360544218
74.32646258503402
73.07598639455783
72.03210884353742
70.91183673469388
69.66108843537414
68.65850340136055
67.84299319727891
67.00857142857143
65.87659863945578
64.6804761904762
63.53965986394558
62.70809523809523
61.80068027210884
60.98224489795918
59.94795918367347
59.172653061224494
58.649523809523814
58.44734693877552
58.167619047619056
57.76945578231293
57.285306122448986
56.533537414965984
55.761972789115646
54.72517006802721
53.707687074829934
52.502789115646266
51.174081632653056
49.54387755102041
47.91598639455779
46.50731292517005
