113.33880952380954
113.73999999999997
113.89714285714287
113.87802721088434
113.97659863945579
113.6547619047619
113.43659863945578
113.11551020408163
113.14081632653061
113.19972789115647
113.37931972789116
113.16673469387754
112.8456462585034
112.55149659863945
112.46612244897959
112.45380952380954
112.51448979591837
112.48278911564627
112.44972789115647
112.31068027210884
112.22945578231293
112.01156462585033
111.73428571428573
111.51517006802722
111.62020408163266
111.8569387755102
111.99285714285715
112.0538775510204
111.94639455782313
111.67972789115646
111.48503401360544
111.35265306122449
111.30380952380952
111.18251700680273
111.04435374149661
110.88707482993198
110.73176870748298
110.5182993197279
110.33476190476192
110.30836734693878
110.38319727891157
110.5657142857143
110.76959183673469
110.8925850340136
110.8260544217687
110.6378231292517
110.38496598639456
110.42666666666666
110.48142857142858
110.45727891156463
110.27000000000001
110.28904761904762
110.30931972789115
110.25727891156463
110.19108843537416
110.17802721088437
110.27680272108844
110.39401360544218
110.50231292517007
110.42136054421769
110.45115646258503
110.60272108843537
110.61346938775512
110.54034013605443
110.50952380952381
110.47816326530614
110.41496598639458
110.56414965986394
110.74904761904762
110.59013605442178
110.2456462585034
109.97809523809524
110.00850340136054
110.18414965986395
110.50823129251701
110.9121768707483
111.16006802721087
111.1387074829932
111.06687074829932
110.9169387755102
110.77047619047622
110.54802721088436
110.30285714285714
109.95965986394559
109.87891156462585
109.78598639455784
109.78251700680272
109.82333333333332
110.0660544217687
110.18210884353742
110.30646258503401
110.25931972789117
110.15197278911565
110.18387755102042
110.28299319727891
110.19605442176871
109.97319727891156
109.82197278911565
109.82789115646258
109.83544217687076
109.74272108843537
109.71598639455783
109.66517006802721
109.72442176870749
109.72591836734694
110.00884353741496
110.22020408163266
110.54557823129252
110.76530612244899
111.00571428571428
111.13312925170068
111.33904761904762
111.47816326530614
111.4886394557823
111.36986394557823
111.28632653061226
111.30761904761906
111.32489795918369
111.50714285714287
111.76367346938775
112.14272108843538
112.54442176870748
112.88408163265308
112.97843537414965
113.05551020408164
113.25129251700682
113.36523809523811
113.36829931972788
113.35755102040817
113.42707482993198
113.58081632653061
113.77346938775511
113.86340136054422
113.95414965986396
114.14537414965987
114.26231292517008
114.34734693877552
114.58047619047619
114.83224489795919
115.08190476190475
115.30020408163264
115.63034013605443
115.65884353741498
115.53809523809525
115.46013605442175
115.63510204081634
115.94795918367348
116.18176870748299
116.6017006802721
117.0621768707483
117.5395918367347
117.88517006802722
118.21904761904761
118.34591836734694
118.39068027210885
118.5378231292517
118.748231292517
118.92993197278912
119.04455782312925
119.1508843537415
119.25836734693878
119.38115646258504
119.5070068027211
119.75353741496599
120.18904761904761
120.59639455782313
121.02714285714285
121.48333333333332
121.9417006802721
122.25598639455784
122.58557823129252
122.99061224489796
123.4244217687075
123.75462585034015
123.91632653061225
124.16054421768708
124.45789115646258
124.82863945578231
125.30489795918368
126.04244897959182
126.77727891156464
127.54476190476193
128.27843537414967
128.98244897959182
129.52891156462584
130.27510204081634
131.20034013605442
132.1078231292517
133.00734693877553
134.1886394557823
135.47299319727892
136.71523809523808
137.9244897959184
139.17578231292515
140.37380952380954
141.6363945578231
142.99673469387756
144.51190476190476
146.0039455782313
147.48734693877554
148.9474149659864
150.56034013605444
152.02598639455783
153.47068027210884
154.80544217687074
156.18163265306123
157.45523809523812
158.7636054421769
159.79843537414968
160.87326530612245
161.89870748299322
162.90374149659866
163.65319727891156
164.5134693877551
165.3519047619048
166.0249659863946
166.64979591836737
167.31857142857143
168.10367346938776
168.75904761904764
169.53428571428572
170.1708843537415
170.72972789115647
171.0461224489796
171.4621768707483
171.97721088435372
172.47285714285715
172.86197278911567
173.11040816326533
173.34755102040816
173.46421768707484
173.59469387755104
173.71319727891157
173.86761904761903
173.92993197278912
174.07761904761907
174.18027210884355
174.21795918367349
174.08231292517007
174.0314285714286
173.9370068027211
173.9095918367347
173.84727891156462
173.7436054421769
173.53292517006804
173.31986394557822
173.24408163265306
173.068231292517
172.83761904761906
172.6225850340136
172.50319727891156
172.24435374149658
171.96176870748297
171.65870748299318
171.39659863945576
171.11877551020407
170.9265306122449
170.6265306122449
170.32244897959185
170.0421768707483
169.79170068027213
169.52748299319728
169.23680272108845
169.01625850340136
168.68136054421768
168.37482993197278
168.07292517006803
167.70108843537415
167.2112925170068
166.85857142857145
166.6765986394558
166.31360544217688
165.84462585034015
165.46700680272113
165.0425850340136
164.4604761904762
163.9075510204082
163.47510204081635
163.0192517006803
162.61809523809524
162.28224489795917
162.0270068027211
161.7668707482993
161.5130612244898
161.24292517006802
161.13476190476192
161.21714285714287
161.25074829931972
161.1334693877551
161.0623129251701
161.2460544217687
161.4414285714286
161.54231292517008
161.7236734693878
162.02108843537417
162.34687074829932
162.5648299319728
162.8956462585034
163.30768707482994
163.75557823129253
164.0369387755102
164.40401360544217
164.84156462585037
165.36870748299322
165.80020408163267
166.17353741496598
166.5634693877551
167.14775510204083
167.6947619047619
168.28333333333336
168.8642857142857
169.47197278911568
169.98870748299322
170.59367346938777
171.2530612244898
171.92625850340139
172.50897959183675
172.9865306122449
173.58258503401362
174.21551020408162
174.8218367346939
175.24891156462587
175.8321768707483
176.39850340136056
176.91006802721088
177.2126530612245
177.6147619047619
177.961768707483
178.3242857142857
178.6969387755102
179.10170068027213
179.41673469387757
179.77727891156462
180.1504761904762
180.53591836734694
180.80782312925172
180.99319727891157
181.15421768707483
181.418843537415
181.7009523809524
181.94965986394558
182.163537414966
182.40591836734694
182.65272108843538
182.82721088435375
182.96938775510205
183.19714285714286
183.4078231292517
183.54544217687072
183.69319727891158
183.78863945578235
183.91884353741494
183.95632653061227
184.0734693877551
184.07945578231292
184.21653061224492
184.30911564625848
184.37244897959187
184.44455782312926
184.58244897959185
184.7529931972789
184.7599319727891
184.772925170068
184.70646258503402
184.65863945578232
184.61421768707484
184.59074829931973
184.68013605442178
184.78931972789115
184.8987074829932
184.87517006802724
184.8849659863946
184.88482993197277
184.90176870748297
184.91489795918366
184.87918367346938
184.82870748299322
184.84061224489798
185.0009523809524
185.0797278911565
185.03272108843538
184.98564625850338
185.0600680272109
185.07727891156463
184.97278911564626
184.95768707482992
184.96142857142857
184.9965306122449
184.94421768707483
185.0156462585034
185.03564625850342
185.04081632653063
184.92401360544218
184.82931972789117
184.76829931972787
184.74326530612245
184.62013605442178
184.44258503401363
184.36346938775512
184.42156462585035
184.44904761904763
184.3570068027211
184.18843537414966
184.08469387755105
184.0295918367347
183.91197278911568
183.71183673469386
183.56462585034012
183.5087755102041
183.43217687074832
183.33537414965986
183.26469387755103
183.21802721088437
183.14523809523808
183.05816326530612
182.93727891156465
182.8308843537415
182.6578231292517
182.53040816326532
182.37843537414966
182.30102040816325
182.2002721088436
182.1270068027211
181.9225850340136
181.68428571428572
181.48462585034014
181.42442176870748
181.36891156462585
181.2151020408163
181.05836734693878
180.9274829931973
180.75612244897962
180.54346938775512
180.39877551020408
180.3108843537415
180.1921768707483
180.00850340136054
179.80006802721087
179.65068027210884
179.42768707482995
179.2295238095238
179.02442176870747
178.82891156462583
178.53843537414966
178.30265306122448
178.0273469387755
177.85108843537415
177.69727891156464
177.5970068027211
177.3748299319728
177.13619047619048
176.83517006802722
176.61074829931974
176.2957142857143
175.973537414966
175.65727891156465
175.56319727891156
175.51870748299322
175.38244897959183
175.01768707482995
174.57278911564623
174.23224489795916
173.958231292517
173.70027210884354
173.34625850340137
173.0099319727891
172.68931972789116
172.35108843537415
172.01115646258503
171.62068027210884
171.22761904761904
170.86639455782313
170.57421768707482
170.2608163265306
169.96925170068027
169.6473469387755
169.34421768707483
168.95897959183674
168.61204081632653
168.22755102040816
167.93741496598642
167.68197278911566
167.40938775510205
167.08897959183673
166.71986394557823
166.33755102040817
165.9708163265306
165.7178231292517
165.4770068027211
165.06619047619049
164.62707482993198
164.31054421768707
164.0931972789116
163.82721088435375
163.4444217687075
162.96006802721087
162.52979591836734
162.19918367346938
161.88884353741497
161.4991836734694
161.20850340136053
160.88238095238097
160.53428571428572
160.19238095238097
159.90585034013606
159.5268707482993
159.08319727891154
158.7587074829932
158.36768707482992
157.9422448979592
157.56625850340134
157.39197278911564
157.15115646258502
156.71904761904761
156.2647619047619
155.87204081632652
155.50959183673467
155.07319727891155
154.6238775510204
154.2474149659864
153.92557823129252
153.57156462585033
153.0547619047619
152.65027210884352
152.26585034013607
151.93768707482994
151.54020408163265
151.18095238095236
150.71870748299318
150.22721088435375
149.7124489795918
149.1634013605442
148.6687074829932
148.21775510204083
147.76666666666665
147.33102040816328
146.86693877551022
146.3553741496599
145.75809523809525
145.21156462585034
144.78149659863948
144.34938775510204
143.78938775510204
143.11925170068028
142.5374149659864
141.94795918367345
141.32210884353742
140.6142857142857
140.0474149659864
139.40979591836734
138.61870748299322
137.83931972789117
137.32857142857145
136.74761904761905
135.8808163265306
135.01945578231292
134.32843537414965
133.61775510204083
132.8638775510204
132.17721088435374
131.5116326530612
130.75238095238097
130.00612244897962
129.25272108843535
128.55244897959182
127.78326530612244
127.141768707483
126.55299319727891
126.0134693877551
125.42156462585035
124.82068027210885
124.28972789115647
123.80857142857143
123.40190476190476
123.0321768707483
122.73714285714286
122.44136054421769
122.121768707483
121.96673469387756
121.88006802721088
121.72374149659865
121.38836734693876
121.1330612244898
120.88421768707484
120.71986394557824
120.49952380952381
120.31353741496598
120.17190476190476
120.04421768707483
119.72510204081632
119.40020408163265
119.16414965986397
119.1326530612245
119.04836734693878
118.78891156462585
118.35952380952382
118.06843537414966
117.88340136054421
117.5778911564626
117.26
116.91448979591837
116.54639455782313
116.15292517006804
115.75183673469388
115.30217687074831
114.85952380952381
114.44204081632654
114.0278231292517
113.7239455782313
113.37802721088435
112.94217687074831
112.49068027210885
112.12918367346938
111.79367346938776
111.37721088435373
110.88238095238094
110.31809523809525
109.78972789115646
109.36673469387756
109.0778231292517
108.70238095238096
108.27904761904762
107.85632653061225
107.5708843537415
107.17
106.73863945578233
106.27585034013605
105.91074829931972
105.43680272108844
104.97931972789115
104.47414965986395
104.0674149659864
103.70517006802721
103.47999999999999
103.06809523809524
102.54122448979592
102.0591156462585
101.61462585034015
101.31605442176871
100.86673469387756
100.45755102040816
99.95972789115646
99.6134693877551
99.17986394557823
98.73965986394558
98.31129251700679
97.69129251700681
97.24421768707482
96.75748299319727
96.30462585034013
95.78809523809525
95.3930612244898
94.93306122448979
94.4934013605442
94.09442176870749
93.75850340136056
93.43775510204082
93.16680272108844
92.77034013605441
92.30095238095237
91.89068027210885
91.55591836734695
91.10591836734693
90.59387755102043
90.2791156462585
90.03666666666666
89.69278911564625
89.41714285714286
89.14142857142858
88.66809523809523
88.20768707482992
87.86013605442177
87.4795918367347
87.03721088435375
86.62163265306123
86.17285714285714
85.69782312925169
85.29102040816326
84.92598639455781
84.52714285714285
84.16680272108843
83.82027210884354
83.48258503401361
83.15421768707483
82.75380952380952
82.41421768707482
81.96421768707484
81.70380952380953
81.42108843537414
81.06027210884355
80.658231292517
80.4212925170068
80.06952380952382
79.67428571428572
79.28809523809522
78.93367346938776
78.5678911564626
78.52462585034014
78.26272108843538
77.83687074829933
77.39244897959183
77.09591836734694
76.66251700680272
76.38897959183674
76.11414965986395
75.82367346938776
75.41646258503401
75.1443537414966
74.7525850340136
74.37142857142858
74.036462585034
73.86591836734695
73.84469387755102
73.74816326530612
73.50904761904762
73.11952380952381
72.8530612244898
72.62761904761905
72.43986394557822
72.23666666666666
72.0099319727891
71.75265306122449
71.35687074829931
70.90904761904761
70.60632653061225
70.39857142857142
70.13571428571429
69.87489795918367
69.62489795918367
69.3408843537415
69.14122448979592
69.02190476190476
68.89938775510205
68.67891156462585
68.39619047619047
68.13619047619048
67.96251700680273
67.78278911564625
67.50183673469388
67.2561224489796
66.96979591836734
66.73795918367347
66.55462585034013
66.46326530612247
66.373537414966
66.23326530612246
66.01476190476191
65.76775510204082
65.57802721088436
65.41496598639455
65.20612244897958
64.97190476190477
64.66448979591836
64.3891836734694
64.18142857142857
64.17619047619047
64.1013605442177
63.90292517006803
63.75693877551021
63.74938775510204
63.712176870748294
63.539523809523814
63.410816326530615
63.358503401360544
63.33931972789116
63.10054421768709
62.84891156462586
62.60700680272109
62.401700680272114
62.096598639455785
61.87489795918368
61.706530612244904
61.657210884353745
61.668843537414965
61.62374149659864
61.52285714285714
61.34979591836735
61.20333333333333
61.047414965986405
60.95170068027211
60.94122448979592
60.96074829931973
60.89442176870748
60.763741496598634
60.72081632653061
60.64367346938775
60.45013605442177
60.221428571428575
60.190816326530616
60.1687074829932
59.99659863945578
59.68802721088435
59.60510204081633
59.49414965986394
59.39714285714285
59.404489795918366
59.54598639455783
59.635918367346946
59.60877551020408
59.59170068027211
59.480476190476196
59.512517006802724
59.430952380952384
59.33027210884354
59.16734693877551
59.114285714285714
58.95006802721088
58.787006802721095
58.80761904761905
58.78945578231293
58.81965986394559
58.773061224489794
58.90272108843538
58.86884353741496
58.89408163265307
58.85312925170068
58.78095238095238
58.59448979591836
58.48510204081633
58.463741496598644
58.44952380952381
58.40925170068028
58.49503401360545
58.61489795918368
58.69428571428571
58.70074829931973
58.658435374149654
58.61408163265306
58.575714285714284
58.571836734693875
58.58707482993197
58.778843537414964
58.82768707482993
58.831496598639454
58.815986394557825
58.92387755102041
58.94489795918367
59.084761904761905
59.19292517006803
59.26768707482994
59.35829931972789
59.515510204081636
59.56190476190476
59.60319727891156
59.68278911564626
59.885918367346946
60.03034013605443
60.22748299319728
60.414897959183676
60.53721088435374
60.5721768707483
60.697006802721084
60.98319727891157
61.180952380952384
61.30047619047619
61.33496598639456
61.552176870748305
61.768843537414966
62.03639455782313
62.09721088435374
62.26326530612245
62.40054421768707
62.716190476190484
62.88034013605443
63.003197278911564
62.991632653061224
63.16258503401361
63.45891156462585
63.73231292517007
63.81408163265306
63.89312925170068
63.938367346938776
63.92136054421769
64.11659863945579
64.39292517006804
64.68013605442177
64.84659863945579
65.16979591836736
65.38061224489797
65.56904761904762
65.69551020408161
65.77965986394558
65.85414965986395
65.90945578231293
65.96489795918367
66.0370068027211
66.27503401360543
66.44380952380952
66.50591836734694
66.52972789115645
66.69911564625852
66.7534693877551
66.78965986394559
66.6622448979592
66.69374149659865
66.87537414965988
67.13
67.10197278911565
67.00027210884355
67.00448979591835
67.20850340136053
67.3177551020408
67.3687074829932
67.35510204081632
67.40755102040816
67.38897959183674
67.29272108843537
67.31625850340137
67.39761904761906
67.47673469387755
67.34632653061226
67.2591156462585
67.20578231292518
67.24761904761905
67.37326530612245
67.51448979591837
67.41700680272109
67.2804081632653
67.24523809523811
67.31741496598639
67.16775510204083
67.01346938775512
66.9047619047619
66.86170068027212
66.78755102040816
66.7365306122449
66.65020408163267
66.5678231292517
66.55299319727891
66.48836734693877
66.36401360544218
66.22081632653061
66.1261224489796
66.02292517006804
65.95401360544219
65.8148299319728
65.66142857142857
65.61850340136054
65.4274149659864
65.2039455782313
64.93809523809524
64.84115646258505
64.68829931972789
64.6974149659864
64.62394557823129
64.52210884353744
64.40231292517008
64.30863945578233
64.14013605442177
63.94340136054422
63.783401360544225
63.58972789115647
63.54680272108844
63.61054421768708
63.687891156462584
63.50605442176871
63.35013605442177
63.284285714285716
63.19414965986395
63.01040816326531
63.017959183673476
63.01850340136055
62.76095238095238
62.36489795918368
62.22571428571429
62.24918367346939
62.31442176870748
62.30265306122449
62.16503401360544
61.92258503401361
61.7665306122449
61.760136054421764
61.609319727891155
61.35523809523809
61.34238095238095
61.41122448979592
61.31292517006803
61.092176870748304
60.93959183673469
60.76190476190477
60.618095238095236
60.56748299319728
60.461564625850336
60.25931972789115
60.01380952380952
59.98061224489797
59.91965986394558
59.72673469387756
59.442517006802724
59.412993197278915
59.33551020408164
59.34489795918367
59.259659863945586
59.07707482993197
58.79496598639456
58.61469387755102
58.59299319727891
58.513333333333335
58.395918367346944
58.10829931972789
57.87238095238096
57.75632653061225
57.725510204081644
57.61693877551021
57.418503401360546
57.25714285714286
57.156666666666666
57.05646258503401
56.95006802721088
56.7956462585034
56.81448979591837
56.86979591836735
56.82353741496598
56.77319727891157
56.716394557823136
56.70319727891157
56.64993197278912
56.731904761904765
56.624761904761904
56.57115646258504
56.628571428571426
56.61931972789115
56.5265306122449
56.5204081632653
56.7430612244898
56.74850340136055
56.65863945578231
56.59353741496599
56.58714285714286
56.59639455782313
56.644353741496595
56.60857142857144
56.559863945578236
56.59333333333334
56.89761904761905
57.06598639455783
57.10074829931973
56.981904761904765
57.04551020408164
57.12823129251701
57.29360544217687
57.39197278911565
57.43904761904762
57.39857142857143
57.434761904761906
57.5678231292517
57.655918367346935
57.7543537414966
57.861156462585036
58.01802721088435
58.07931972789115
58.228707482993194
58.47455782312925
58.61680272108843
58.754285714285714
58.88789115646259
59.12510204081632
59.193673469387754
59.38265306122449
59.4621768707483
59.73557823129252
59.879931972789116
60.13551020408164
60.25136054421769
60.43238095238095
60.640680272108845
60.98462585034014
61.26979591836734
61.50904761904762
61.617551020408165
61.90897959183673
62.11551020408163
62.39027210884354
62.630476190476195
63.023537414965986
63.29795918367348
63.54653061224491
63.7974149659864
64.10775510204083
64.53761904761905
64.96931972789116
65.24278911564625
65.3408843537415
65.49251700680271
65.80238095238096
66.13448979591836
66.43074829931972
66.79503401360545
67.11721088435375
67.33870748299321
67.49503401360545
67.81482993197278
68.00734693877553
68.27299319727891
68.68829931972789
69.06795918367348
69.28040816326532
69.48843537414967
69.86768707482995
70.14931972789115
70.45183673469387
70.71823129251702
71.04115646258504
71.42591836734694
71.96374149659863
72.37979591836735
72.63687074829933
72.906462585034
73.31795918367348
73.77088435374151
74.04278911564626
74.29292517006803
74.65979591836735
75.06353741496599
75.27782312925171
75.42578231292518
75.64823129251701
75.93102040816326
76.14755102040817
76.37714285714284
76.56
76.62843537414966
76.72244897959183
77.01687074829931
77.47877551020409
77.85299319727892
78.02632653061224
78.26931972789116
78.46374149659863
78.80551020408163
78.97605442176871
79.13673469387756
79.30809523809523
79.6608843537415
79.86265306122449
80.0291156462585
80.32700680272109
80.72387755102041
80.88176870748299
81.02
81.11360544217686
81.45115646258503
81.83625850340137
82.15904761904761
82.3104081632653
82.57183673469387
82.84503401360544
83.12748299319728
83.44972789115647
83.63503401360545
83.91789115646259
84.2291156462585
84.6634693877551
84.80122448979591
85.09598639455783
85.60183673469388
86.20551020408163
86.5478231292517
86.79823129251699
87.21224489795918
87.66972789115647
88.1543537414966
88.65870748299321
89.20122448979592
89.77598639455783
90.39578231292518
91.03047619047621
91.67462585034014
92.46115646258502
93.34931972789116
94.33353741496599
95.36326530612246
96.52918367346939
97.82523809523809
99.15006802721089
100.58333333333334
102.10326530612245
103.63625850340136
105.14591836734694
106.67639455782313
108.30918367346939
109.82122448979592
111.32129251700681
112.40857142857143
113.18687074829931
113.56108843537416
113.87272108843538
113.9556462585034
113.91312925170068
113.91319727891157
114.03619047619048
114.19469387755103
114.26278911564627
114.331768707483
114.34326530612245
114.2852380952381
114.4712925170068
114.65836734693877
114.8387074829932
114.84938775510204
115.00231292517007
114.99061224489795
114.93115646258502
114.8787074829932
114.82360544217687
114.7873469387755
114.76673469387757
114.73231292517008
114.65061224489796
114.56142857142858
114.46129251700681
114.4621768707483
114.60367346938776
114.71122448979591
114.70258503401361
114.71204081632654
114.90530612244899
115.02789115646259
114.9996598639456
114.87142857142857
114.63931972789116
114.01272108843537
113.02013605442176
111.92122448979592
110.90272108843537
110.11680272108845
109.39299319727891
108.65938775510205
107.96755102040818
107.12088435374149
105.7730612244898
104.21925170068026
102.46911564625852
100.59
98.60204081632654
96.65292517006803
94.89333333333333
93.13244897959184
91.49333333333334
89.67414965986396
88.17591836734694
86.60625850340136
85.17734693877551
83.76659863945578
82.33802721088435
80.92326530612246
79.58414965986395
78.34183673469389
76.93272108843537
75.45319727891156
74.08986394557823
72.86108843537416
71.71027210884353
70.49428571428571
69.33156462585035
68.30462585034014
67.40204081632653
66.54231292517007
65.43156462585034
64.30850340136054
63.21068027210884
62.309387755102044
61.438571428571436
60.680340136054426
59.81802721088437
58.99326530612245
58.41360544217687
58.125850340136054
57.830000000000005
57.45666666666666
56.89394557823129
56.26986394557824
55.48122448979592
54.66482993197279
53.52734693877551
52.20204081632653
50.78306122448979
49.4330612244898
48.00414965986393
46.50789115646256
