111.36217687074836
111.32748299319728
111.16829931972788
111.13625850340138
111.04537414965986
110.8265986394558
110.56659863945578
110.42639455782313
110.36544217687076
110.43170068027212
110.60850340136054
110.52809523809523
110.32904761904763
110.0561224489796
109.77374149659863
109.4938775510204
109.3851700680272
109.38095238095237
109.373537414966
109.27469387755102
109.13945578231294
108.90802721088437
108.56843537414966
108.44095238095238
108.53714285714285
108.82564625850341
108.81734693877551
108.89557823129252
108.81795918367345
108.74925170068028
108.51312925170068
108.44156462585036
108.34217687074829
108.13707482993198
107.92238095238095
107.78510204081633
107.73006802721089
107.47278911564626
107.32394557823129
107.3195918367347
107.55734693877551
107.76585034013605
107.82503401360545
107.81965986394557
107.8126530612245
107.8474149659864
107.70319727891156
107.68
107.65394557823129
107.6295918367347
107.34993197278912
107.2291836734694
107.13673469387756
107.26183673469387
107.23625850340136
107.38081632653062
107.36687074829933
107.50319727891157
107.50734693877553
107.58061224489796
107.41612244897959
107.48496598639457
107.50204081632653
107.54761904761905
107.48448979591836
107.54367346938776
107.51829931972789
107.55360544217689
107.61578231292518
107.55761904761906
107.50707482993198
107.26408163265306
107.13564625850341
107.30095238095238
107.83489795918368
108.09353741496598
108.06115646258505
108.00489795918367
107.92904761904762
107.78442176870749
107.59897959183674
107.41265306122449
107.17387755102041
106.9799319727891
106.95911564625851
107.00040816326532
107.10360544217687
107.2056462585034
107.17020408163266
107.10306122448979
107.17108843537416
107.30360544217687
107.2278231292517
107.10714285714286
106.97897959183675
106.87530612244899
106.7834693877551
106.78850340136054
106.6556462585034
106.58122448979593
106.57551020408162
106.651768707483
106.6051700680272
106.51687074829933
106.67353741496598
106.88503401360546
107.13931972789116
107.23619047619049
107.65326530612245
107.92278911564625
108.15734693877552
108.21721088435375
108.41108843537415
108.51503401360546
108.40802721088436
108.19047619047619
108.09687074829934
108.2795918367347
108.5104761904762
108.87761904761905
109.23040816326531
109.47482993197279
109.53870748299319
109.63319727891157
109.79884353741497
110.0274149659864
110.18564625850341
110.18115646258504
110.31285714285715
110.50761904761904
110.63884353741497
110.65435374149659
110.75646258503401
110.89904761904762
111.04938775510205
111.28476190476191
111.57435374149661
111.84142857142858
112.09510204081633
112.24700680272109
112.39850340136056
112.49074829931973
112.6390476190476
112.5704081632653
112.50142857142858
112.51040816326531
112.73224489795919
113.00081632653061
113.4526530612245
113.9512925170068
114.38653061224491
114.7747619047619
114.86285714285714
114.84115646258503
114.97040816326532
115.17748299319729
115.23455782312925
115.23693877551021
115.41081632653061
115.51931972789116
115.6721768707483
115.8269387755102
116.04312925170069
116.36034013605443
116.72251700680273
117.12374149659864
117.55761904761906
118.0748299319728
118.52816326530612
118.87523809523809
119.15829931972789
119.5426530612245
119.97598639455782
120.42897959183674
120.60278911564627
120.79455782312925
121.01496598639457
121.46904761904761
121.94979591836736
122.62034013605442
123.31204081632653
124.07714285714286
124.74482993197279
125.46707482993197
126.14993197278912
127.03020408163266
127.89231292517007
128.8409523809524
129.87081632653062
131.19238095238094
132.61761904761903
133.97775510204082
135.26755102040818
136.6212925170068
138.01489795918368
139.48414965986396
140.97285714285715
142.53183673469388
144.11204081632656
145.7604761904762
147.3027210884354
148.928843537415
150.68551020408165
152.37734693877553
153.84795918367348
155.30544217687077
156.84625850340137
158.39891156462585
159.72755102040819
160.9031972789116
161.96571428571428
163.02802721088437
164.03428571428572
165.12619047619052
166.043537414966
166.89448979591836
167.59578231292517
168.39489795918365
169.09925170068027
170.00863945578232
170.74551020408165
171.4600680272109
172.09571428571428
172.71156462585031
173.055306122449
173.37081632653062
173.78986394557822
174.28360544217688
174.65639455782315
174.94034013605443
175.14265306122448
175.28054421768707
175.4125850340136
175.57244897959185
175.7461224489796
175.8944217687075
176.0044217687075
176.04380952380956
176.02244897959184
176.0192517006803
175.9705442176871
175.87156462585037
175.77013605442176
175.71374149659866
175.4691836734694
175.1503401360544
174.91095238095238
174.88911564625852
174.8095918367347
174.61904761904762
174.31489795918367
174.01591836734693
173.7427210884354
173.34421768707483
173.03408163265308
172.75761904761907
172.56986394557828
172.31
172.00435374149663
171.67455782312925
171.3856462585034
171.1261224489796
170.70680272108842
170.37564625850342
170.0708163265306
169.79979591836735
169.39530612244897
168.9807482993197
168.59020408163263
168.16680272108846
167.73020408163268
167.29530612244898
166.86272108843536
166.28544217687073
165.62020408163266
165.06496598639455
164.53367346938776
164.1361224489796
163.75000000000003
163.2982993197279
162.76265306122448
162.29068027210886
161.93972789115648
161.54102040816326
161.27156462585035
161.0782993197279
161.0547619047619
161.08326530612246
161.0804761904762
161.0170068027211
161.05469387755105
161.13857142857145
161.28768707482993
161.47809523809522
161.81224489795918
162.04632653061225
162.31333333333336
162.63258503401363
163.06108843537416
163.47278911564626
163.8644897959184
164.29850340136056
164.74755102040817
165.26224489795916
165.73877551020408
166.19285714285718
166.6892517006803
167.3274149659864
167.9883673469388
168.64795918367346
169.24435374149658
169.76448979591837
170.27285714285713
170.89448979591833
171.6295918367347
172.38884353741497
173.06850340136054
173.58993197278915
174.13755102040818
174.76612244897962
175.43612244897957
175.91979591836733
176.45782312925172
177.02836734693878
177.56292517006804
177.9742857142857
178.38857142857145
178.78931972789115
179.1656462585034
179.59306122448982
180.01897959183674
180.40244897959184
180.76095238095238
181.10673469387757
181.436462585034
181.75129251700682
182.02544217687074
182.2638775510204
182.48789115646258
182.81659863945578
183.11816326530612
183.40503401360542
183.60217687074828
183.8321088435374
183.98054421768708
184.11646258503401
184.27707482993196
184.4944217687075
184.71231292517007
184.89537414965986
185.05591836734695
185.13761904761907
185.2131292517007
185.30034013605444
185.3951020408163
185.493537414966
185.56333333333333
185.60204081632654
185.68986394557822
185.87734693877553
186.00585034013608
185.99802721088435
186.03183673469388
186.05537414965985
185.98360544217687
185.84897959183675
185.8776870748299
185.9825850340136
186.0779591836735
186.06904761904764
186.05891156462587
186.11380952380955
186.1473469387755
186.08904761904762
186.08700680272108
186.1036054421769
186.10768707482993
186.09537414965988
186.18904761904764
186.23537414965983
186.27925170068028
186.22061224489795
186.24020408163267
186.29285714285714
186.312925170068
186.2216326530612
186.22795918367348
186.17727891156463
186.17979591836735
186.19272108843538
186.23857142857142
186.13272108843535
186.12578231292514
186.03272108843538
185.88544217687075
185.7587755102041
185.7770068027211
185.73013605442176
185.64176870748298
185.64850340136056
185.6363945578231
185.50714285714284
185.3882993197279
185.2930612244898
185.22482993197278
185.08877551020407
185.03074829931973
184.9434693877551
184.87115646258508
184.7395918367347
184.6521768707483
184.58945578231294
184.46578231292517
184.34238095238095
184.22775510204082
184.13904761904763
183.97646258503403
183.81945578231293
183.71823129251698
183.63251700680274
183.49
183.28238095238095
183.2387755102041
183.2168027210884
183.14374149659864
182.88380952380953
182.61965986394557
182.46605442176872
182.41523809523812
182.3145578231293
182.11258503401362
181.91000000000003
181.7569387755102
181.61523809523808
181.4853741496599
181.32897959183674
181.15340136054422
180.95945578231294
180.7890476190476
180.57741496598638
180.32999999999998
180.1729931972789
180.04319727891158
179.80312925170068
179.51891156462585
179.31761904761902
179.14972789115646
178.91319727891155
178.6865306122449
178.48034013605442
178.31251700680272
178.09761904761905
177.88938775510206
177.59455782312926
177.322925170068
176.9999319727891
176.80462585034013
176.58496598639454
176.40551020408162
176.09632653061226
175.77863945578233
175.4074149659864
175.1374829931973
174.83972789115646
174.56585034013605
174.20149659863947
173.87721088435373
173.51850340136053
173.14904761904762
172.74102040816325
172.36408163265304
172.01231292517008
171.72238095238095
171.47149659863945
171.146462585034
170.71360544217686
170.35319727891158
170.07768707482995
169.7460544217687
169.40591836734694
169.12122448979594
168.82183673469387
168.34904761904764
167.96748299319728
167.64653061224493
167.29931972789117
167.0500680272109
166.72448979591837
166.3961904761905
165.97571428571428
165.6671428571429
165.2397278911565
164.95251700680274
164.73945578231294
164.406462585034
164.04102040816326
163.62346938775508
163.14680272108842
162.70360544217687
162.37571428571428
162.0369387755102
161.7365306122449
161.45020408163265
161.14326530612246
160.75312925170067
160.42619047619047
160.0878231292517
159.7439455782313
159.38612244897962
158.98333333333332
158.56421768707483
158.24761904761905
157.86714285714288
157.53605442176874
157.1568707482993
156.7873469387755
156.27578231292517
155.84428571428572
155.47945578231293
155.08761904761906
154.78972789115647
154.39530612244897
153.9890476190476
153.51115646258503
153.08346938775512
152.6386394557823
152.29544217687072
151.9065306122449
151.4456462585034
150.988843537415
150.51068027210883
149.9389795918367
149.41639455782314
148.94850340136054
148.47170068027214
147.86544217687074
147.34544217687076
146.79068027210883
146.29299319727892
145.77476190476193
145.37755102040816
144.72238095238097
144.09591836734694
143.53870748299317
143.004693877551
142.26761904761904
141.60544217687078
141.04108843537415
140.42183673469387
139.63122448979593
138.8082993197279
138.0802040816327
137.46061224489796
136.75972789115647
135.95503401360543
135.13374149659865
134.4516326530612
133.69761904761907
133.01244897959185
132.211768707483
131.51727891156463
130.72
130.0065306122449
129.21380952380954
128.42278911564625
127.68904761904761
126.98700680272108
126.44653061224491
125.80687074829932
125.16204081632654
124.52190476190476
124.01727891156463
123.47863945578233
122.9712925170068
122.55918367346939
122.25197278911565
121.92292517006803
121.57442176870748
121.37768707482994
121.20074829931973
120.94802721088436
120.76428571428572
120.53836734693877
120.26802721088436
120.05850340136055
120.02013605442176
119.80693877551022
119.54768707482992
119.35387755102042
119.19666666666666
118.97857142857143
118.7395238095238
118.48659863945579
118.28340136054422
117.97469387755102
117.67224489795919
117.32714285714287
116.93408163265306
116.5804081632653
116.31047619047621
116.02551020408164
115.50333333333334
114.98224489795919
114.49129251700681
114.17231292517008
113.70183673469388
113.24136054421768
112.76142857142858
112.48380952380951
111.98911564625851
111.54489795918367
111.02659863945578
110.63918367346939
110.25891156462586
109.9812925170068
109.58659863945579
109.053537414966
108.53421768707483
108.16557823129251
107.78006802721089
107.33034013605442
106.79095238095238
106.34142857142857
105.91877551020409
105.47619047619048
104.90190476190477
104.45292517006804
104.0925850340136
103.71401360544218
103.23061224489797
102.79843537414965
102.22659863945577
101.78544217687075
101.31564625850339
100.77251700680272
100.18455782312924
99.87605442176871
99.44863945578231
99.10353741496598
98.75408163265305
98.34238095238095
97.8126530612245
97.52374149659863
97.1325850340136
96.6147619047619
96.05714285714285
95.59836734693877
95.1074829931973
94.64693877551021
94.09414965986394
93.5847619047619
93.16965986394557
92.79353741496598
92.45863945578232
92.02877551020407
91.63714285714286
91.2147619047619
90.90054421768707
90.43585034013606
89.95673469387756
89.51537414965986
89.11414965986395
88.6826530612245
88.28938775510204
88.00496598639455
87.70312925170069
87.2287074829932
86.7887074829932
86.43462585034015
86.10319727891157
85.67734693877551
85.28721088435375
84.95176870748301
84.55204081632655
84.02979591836736
83.54884353741497
83.06591836734694
82.65700680272109
82.26408163265307
81.8791156462585
81.48482993197278
81.14727891156463
80.85142857142857
80.42931972789115
79.97972789115647
79.5425850340136
79.20285714285714
78.9056462585034
78.5512925170068
78.27170068027212
78.02741496598641
77.69761904761904
77.28578231292516
76.90591836734694
76.60013605442177
76.16666666666666
75.84
75.4848299319728
75.24714285714288
74.87952380952382
74.52795918367347
74.29408163265306
74.09482993197278
73.8082993197279
73.45537414965987
73.11408163265307
72.65170068027211
72.30925170068028
71.99598639455782
71.74816326530612
71.53149659863946
71.37551020408164
71.20054421768708
70.97006802721089
70.72503401360545
70.41340136054421
70.27945578231292
70.02727891156462
69.72931972789115
69.4686394557823
69.31795918367348
69.1039455782313
68.81972789115646
68.39292517006803
68.1151700680272
67.91108843537415
67.791768707483
67.4996598639456
67.23666666666668
66.98034013605442
66.86142857142858
66.65551020408164
66.34843537414966
66.1221768707483
65.91074829931974
65.6434693877551
65.35517006802723
65.14102040816327
64.97210884353741
64.76224489795919
64.50863945578232
64.21469387755103
63.9982993197279
63.84047619047619
63.7021768707483
63.62972789115646
63.5178231292517
63.47102040816327
63.39197278911565
63.26183673469388
63.10605442176872
62.737755102040815
62.343605442176866
61.979455782312925
61.94625850340137
61.95605442176871
61.785306122448986
61.33918367346939
61.08931972789116
61.26244897959184
61.42816326530612
61.400680272108836
61.188367346938776
60.93251700680272
60.71
60.666598639455785
60.551904761904765
60.35129251700681
60.13734693877551
59.90258503401361
59.651496598639454
59.45646258503402
59.41972789115646
59.44081632653061
59.43047619047619
59.35163265306122
59.2221768707483
59.088911564625846
58.906870748299326
58.82047619047619
58.76551020408163
58.75687074829932
58.70979591836735
58.66040816326531
58.496326530612244
58.349591836734696
58.3034693877551
58.24727891156462
58.05619047619048
57.914217687074824
57.938639455782315
57.89251700680272
57.79210884353741
57.67972789115646
57.544285714285714
57.50639455782314
57.560204081632655
57.69312925170068
57.59673469387755
57.569319727891155
57.44469387755102
57.39836734693878
57.29571428571428
57.30292517006802
57.2778231292517
57.2221768707483
57.22333333333333
57.188367346938776
57.07448979591837
56.9287074829932
56.93408163265306
56.95442176870748
56.91823129251701
56.87557823129252
56.950476190476195
57.07197278911565
56.96904761904762
56.73809523809524
56.58360544217687
56.58428571428571
56.53714285714286
56.58755102040816
56.719251700680275
56.775510204081634
56.7669387755102
56.82360544217687
56.84836734693878
56.7043537414966
56.66510204081632
56.740136054421775
56.81687074829932
56.82707482993197
56.94986394557823
57.11605442176871
57.11816326530612
57.055782312925174
57.110136054421766
57.34040816326531
57.39727891156463
57.36959183673469
57.40360544217687
57.577551020408166
57.75802721088435
57.92496598639457
57.907278911564624
57.96000000000001
58.181428571428576
58.52401360544218
58.642925170068025
58.7430612244898
58.78578231292517
58.9087074829932
58.97054421768707
59.2634693877551
59.42027210884354
59.608707482993196
59.633537414965986
59.886054421768705
60.02238095238094
60.26510204081633
60.3965306122449
60.52170068027211
60.55265306122449
60.68442176870748
60.771360544217686
60.91414965986395
61.03088435374149
61.179251700680275
61.31727891156463
61.52503401360544
61.73646258503401
61.77836734693878
61.84537414965986
61.992176870748295
62.16972789115646
62.348571428571425
62.48857142857143
62.715714285714284
62.89666666666667
63.17625850340136
63.198299319727894
63.25795918367347
63.391292517006804
63.563809523809525
63.594421768707484
63.70544217687075
63.865442176870744
64.04
64.15217687074829
64.26979591836735
64.37285714285716
64.41986394557823
64.3434693877551
64.17204081632653
64.23557823129252
64.40081632653062
64.55578231292517
64.60537414965987
64.63244897959183
64.62489795918368
64.59687074829932
64.68333333333332
64.78197278911564
64.80734693877551
64.78931972789115
64.79455782312925
64.81285714285715
64.69646258503401
64.77149659863946
64.9021768707483
64.98272108843538
64.84537414965988
64.7478231292517
64.74421768707484
64.84836734693877
64.89448979591836
64.84333333333333
64.8517006802721
64.83258503401362
64.84374149659862
64.75775510204082
64.6430612244898
64.47020408163266
64.42836734693878
64.43333333333334
64.42945578231293
64.35129251700681
64.28843537414966
64.1826530612245
63.99034013605443
63.85802721088435
63.703809523809525
63.592653061224496
63.37272108843538
63.32585034013605
63.26034013605443
63.318503401360545
63.17292517006803
62.959863945578235
62.900408163265304
62.83034013605442
62.58095238095239
62.38564625850341
62.37476190476191
62.3839455782313
62.24598639455783
62.140136054421774
62.005714285714284
61.92877551020409
61.763061224489796
61.549387755102046
61.42823129251701
61.49061224489796
61.43972789115646
61.330612244897964
61.16285714285715
61.0865306122449
61.00714285714286
61.13789115646259
61.10591836734694
60.93687074829932
60.76931972789116
60.65095238095239
60.454625850340136
60.230272108843536
60.160884353741494
60.106734693877556
60.04768707482993
59.942244897959185
59.90414965986395
59.84625850340136
59.697210884353744
59.52972789115646
59.357006802721095
59.19843537414967
59.03911564625851
58.991224489795925
58.97054421768708
58.86551020408163
58.66884353741496
58.47605442176871
58.43877551020408
58.32163265306123
58.25959183673469
58.12727891156463
58.058299319727894
57.80278911564626
57.555850340136054
57.48891156462585
57.45741496598639
57.38945578231292
57.200272108843535
57.13068027210885
56.98755102040816
56.88632653061225
56.7926530612245
56.70428571428572
56.47074829931974
56.207687074829934
56.08020408163265
55.96278911564626
55.74748299319728
55.695034013605444
55.724013605442174
55.71795918367347
55.47666666666667
55.223673469387755
55.13115646258504
55.23510204081633
55.154761904761905
54.9965306122449
54.941700680272106
54.8943537414966
54.77380952380952
54.842176870748304
54.94972789115646
54.98346938775511
54.91809523809524
54.838503401360555
54.69102040816327
54.64020408163265
54.71312925170069
54.73006802721088
54.733537414965994
54.733333333333334
54.7874149659864
54.81510204081632
54.96013605442177
54.90278911564626
54.84755102040816
54.81061224489796
54.78809523809524
54.70428571428572
54.864217687074834
55.0543537414966
55.10408163265306
55.083061224489796
55.11551020408164
55.16510204081632
55.25605442176871
55.429319727891155
55.52442176870749
55.521564625850345
55.513333333333335
55.658571428571435
55.82108843537415
55.96972789115647
56.04047619047619
56.11557823129252
56.16884353741497
56.255646258503404
56.41006802721088
56.60034013605442
56.627006802721084
56.73183673469388
57.00054421768707
57.215102040816326
57.31278911564626
57.51632653061225
57.65258503401361
57.75816326530612
57.855714285714285
58.082789115646264
58.19149659863946
58.43816326530612
58.64952380952381
58.90489795918367
59.15326530612246
59.53360544217688
59.79462585034014
59.9125850340136
60.09183673469388
60.36408163265306
60.58156462585034
60.87380952380953
61.33034013605443
61.63891156462585
61.89163265306122
62.07224489795919
62.33503401360545
62.59557823129252
62.930680272108845
63.238027210884354
63.53707482993197
63.819387755102035
64.04952380952382
64.32727891156463
64.5457142857143
64.81761904761905
65.08571428571429
65.37802721088435
65.63476190476189
65.94591836734695
66.22714285714285
66.51238095238094
66.79380952380953
66.95040816326531
67.24401360544218
67.6008163265306
67.94115646258503
68.1934693877551
68.70319727891157
69.07108843537415
69.39571428571429
69.68721088435375
70.18380952380954
70.55210884353743
70.91197278911565
71.10496598639456
71.42074829931973
71.71238095238095
72.03333333333333
72.24102040816325
72.58591836734695
72.8939455782313
73.06068027210884
73.14102040816326
73.32843537414965
73.61197278911564
73.84455782312926
74.04904761904763
74.13115646258504
74.27408163265306
74.54673469387757
74.95
75.33367346938776
75.66408163265305
75.92115646258505
76.13183673469388
76.48414965986396
76.88755102040818
77.10557823129251
77.1608843537415
77.3208843537415
77.66408163265307
77.97061224489796
78.11979591836734
78.33598639455784
78.48659863945578
78.76972789115646
79.03653061224489
79.35850340136054
79.66251700680272
80.04816326530613
80.35034013605443
80.60891156462586
80.86346938775512
81.2234693877551
81.53632653061224
81.9300680272109
82.2595918367347
82.5630612244898
82.87115646258503
83.31292517006803
83.7487074829932
84.11448979591837
84.5474149659864
85.0591156462585
85.40408163265306
85.65755102040816
86.07360544217687
86.7295918367347
87.53673469387756
88.24244897959184
88.76088435374149
89.19020408163266
89.76108843537415
90.39394557823128
91.2995238095238
92.40721088435374
93.57217687074831
94.6965306122449
96.11401360544218
97.50972789115647
98.9243537414966
100.48292517006803
102.01374149659864
103.58489795918368
105.22931972789117
106.85258503401361
108.33006802721087
109.88244897959184
111.42108843537414
112.59857142857143
113.45068027210885
113.90775510204081
114.11605442176871
114.1643537414966
114.15918367346939
114.38639455782314
114.7130612244898
115.11204081632653
115.24040816326531
115.25816326530614
115.1622448979592
115.30952380952381
115.4173469387755
115.40891156462584
115.38176870748299
115.63884353741497
115.87292517006803
116.01333333333334
116.03503401360544
116.14551020408163
116.24952380952381
116.40387755102043
116.55836734693878
116.80353741496599
116.95863945578232
116.91
116.75850340136054
116.86299319727893
117.1551700680272
117.42020408163265
117.65374149659863
117.85061224489795
117.97156462585035
118.16387755102042
118.2225850340136
118.0808843537415
117.75503401360545
117.43680272108843
116.65897959183673
115.57850340136055
114.536462585034
113.58625850340137
113.01510204081633
112.46000000000001
111.93122448979591
110.84374149659864
109.54006802721088
107.91251700680272
106.1344217687075
104.02721088435374
101.96081632653062
100.03163265306122
98.2991156462585
96.5304761904762
94.7408843537415
92.89925170068027
91.36108843537414
89.86020408163266
88.42680272108844
86.96918367346939
85.61687074829933
84.12326530612245
82.58027210884354
81.03714285714285
79.63210884353742
78.29979591836735
76.86755102040817
75.53659863945578
74.21700680272109
72.92945578231293
71.40870748299321
70.1465306122449
69.15074829931973
68.16156462585035
66.86095238095238
65.54333333333334
64.38653061224491
63.18884353741497
62.115918367346936
61.187006802721086
60.19585034013606
59.30680272108844
58.4969387755102
57.98836734693878
57.67993197278911
57.44986394557824
56.972585034013605
56.16755102040816
55.28836734693877
54.2074149659864
53.17795918367347
51.98122448979592
50.584693877551025
49.15653061224489
47.84564625850337
46.457040816326504
