111.65401360544226
112.09346938775512
112.21693877551022
112.22013605442177
112.16809523809525
111.87734693877552
111.66537414965987
111.53557823129252
111.55074829931974
111.62448979591836
111.60462585034014
111.4143537414966
111.20380952380954
111.07823129251702
110.93768707482994
110.7326530612245
110.62496598639456
110.6430612244898
110.7926530612245
110.67088435374151
110.40625850340136
110.11482993197279
109.96360544217687
109.87707482993197
109.98061224489796
110.00721088435375
109.96115646258502
110.02333333333334
110.15829931972789
110.073537414966
109.87761904761905
109.65714285714287
109.41585034013606
109.19278911564626
109.15571428571428
109.06312925170069
108.91136054421769
108.72748299319728
108.61802721088435
108.52190476190478
108.67197278911566
108.89292517006803
109.09863945578232
109.10625850340136
109.09578231292517
108.99081632653062
108.78802721088437
108.68129251700681
108.66054421768708
108.74598639455782
108.71619047619049
108.59455782312925
108.5921768707483
108.67054421768708
108.71979591836735
108.615306122449
108.61904761904762
108.76897959183674
108.83625850340135
108.81673469387755
108.74809523809525
108.84387755102041
108.89346938775509
108.84129251700682
108.80149659863946
108.81102040816327
108.8770068027211
108.9421768707483
109.0544217687075
108.94986394557824
108.70517006802721
108.33496598639455
108.21312925170068
108.42721088435374
108.91149659863946
109.26666666666668
109.42006802721087
109.37680272108844
109.20965986394557
109.03877551020409
108.9225170068027
108.68591836734694
108.46435374149661
108.30224489795918
108.27394557823129
108.2791156462585
108.29775510204081
108.27544217687074
108.33972789115646
108.58088435374148
108.67768707482993
108.69741496598638
108.61748299319729
108.64469387755102
108.59598639455783
108.45040816326531
108.20938775510206
108.04122448979592
108.06442176870749
108.1074829931973
108.16680272108843
108.11639455782311
107.96244897959183
107.97972789115647
108.1748299319728
108.421768707483
108.54965986394558
108.79068027210884
109.0570068027211
109.29006802721088
109.57959183673469
109.84585034013607
109.89836734693878
109.88612244897959
109.85741496598638
109.8112244897959
109.68442176870748
109.77870748299321
109.95551020408163
110.28476190476192
110.64455782312926
110.97006802721089
111.27918367346939
111.46938775510205
111.55551020408164
111.62829931972792
111.7114285714286
111.73176870748301
111.7204761904762
111.79163265306123
111.92891156462585
112.10632653061225
112.3155782312925
112.43326530612245
112.58142857142857
112.82945578231293
113.13285714285716
113.3747619047619
113.47959183673471
113.69625850340137
113.94904761904763
114.231768707483
114.31843537414966
114.32272108843537
114.34666666666666
114.53891156462585
114.73360544217687
114.95741496598639
115.40095238095238
115.91401360544218
116.328231292517
116.69734693877552
116.9665306122449
117.13353741496599
117.24986394557824
117.47700680272109
117.60530612244898
117.68333333333334
117.81714285714287
118.04619047619049
118.18816326530614
118.2447619047619
118.40353741496598
118.83149659863946
119.31095238095239
119.73156462585034
120.15823129251702
120.61183673469388
121.10551020408164
121.51510204081633
122.00795918367346
122.43510204081632
122.76557823129252
122.98095238095237
123.20653061224489
123.52102040816327
123.88034013605443
124.31319727891156
124.80530612244897
125.38517006802721
126.16387755102042
126.99952380952382
127.7525850340136
128.40598639455783
129.17571428571426
130.02421768707484
130.95653061224493
131.87224489795918
132.8974829931973
134.14761904761906
135.52129251700683
136.82068027210886
138.09625850340134
139.46156462585034
140.7895918367347
142.22775510204082
143.6700680272109
145.29721088435372
146.78122448979593
148.47639455782314
150.0709523809524
151.756462585034
153.32591836734696
154.97374149659865
156.4530612244898
157.7565986394558
159.19768707482993
160.6469387755102
161.98680272108845
163.11802721088435
164.26945578231292
165.3172789115646
166.2361224489796
166.97993197278913
167.76897959183674
168.60061224489797
169.48931972789114
170.2619047619048
170.99891156462584
171.6690476190476
172.42360544217686
173.22965986394559
173.90748299319728
174.45469387755102
174.83598639455784
175.30455782312924
175.69081632653064
176.12884353741498
176.3697278911565
176.66843537414968
176.84149659863948
177.03108843537416
177.1408843537415
177.3991836734694
177.52326530612243
177.6194557823129
177.65673469387758
177.62455782312924
177.50455782312926
177.58081632653062
177.60666666666668
177.47639455782314
177.28394557823128
177.2243537414966
177.01265306122448
176.79319727891155
176.6743537414966
176.4887074829932
176.20496598639454
176.02761904761905
175.89034013605442
175.63244897959183
175.29911564625849
174.95408163265307
174.60149659863944
174.33414965986395
174.11503401360545
173.75217687074831
173.52421768707484
173.29646258503402
173.0639455782313
172.7369387755102
172.36850340136056
171.97993197278913
171.59945578231293
171.33673469387756
171.03714285714287
170.70401360544219
170.24591836734695
169.77353741496597
169.43700680272107
169.03068027210884
168.63659863945577
168.05795918367346
167.56115646258505
167.03061224489795
166.59455782312926
166.0478231292517
165.64551020408163
165.21959183673468
164.89476190476188
164.51013605442176
164.07598639455782
163.60714285714286
163.35897959183677
163.21244897959184
163.16646258503403
163.10843537414968
163.1469387755102
163.21639455782315
163.4051020408163
163.4843537414966
163.59183673469389
163.80394557823132
164.13809523809525
164.42040816326534
164.6226530612245
164.90251700680273
165.33986394557823
165.7631972789116
166.20428571428573
166.69918367346938
167.13020408163266
167.4861224489796
167.90843537414966
168.38632653061225
168.8421768707483
169.35455782312926
169.845306122449
170.4661904761905
171.02190476190475
171.5978911564626
172.18476190476193
172.92721088435374
173.57469387755103
174.20585034013607
174.821768707483
175.45823129251698
176.0204761904762
176.65401360544217
177.16510204081632
177.64782312925172
178.08551020408163
178.64666666666668
179.1661224489796
179.5644897959184
179.8691836734694
180.30850340136055
180.72319727891153
181.088231292517
181.37326530612245
181.76095238095235
182.12333333333333
182.4783673469388
182.8000680272109
183.1387074829932
183.3891836734694
183.64428571428573
183.9561224489796
184.22557823129253
184.33074829931974
184.54095238095238
184.863537414966
185.09687074829932
185.18659863945578
185.30156462585035
185.40673469387752
185.57027210884354
185.76659863945582
185.94959183673473
186.06836734693877
186.17755102040815
186.3172789115646
186.39149659863946
186.44340136054424
186.4999319727891
186.58523809523808
186.5955782312925
186.66197278911562
186.8170068027211
186.96585034013606
186.98544217687075
186.92034013605445
186.8895918367347
186.9038775510204
186.9312244897959
186.97625850340134
187.01585034013607
187.02816326530612
187.04272108843537
187.10632653061225
187.10224489795917
187.07632653061225
187.12965986394556
187.1613605442177
187.10585034013607
187.05795918367346
187.0746258503401
187.10122448979592
187.16496598639458
187.24503401360545
187.2652380952381
187.25659863945577
187.27034013605441
187.20727891156463
187.20197278911564
187.20136054421772
187.1365306122449
187.0156462585034
187.01380952380953
187.07095238095238
187.04401360544216
186.98013605442176
186.89401360544218
186.81938775510204
186.6804761904762
186.5455782312925
186.50448979591837
186.46102040816328
186.44197278911565
186.443537414966
186.40836734693877
186.31761904761905
186.18176870748297
186.1261224489796
186.04102040816326
185.9600680272109
185.78673469387758
185.68578231292517
185.6340136054422
185.56666666666666
185.46244897959184
185.33421768707484
185.24850340136055
185.0696598639456
184.9878231292517
184.91027210884354
184.74612244897958
184.44904761904763
184.30469387755102
184.34333333333333
184.23938775510203
184.19108843537416
184.014693877551
183.898231292517
183.66061224489795
183.5442857142857
183.40802721088437
183.32204081632653
183.08721088435377
182.84952380952382
182.69972789115647
182.58897959183673
182.40625850340138
182.24721088435376
182.15904761904764
181.9547619047619
181.82877551020408
181.70414965986396
181.58231292517007
181.27292517006802
180.93142857142857
180.64850340136056
180.5148299319728
180.40510204081633
180.1885714285714
179.8821768707483
179.66863945578234
179.50557823129253
179.3129931972789
179.1177551020408
178.88591836734696
178.67190476190478
178.33843537414964
178.04156462585036
177.73340136054424
177.5634693877551
177.4291836734694
177.23843537414967
176.89761904761906
176.5204081632653
176.2265306122449
175.94068027210886
175.6118367346939
175.20993197278912
174.87326530612245
174.57897959183674
174.2968707482993
173.87897959183675
173.50068027210887
173.17734693877551
172.80414965986392
172.468231292517
172.1338775510204
171.81102040816327
171.42687074829934
171.12707482993198
170.7561224489796
170.4387074829932
170.1692517006803
169.88945578231295
169.50891156462586
169.1269387755102
168.79054421768708
168.46489795918367
168.0951700680272
167.7765986394558
167.46414965986395
167.20795918367347
166.79666666666665
166.45503401360546
166.04870748299322
165.7669387755102
165.4369387755102
165.04700680272109
164.5486394557823
164.12496598639456
163.7729931972789
163.41387755102045
163.05897959183676
162.7665306122449
162.40421768707483
162.03367346938776
161.71904761904761
161.4722448979592
161.15809523809523
160.7452380952381
160.3444217687075
159.94462585034012
159.6170068027211
159.27156462585035
158.8622448979592
158.43
158.0277551020408
157.6652380952381
157.26625850340136
156.9108843537415
156.46544217687074
156.0766666666667
155.67870748299322
155.32394557823133
154.92503401360545
154.49836734693878
154.00714285714287
153.595306122449
153.22823129251702
152.77408163265306
152.29891156462588
151.89578231292518
151.45557823129252
150.91673469387754
150.31972789115648
149.9248979591837
149.46360544217686
148.96292517006805
148.2895238095238
147.87795918367345
147.43394557823132
146.93210884353743
146.3147619047619
145.77360544217686
145.21714285714287
144.66503401360546
144.05027210884356
143.41278911564626
142.82619047619048
142.24959183673468
141.62455782312924
140.98551020408166
140.25659863945577
139.4073469387755
138.64530612244897
138.05537414965988
137.35170068027213
136.51619047619047
135.63639455782314
134.83619047619047
134.06238095238095
133.3510204081633
132.6456462585034
132.00598639455782
131.23673469387757
130.36571428571432
129.45006802721088
128.76721088435374
127.98421768707482
127.34557823129252
126.73183673469387
126.1961224489796
125.42829931972788
124.78204081632654
124.3087755102041
123.99170068027212
123.59047619047618
123.15721088435374
122.71217687074831
122.44904761904762
122.15340136054424
121.88374149659865
121.52564625850341
121.29897959183674
121.20040816326531
120.96238095238095
120.66095238095238
120.41122448979591
120.39768707482993
120.22632653061224
119.99428571428571
119.81755102040816
119.64088435374148
119.3587074829932
119.06734693877553
118.90666666666667
118.71979591836735
118.48013605442178
118.21904761904763
117.89421768707483
117.46408163265306
117.16557823129251
116.87687074829932
116.61666666666667
116.2013605442177
115.72387755102041
115.14517006802723
114.73210884353743
114.3695238095238
113.8548299319728
113.38591836734695
112.9587074829932
112.7252380952381
112.30020408163264
111.88489795918366
111.3234693877551
110.92632653061224
110.49768707482993
110.11802721088435
109.63190476190476
109.28537414965986
108.92210884353742
108.44986394557824
107.87687074829932
107.43557823129254
107.06755102040816
106.68306122448979
106.25578231292516
105.70768707482993
105.26340136054422
104.92115646258503
104.5065986394558
103.96387755102042
103.45823129251701
103.00333333333333
102.57170068027212
102.17346938775509
101.69122448979593
101.23408163265306
100.87312925170069
100.51496598639456
100.07374149659864
99.5530612244898
99.05244897959186
98.65918367346939
98.31285714285714
97.8173469387755
97.19986394557824
96.69074829931974
96.23122448979593
95.85054421768707
95.46482993197277
94.92843537414966
94.37564625850341
93.9078231292517
93.66455782312926
93.33517006802721
92.9125850340136
92.36809523809522
91.97421768707483
91.69619047619048
91.26829931972789
90.8104761904762
90.41102040816327
90.13489795918366
89.6795238095238
89.21925170068027
88.84598639455783
88.5843537414966
88.1287074829932
87.78489795918367
87.47884353741497
87.16272108843538
86.6051700680272
86.30952380952381
85.90142857142857
85.53061224489797
85.12680272108844
84.70340136054423
84.04904761904763
83.60421768707484
83.38006802721088
83.03802721088437
82.58163265306123
82.1873469387755
81.8565306122449
81.43795918367346
81.06013605442176
80.73068027210883
80.45380952380953
80.05408163265307
79.69489795918366
79.28999999999999
78.913537414966
78.53755102040816
78.30517006802721
78.0860544217687
77.73517006802722
77.27360544217689
76.96761904761905
76.77122448979591
76.4769387755102
76.08244897959185
75.77673469387756
75.41809523809525
74.93238095238097
74.59510204081633
74.35578231292516
74.13414965986395
73.761768707483
73.44544217687076
72.97952380952381
72.52843537414967
72.18931972789116
72.14176870748298
72.10469387755103
71.9921768707483
71.83659863945579
71.56755102040816
71.27176870748299
70.97115646258503
70.76972789115646
70.50027210884355
70.32210884353742
70.06816326530613
69.73326530612245
69.27659863945578
69.04442176870748
68.83088435374151
68.70993197278912
68.33340136054422
68.05469387755102
67.85108843537415
67.69687074829932
67.42428571428572
67.21646258503402
66.92530612244899
66.53673469387758
66.28544217687075
66.1870068027211
65.88775510204081
65.74979591836735
65.56210884353742
65.43972789115647
65.28204081632651
65.31925170068027
65.09972789115646
64.89755102040816
64.73251700680271
64.55836734693878
64.1861224489796
63.98734693877552
63.93040816326531
63.731360544217694
63.40959183673469
63.15544217687075
62.98993197278912
62.833265306122456
62.634081632653064
62.449455782312924
62.37863945578231
62.423809523809524
62.352108843537415
62.26387755102041
62.15068027210884
61.997414965986394
61.8465306122449
61.70251700680272
61.434285714285714
61.18591836734694
61.02020408163265
60.93027210884354
60.74972789115646
60.52571428571429
60.30170068027211
60.24619047619048
60.28693877551021
60.24421768707483
60.11877551020409
59.96761904761905
59.86401360544218
59.70170068027211
59.54598639455783
59.52108843537415
59.472925170068024
59.360952380952384
59.31782312925171
59.372448979591844
59.299387755102046
59.11598639455782
59.01095238095239
59.0030612244898
58.964353741496595
58.806734693877544
58.497074829931975
58.36244897959184
58.27340136054423
58.321224489795924
58.279931972789115
58.33972789115647
58.34489795918367
58.26108843537415
58.20360544217687
58.09809523809524
58.14863945578231
58.13367346938776
58.147823129251705
57.988027210884354
57.804421768707485
57.67027210884354
57.570680272108845
57.61353741496598
57.61829931972789
57.5778231292517
57.54027210884354
57.647074829931974
57.69095238095239
57.68659863945579
57.803265306122455
57.748231292517005
57.5621768707483
57.3961224489796
57.34034013605442
57.178707482993204
57.15585034013606
57.41666666666667
57.55646258503401
57.653673469387755
57.643741496598636
57.62979591836735
57.48238095238095
57.40374149659864
57.3839455782313
57.39258503401361
57.63197278911565
57.71877551020408
57.743469387755106
57.75319727891157
57.825714285714284
57.84707482993197
57.86680272108843
58.1230612244898
58.20503401360544
58.292244897959186
58.33551020408163
58.501428571428576
58.70775510204082
58.88013605442177
58.96523809523809
59.034625850340134
59.15680272108844
59.29408163265306
59.40115646258504
59.656394557823134
59.828571428571436
59.89142857142857
60.134013605442185
60.313265306122446
60.51646258503402
60.59156462585034
60.92326530612245
61.07721088435375
61.284557823129255
61.370612244897956
61.4330612244898
61.56863945578232
61.758095238095244
61.910816326530615
62.01863945578231
62.1056462585034
62.183673469387756
62.42102040816327
62.70258503401361
62.92979591836735
63.031768707482996
63.1252380952381
63.20231292517008
63.43802721088435
63.658027210884356
63.86469387755102
64.09945578231293
64.3739455782313
64.48102040816326
64.50204081632653
64.56414965986394
64.77591836734695
64.93768707482994
65.01918367346939
65.04591836734694
65.13632653061225
65.31068027210884
65.39278911564625
65.5678231292517
65.78285714285715
65.93095238095236
65.69027210884353
65.58979591836734
65.63462585034014
65.96700680272109
66.01863945578232
66.11809523809524
66.04190476190476
66.0748299319728
65.98428571428572
65.97598639455782
65.8970068027211
65.9926530612245
66.16244897959183
66.22455782312925
66.2100680272109
66.30965986394558
66.45013605442176
66.35979591836735
66.36020408163266
66.31061224489797
66.35836734693879
66.24401360544218
66.20149659863945
66.17360544217688
66.1491836734694
66.16646258503403
66.18312925170068
66.21551020408164
66.24585034013606
66.18401360544217
66.1130612244898
65.92666666666666
65.7569387755102
65.58761904761904
65.55074829931972
65.53673469387755
65.43068027210884
65.41054421768706
65.22972789115646
65.13374149659865
64.98408163265306
64.96748299319728
64.86510204081634
64.831768707483
64.6143537414966
64.47197278911564
64.33047619047619
64.22911564625849
64.16585034013606
64.01517006802722
63.8456462585034
63.62278911564626
63.65986394557824
63.50482993197279
63.27027210884354
63.07517006802721
63.078163265306124
62.98918367346939
62.74625850340137
62.66707482993198
62.70673469387755
62.71551020408163
62.55544217687075
62.422653061224494
62.21965986394558
62.16700680272109
62.13639455782313
62.202925170068035
62.107891156462586
61.98843537414967
61.638503401360545
61.34095238095238
61.13482993197279
61.13176870748299
61.10136054421769
61.0769387755102
60.9869387755102
61.01775510204081
60.9556462585034
60.74428571428572
60.46911564625851
60.27408163265306
60.13340136054421
60.029931972789115
60.04986394557823
60.06353741496598
60.06292517006803
59.83292517006803
59.56006802721088
59.475918367346935
59.47210884353742
59.3595918367347
59.199659863945584
59.005646258503404
58.858707482993196
58.63156462585034
58.5643537414966
58.407551020408164
58.3678231292517
58.238843537414965
58.22986394557824
58.0774149659864
57.89693877551021
57.71857142857144
57.5778231292517
57.404217687074826
57.17367346938775
57.042040816326534
56.83721088435374
56.69292517006802
56.53605442176871
56.60904761904763
56.56673469387756
56.45646258503402
56.21265306122449
56.12129251700681
56.11843537414967
56.11204081632654
55.95476190476191
55.81918367346939
55.80278911564626
55.82272108843538
55.84006802721089
55.84442176870748
55.66714285714286
55.51238095238095
55.44292517006804
55.61904761904762
55.680952380952384
55.72197278911564
55.52401360544218
55.54503401360544
55.64469387755102
55.83061224489796
55.74448979591837
55.62680272108844
55.49918367346939
55.54428571428571
55.64442176870749
55.66768707482993
55.60088435374149
55.612857142857145
55.849659863945575
56.02530612244898
56.09346938775511
56.13585034013606
56.209591836734695
56.13598639455783
56.08006802721089
56.249795918367354
56.40877551020409
56.46741496598639
56.386258503401365
56.48455782312925
56.543129251700684
56.72891156462585
56.85510204081633
57.06897959183674
57.21482993197279
57.25421768707483
57.36231292517007
57.52285714285714
57.731632653061226
57.78585034013605
57.94727891156463
58.16095238095238
58.414353741496605
58.510272108843544
58.61598639455782
58.81156462585034
59.03986394557823
59.15741496598639
59.36401360544218
59.625782312925175
59.91823129251701
60.234693877551024
60.500408163265305
60.64571428571429
60.91163265306123
61.17530612244898
61.320884353741505
61.675170068027214
62.06040816326531
62.3274149659864
62.40374149659865
62.73129251700681
62.95224489795918
63.194965986394564
63.52455782312926
63.86265306122449
64.12156462585034
64.31340136054422
64.70333333333333
65.0095918367347
65.32659863945578
65.54897959183674
65.84680272108844
66.09489795918368
66.34857142857143
66.57462585034014
66.91775510204081
67.20346938775509
67.46054421768707
67.8025850340136
68.17054421768708
68.39285714285714
68.5378231292517
68.81965986394557
69.20210884353742
69.63482993197279
70.01102040816328
70.48897959183674
70.88231292517007
71.21346938775511
71.39755102040817
71.7234693877551
72.07251700680273
72.42571428571428
72.80680272108842
73.15666666666667
73.5070068027211
73.81231292517008
74.0287755102041
74.20938775510204
74.42551020408163
74.70530612244899
74.92680272108845
75.04965986394558
75.22727891156462
75.26612244897959
75.49734693877551
75.89945578231291
76.3522448979592
76.47557823129253
76.53925170068028
76.79265306122448
77.18952380952382
77.6578231292517
77.97034013605442
78.17653061224489
78.30639455782313
78.52537414965987
78.66666666666667
78.85408163265306
79.18646258503401
79.54598639455783
79.74142857142857
79.90850340136055
80.11299319727893
80.40829931972789
80.71462585034014
80.99204081632652
81.18639455782314
81.42646258503402
81.74530612244898
81.9378911564626
82.1821088435374
82.54204081632653
82.96700680272109
83.32557823129252
83.58156462585035
83.75102040816327
84.14945578231293
84.75802721088435
85.40238095238095
85.71544217687075
85.97537414965987
86.22843537414967
86.63646258503402
87.18306122448979
87.84292517006803
88.49380952380952
88.92891156462585
89.4412925170068
89.94619047619048
90.60863945578231
91.47421768707483
92.4926530612245
93.46149659863946
94.46802721088436
95.65972789115646
97.02421768707484
98.42170068027211
99.96367346938776
101.30761904761906
102.78115646258505
104.30693877551022
106.04795918367347
107.64578231292516
109.21367346938774
110.54639455782312
111.64272108843538
112.36646258503401
112.82829931972789
113.07163265306124
113.23687074829932
113.2269387755102
113.29510204081633
113.45782312925171
113.7465306122449
113.80619047619048
113.85768707482994
113.84442176870749
113.93884353741497
114.06544217687075
114.31714285714287
114.5304761904762
114.733537414966
114.72775510204082
114.70510204081633
114.6795238095238
114.76442176870748
114.68319727891158
114.68231292517007
114.6887074829932
114.69027210884354
114.69639455782313
114.6065986394558
114.38299319727892
114.20639455782315
114.37013605442178
114.57632653061226
114.69027210884354
114.55639455782314
114.5465986394558
114.72755102040816
114.751768707483
114.57462585034014
114.18
113.68727891156462
112.95238095238096
112.24197278911566
111.4191156462585
110.52823129251702
109.68829931972789
108.94027210884354
108.13272108843537
107.18965986394558
105.96993197278911
104.53972789115646
102.78761904761906
100.76204081632653
98.73448979591836
96.7700680272109
95.21068027210885
93.76129251700681
92.24625850340138
90.43
88.74537414965987
87.27054421768707
85.97054421768708
84.80312925170068
83.39931972789115
81.91340136054423
80.55863945578231
79.23836734693876
77.94503401360544
76.66993197278912
75.40857142857143
74.17136054421769
73.0208163265306
71.75251700680272
70.34326530612246
69.16666666666667
68.0370068027211
67.00108843537414
66.01142857142858
64.92000000000002
63.712857142857146
62.697278911564624
61.65163265306123
60.70557823129252
59.77891156462586
58.91367346938775
58.15530612244899
57.866394557823135
57.751768707482995
57.4634693877551
56.759523809523806
55.94517006802721
55.15979591836735
54.4821768707483
53.40795918367347
52.23285714285714
50.85102040816327
49.45979591836735
47.93394557823127
46.387346938775465
