165.1746598639456
165.72040816326523
165.66462585034014
165.4926530612245
165.45537414965986
165.33122448979591
165.1661224489796
165.1404081632653
165.16965986394558
165.28394557823128
165.2761224489796
165.1695918367347
164.8852380952381
164.71204081632652
164.53918367346938
164.45993197278912
164.40238095238095
164.52537414965988
164.63408163265308
164.68802721088434
164.57374149659864
164.43326530612245
164.388231292517
164.42639455782313
164.405306122449
164.3508843537415
164.27401360544218
164.3316326530612
164.3152380952381
164.38408163265308
164.4061904761905
164.47863945578231
164.38537414965987
164.3270068027211
164.27251700680273
164.18265306122447
164.01476190476188
163.80115646258503
163.7061224489796
163.82530612244898
164.14503401360545
164.39034013605442
164.4760544217687
164.5434013605442
164.61918367346942
164.67054421768708
164.62428571428572
164.60272108843537
164.60965986394558
164.6170068027211
164.55693877551022
164.4721768707483
164.4658503401361
164.4978231292517
164.54340136054424
164.60061224489795
164.67047619047617
164.74115646258502
164.7339455782313
164.6899319727891
164.61646258503401
164.62238095238095
164.6612925170068
164.77448979591838
164.88897959183674
164.99693877551022
164.93027210884355
164.80714285714288
164.7236054421769
164.68380952380954
164.47224489795917
164.24217687074832
164.19231292517009
164.3295238095238
164.4303401360544
164.50938775510204
164.54462585034014
164.6338775510204
164.64374149659864
164.67333333333335
164.68761904761905
164.6940136054422
164.5548299319728
164.32945578231295
164.18625850340135
164.10714285714286
164.1282993197279
164.18088435374148
164.25326530612244
164.3839455782313
164.49496598639456
164.46238095238095
164.45170068027213
164.6218367346939
164.8693197278912
164.82496598639455
164.67210884353744
164.53564625850342
164.52326530612243
164.59945578231293
164.81782312925168
164.98748299319726
165.03163265306125
165.03517006802724
165.15401360544217
165.31333333333333
165.4768027210884
165.65795918367348
165.87333333333333
166.14938775510205
166.53129251700682
166.92503401360545
167.37251700680272
167.74850340136052
167.94061224489795
168.15408163265306
168.4742857142857
168.78775510204082
168.9625850340136
169.24081632653062
169.5652380952381
169.88714285714286
170.2499319727891
170.61544217687077
170.95197278911564
171.2713605442177
171.55714285714285
171.82557823129252
172.0796598639456
172.28156462585034
172.50938775510207
172.826462585034
173.06428571428572
173.28414965986394
173.49462585034013
173.86095238095237
174.2647619047619
174.71102040816325
175.00564625850342
175.38911564625852
175.89340136054423
176.4095918367347
176.89367346938775
177.48394557823127
178.0212925170068
178.49510204081633
178.95680272108842
179.43510204081633
179.87727891156464
180.34217687074832
180.80231292517004
181.18809523809523
181.5368027210884
181.9108163265306
182.31421768707486
182.68136054421768
183.0969387755102
183.60442176870748
184.23544217687075
184.82374149659864
185.44299319727892
186.1013605442177
186.9247619047619
187.83258503401362
188.73068027210886
189.47619047619048
190.29884353741494
191.15013605442178
191.9366666666667
192.63149659863944
193.3205442176871
193.94190476190477
194.58775510204083
195.4113605442177
196.19836734693877
196.9191836734694
197.62285714285716
198.4630612244898
199.3348299319728
200.21088435374148
201.02176870748298
201.86789115646258
202.75802721088434
203.57496598639457
204.30925170068028
205.16707482993198
206.16
207.11408163265307
207.96673469387758
208.8648979591837
209.7891836734694
210.70632653061227
211.50714285714287
212.3709523809524
213.2604081632653
214.1508843537415
214.8865986394558
215.71455782312927
216.49578231292514
217.2870068027211
217.97938775510204
218.7418367346939
219.4039455782313
220.065306122449
220.67115646258503
221.35843537414968
222.0542176870748
222.69197278911562
223.17789115646258
223.66360544217687
224.1526530612245
224.59081632653061
224.95755102040815
225.41122448979593
225.9043537414966
226.3857142857143
226.76428571428573
227.1369387755102
227.49190476190475
227.8156462585034
228.0556462585034
228.3030612244898
228.5947619047619
228.8438775510204
229.0627891156463
229.23687074829934
229.4480272108844
229.57727891156463
229.68510204081633
229.7592517006803
229.876462585034
229.96020408163267
230.0273469387755
230.09496598639456
230.157074829932
230.14571428571432
230.0691836734694
230.00129251700682
229.93265306122447
229.90727891156462
229.8560544217687
229.79666666666668
229.6914965986395
229.58292517006802
229.3752380952381
229.08829931972792
228.85448979591837
228.63482993197277
228.44346938775513
228.20401360544219
227.91455782312926
227.54653061224488
227.2426530612245
226.9705442176871
226.67265306122448
226.31809523809525
225.93469387755107
225.52850340136058
225.08040816326533
224.6995238095238
224.33013605442176
223.8944217687075
223.38408163265305
222.90387755102043
222.4760544217687
221.99401360544218
221.4819047619048
220.97414965986394
220.52068027210885
220.0214285714286
219.48285714285714
218.9544897959184
218.4644217687075
217.9329931972789
217.44156462585036
216.89544217687074
216.3812925170068
215.81551020408165
215.29897959183674
214.75748299319727
214.35530612244898
213.9192517006803
213.44183673469388
212.90850340136055
212.48925170068028
212.062925170068
211.70721088435374
211.2634693877551
210.84183673469389
210.40931972789116
210.12496598639456
209.80687074829933
209.4466666666667
209.1036054421769
208.8992517006803
208.7010204081633
208.39646258503404
208.07013605442177
207.8822448979592
207.71714285714285
207.48489795918368
207.23068027210886
207.09986394557822
207.02292517006802
206.8571428571429
206.63877551020408
206.50741496598638
206.39136054421772
206.33231292517007
206.2908843537415
206.23360544217687
206.22530612244898
206.28782312925173
206.44421768707485
206.43115646258505
206.50421768707486
206.428843537415
206.4638775510204
206.43068027210887
206.54074829931972
206.5865986394558
206.68891156462587
206.75204081632654
206.8725850340136
206.91469387755103
206.96108843537414
207.03040816326532
207.15006802721092
207.22102040816327
207.23646258503405
207.285306122449
207.37129251700682
207.49244897959184
207.52829931972792
207.60503401360543
207.6722448979592
207.7038775510204
207.72006802721089
207.79040816326534
207.86108843537414
207.8682993197279
207.85523809523812
207.88244897959186
207.9947619047619
208.09714285714287
208.14027210884353
208.17149659863946
208.23564625850344
208.23326530612246
208.21877551020407
208.25823129251702
208.32442176870748
208.30156462585035
208.2556462585034
208.22367346938776
208.26435374149662
208.2784353741497
208.31285714285713
208.29802721088436
208.39591836734695
208.4612925170068
208.4495238095238
208.3427210884354
208.32557823129252
208.3238095238095
208.30346938775511
208.3280272108844
208.39503401360545
208.3898639455782
208.3219047619048
208.2730612244898
208.26115646258503
208.25952380952378
208.2185714285714
208.15435374149658
208.11095238095237
208.09986394557825
208.06183673469388
208.0548299319728
208.09149659863948
208.07734693877552
208.01489795918368
207.991768707483
208.02142857142857
207.97251700680272
207.88591836734693
207.81210884353743
207.80503401360545
207.82761904761904
207.7991156462585
207.73163265306124
207.66755102040815
207.62462585034012
207.56836734693877
207.504693877551
207.39027210884353
207.23802721088435
207.16462585034014
207.2069387755102
207.23414965986393
207.1465306122449
207.00319727891156
206.94421768707485
206.86625850340135
206.71829931972792
206.57809523809524
206.47707482993198
206.35761904761904
206.30197278911564
206.308231292517
206.24414965986395
206.13959183673472
206.08285714285716
206.03823129251703
205.91238095238097
205.8142857142857
205.70326530612246
205.56244897959186
205.39619047619047
205.30619047619047
205.19761904761904
205.04312925170066
204.88877551020408
204.82469387755103
204.72863945578231
204.57448979591837
204.39278911564628
204.24197278911566
204.1008163265306
203.97721088435375
203.79884353741497
203.62401360544217
203.45857142857142
203.29142857142858
203.11088435374148
203.0022448979592
202.8703401360544
202.71326530612242
202.56394557823128
202.37789115646257
202.13748299319727
201.92326530612243
201.75687074829935
201.56632653061226
201.32884353741497
201.07884353741497
200.89408163265307
200.69700680272106
200.51081632653063
200.38088435374152
200.2787755102041
200.03829931972788
199.69938775510207
199.34605442176868
198.98251700680274
198.75190476190477
198.5912244897959
198.48102040816326
198.32394557823127
198.12238095238098
197.8022448979592
197.48163265306124
197.28013605442177
197.03938775510204
196.72469387755103
196.35931972789115
196.09680272108847
195.80605442176872
195.48551020408166
195.08768707482992
194.7982993197279
194.5634693877551
194.39319727891154
194.14523809523808
193.80972789115646
193.44598639455785
193.13489795918366
192.87775510204082
192.61816326530612
192.37591836734694
192.07727891156463
191.7113605442177
191.33564625850343
191.00591836734694
190.7359863945578
190.45306122448977
190.24238095238093
189.9940816326531
189.72489795918366
189.33809523809524
188.95775510204084
188.58843537414967
188.33231292517007
188.1121088435374
187.84244897959184
187.47292517006804
187.08217687074833
186.71020408163267
186.38510204081635
186.09156462585034
185.83156462585035
185.50238095238097
185.0960544217687
184.70619047619047
184.3669387755102
184.09578231292517
183.84272108843538
183.5713605442177
183.1526530612245
182.7418367346939
182.386462585034
182.11761904761903
181.81020408163266
181.50938775510207
181.17149659863946
180.74925170068028
180.295306122449
179.90340136054425
179.5478231292517
179.261768707483
179.0104081632653
178.7330612244898
178.3087755102041
177.92850340136053
177.5590476190476
177.24156462585034
176.8891836734694
176.4989795918367
176.01292517006803
175.5556462585034
175.1165306122449
174.71455782312927
174.35938775510203
174.09979591836736
173.75687074829932
173.3091156462585
172.82414965986396
172.40544217687074
171.9452380952381
171.55285714285714
171.2022448979592
170.89897959183673
170.51802721088436
170.07823129251702
169.5984353741497
169.15360544217685
168.81775510204085
168.40176870748297
167.96183673469386
167.48877551020408
167.06591836734697
166.57557823129252
166.1387074829932
165.75306122448978
165.31088435374153
164.82530612244898
164.34496598639458
163.89653061224487
163.3986394557823
162.93911564625847
162.49170068027212
162.00047619047618
161.50666666666666
161.06727891156464
160.678843537415
160.20727891156463
159.74210884353744
159.24510204081633
158.77462585034013
158.2874149659864
157.86285714285714
157.44183673469385
157.05816326530612
156.6431292517007
156.13183673469388
155.58625850340138
155.1104081632653
154.66244897959183
154.207074829932
153.74727891156462
153.3251700680272
152.87809523809523
152.437074829932
151.8934013605442
151.51190476190476
151.13612244897962
150.7616326530612
150.17666666666668
149.72183673469388
149.27857142857144
148.95503401360543
148.5134693877551
148.17462585034014
147.7738775510204
147.4192517006803
146.99721088435373
146.62972789115648
146.18598639455783
145.851768707483
145.57285714285717
145.25238095238097
144.71741496598642
144.21884353741495
143.8787074829932
143.55448979591836
143.17462585034014
142.75972789115644
142.35857142857145
141.87517006802722
141.5230612244898
141.19897959183675
140.82496598639457
140.40190476190475
140.1640136054422
139.91408163265305
139.54646258503402
139.05455782312924
138.66074829931972
138.33238095238096
138.04673469387757
137.79496598639457
137.4804761904762
137.04870748299322
136.61408163265307
136.27680272108842
135.86632653061224
135.4501360544218
135.08632653061224
134.72653061224491
134.24605442176872
133.89537414965986
133.5447619047619
133.19455782312923
132.8443537414966
132.57857142857142
132.16034013605443
131.7079591836735
131.22551020408162
130.8734693877551
130.53142857142856
130.21170068027214
129.73564625850344
129.24925170068028
128.78659863945578
128.38598639455782
127.96551020408162
127.59659863945578
127.24258503401362
126.94687074829932
126.5508843537415
126.08020408163266
125.61795918367348
125.32462585034014
125.01272108843537
124.5413605442177
124.18224489795918
123.97421768707483
123.70680272108845
123.30428571428571
122.95557823129252
122.63469387755102
122.23455782312928
121.7991836734694
121.54802721088436
121.31
121.01523809523809
120.5495238095238
120.23571428571431
119.90986394557825
119.60108843537417
119.20904761904762
118.80897959183673
118.44857142857143
118.08863945578233
117.76476190476191
117.38938775510205
117.06904761904764
116.70979591836735
116.31857142857143
115.98510204081633
115.76326530612246
115.49605442176872
115.13557823129253
114.77170068027212
114.49224489795918
114.16639455782314
113.82136054421768
113.50380952380951
113.21197278911565
112.75353741496599
112.32020408163265
112.11108843537416
112.00564625850339
111.66489795918369
111.32469387755103
110.9787074829932
110.70442176870749
110.48006802721089
110.24278911564627
109.92897959183674
109.66986394557823
109.44156462585035
109.08530612244897
108.8282993197279
108.60312925170068
108.33693877551022
107.96768707482994
107.65952380952382
107.45020408163266
107.26115646258503
107.06659863945578
106.79326530612244
106.51857142857142
106.26102040816326
106.00884353741498
105.781768707483
105.56149659863947
105.48095238095237
105.22571428571429
105.06197278911566
104.86129251700682
104.64734693877553
104.38496598639455
104.19095238095238
103.94979591836736
103.6248299319728
103.41734693877552
103.1638775510204
103.04054421768708
102.86632653061224
102.6726530612245
102.40897959183675
102.25367346938776
102.22156462585033
102.13857142857142
102.0074149659864
101.74639455782314
101.49897959183673
101.27272108843538
101.13877551020408
100.94802721088436
100.69986394557824
100.61802721088436
100.6478231292517
100.66544217687076
100.41129251700681
100.14537414965987
99.92646258503402
99.88387755102039
99.81870748299319
99.7208843537415
99.69
99.5091156462585
99.25680272108843
99.02918367346938
98.933537414966
98.69006802721088
98.3948299319728
98.35802721088436
98.44448979591837
98.35884353741497
98.17326530612246
98.14081632653061
98.14911564625851
98.01925170068029
97.83156462585035
97.61088435374151
97.35102040816327
97.2008843537415
97.17510204081631
97.13013605442177
97.12727891156462
97.16027210884354
97.0221768707483
96.91068027210885
96.78489795918367
96.73204081632653
96.5830612244898
96.64863945578232
96.67061224489797
96.67102040816326
96.52952380952382
96.41755102040817
96.30224489795918
96.28142857142858
96.29469387755103
96.26816326530614
96.24244897959184
96.34013605442176
96.49224489795918
96.40707482993197
96.28
96.25517006802721
96.37027210884355
96.37993197278914
96.34183673469389
96.32680272108843
96.37938775510204
96.42945578231293
96.4261224489796
96.37965986394558
96.36224489795919
96.47312925170068
96.56693877551021
96.56816326530613
96.53156462585034
96.61462585034013
96.7874149659864
96.97462585034013
97.04326530612244
97.0108843537415
97.09102040816327
97.30931972789116
97.52877551020408
97.63721088435375
97.7591156462585
97.8112925170068
97.92761904761905
98.14646258503402
98.38884353741497
98.53693877551021
98.76795918367347
99.11367346938776
99.35727891156463
99.52
99.71455782312925
99.96319727891157
100.1739455782313
100.45238095238095
100.78448979591838
101.20183673469388
101.66551020408164
102.09469387755101
102.52877551020408
102.79312925170069
103.06557823129252
103.32863945578231
103.84755102040818
104.33312925170068
104.82333333333334
105.0943537414966
105.34238095238095
105.70020408163265
106.35244897959186
106.91979591836736
107.32503401360545
107.71802721088434
108.29272108843537
108.83326530612246
109.28020408163266
109.6778231292517
110.15557823129251
110.67782312925169
111.21272108843537
111.72020408163266
112.12503401360544
112.64027210884353
113.21136054421768
113.65857142857142
113.86761904761904
114.17428571428573
114.69108843537416
115.10680272108844
115.51598639455781
115.89142857142856
116.3829931972789
116.75319727891157
117.10591836734693
117.43965986394558
117.85836734693878
118.24510204081633
118.57312925170068
118.88122448979593
119.25659863945579
119.67061224489797
120.0426530612245
120.31795918367347
120.61448979591839
121.01360544217687
121.37768707482994
121.64625850340136
121.92448979591836
122.2787755102041
122.59258503401361
122.86972789115646
123.1613605442177
123.46469387755101
123.78292517006803
124.10523809523811
124.33353741496597
124.51993197278912
124.86
125.20224489795919
125.45843537414967
125.58904761904762
125.86707482993197
126.14408163265307
126.37836734693877
126.58136054421769
126.81414965986396
127.08523809523811
127.38965986394558
127.6278911564626
127.85863945578232
128.08489795918368
128.3018367346939
128.49619047619046
128.82904761904763
129.20197278911564
129.42265306122448
129.59013605442178
129.62244897959184
129.75149659863945
129.9483673469388
130.16870748299317
130.21319727891157
130.3839455782313
130.5565306122449
130.70068027210885
130.77625850340138
130.89054421768708
130.86108843537414
130.75986394557822
130.80346938775511
130.87455782312927
130.84931972789116
130.6974829931973
130.65319727891156
130.47870748299317
130.2913605442177
130.04421768707482
129.8738775510204
129.73265306122448
129.66401360544216
129.37149659863945
129.08986394557823
128.96646258503404
128.87394557823131
128.55544217687077
128.16020408163266
127.7704761904762
127.34979591836735
127.04544217687075
126.7173469387755
126.34714285714287
125.82843537414968
125.36258503401362
124.90884353741497
124.46768707482994
123.98204081632655
123.5821768707483
123.27931972789116
122.98102040816327
122.43333333333334
121.84836734693877
121.33190476190475
120.93884353741497
120.4821768707483
120.09095238095239
119.70931972789116
119.3674149659864
118.91244897959184
118.32265306122449
117.78897959183674
117.37
116.93551020408162
116.53891156462583
116.23476190476191
115.8869387755102
115.41639455782312
114.94421768707483
114.52619047619048
114.15190476190477
113.81489795918368
113.43748299319728
113.04476190476191
112.74163265306123
112.42680272108844
112.09462585034014
111.65020408163265
111.25380952380952
110.76544217687075
110.46877551020408
110.18673469387757
110.00578231292518
109.69931972789115
109.36931972789117
108.95285714285714
108.6826530612245
108.42034013605442
107.97680272108843
107.55020408163264
107.29231292517008
107.14108843537416
106.86632653061226
106.6170068027211
106.33115646258503
105.94598639455782
105.48462585034015
105.11346938775512
104.79380952380953
104.53591836734694
104.33217687074831
104.07836734693879
103.78659863945579
103.54795918367348
103.35034013605443
103.0204761904762
102.82768707482994
102.68020408163267
102.54639455782313
102.24455782312927
101.99904761904762
101.79598639455784
101.68530612244898
101.68401360544217
101.6191836734694
101.36292517006802
101.10986394557824
101.06333333333333
100.95931972789114
100.59931972789116
100.35027210884354
100.33455782312926
100.34380952380953
100.33469387755102
100.32265306122449
100.1995918367347
100.03367346938776
99.90727891156465
99.77721088435375
99.63292517006803
99.62244897959184
99.6955782312925
99.69163265306122
99.65408163265307
99.66496598639458
99.71156462585034
99.70489795918368
99.64408163265307
99.56455782312925
99.50319727891156
99.39326530612246
99.40843537414966
99.41836734693877
99.5791156462585
99.59857142857143
99.59829931972789
99.48040816326531
99.52333333333334
99.68380952380953
99.81734693877551
99.80979591836734
99.82843537414965
99.92959183673472
100.04863945578232
100.04074829931972
99.97768707482993
99.97571428571429
100.09421768707483
100.29530612244898
100.41904761904763
100.57850340136054
100.71435374149661
100.85074829931972
100.94721088435374
101.05380952380952
101.24421768707484
101.40170068027211
101.67571428571429
101.82122448979592
101.98210884353742
102.07530612244899
102.29639455782313
102.39408163265307
102.57625850340136
102.80034013605442
102.98938775510204
103.02129251700681
103.22054421768709
103.44544217687076
103.55020408163267
103.49639455782314
103.65612244897959
103.81693877551021
104.01897959183674
104.07217687074831
104.10387755102042
104.12142857142857
104.361768707483
104.62258503401361
104.76435374149659
104.83136054421769
105.04700680272109
105.29204081632653
105.54319727891158
105.69503401360544
105.89061224489797
106.15503401360546
106.42931972789115
106.6887755102041
106.84578231292517
107.1465306122449
107.36448979591839
107.5639455782313
107.63931972789118
107.79734693877552
107.9952380952381
108.13795918367347
108.35721088435373
108.58333333333333
108.80639455782313
108.92489795918368
109.09993197278912
109.33238095238096
109.55884353741499
109.84244897959184
109.93863945578231
110.02891156462584
110.11503401360544
110.33278911564625
110.4252380952381
110.4669387755102
110.6208163265306
110.9765306122449
111.31387755102041
111.50306122448978
111.70496598639455
111.92687074829932
112.2087074829932
112.43537414965986
112.57680272108844
112.81469387755102
113.14068027210885
113.34421768707483
113.52897959183674
113.69414965986395
113.81455782312925
113.87857142857143
114.14421768707484
114.45367346938775
114.81952380952382
115.10068027210886
115.47972789115646
115.94210884353741
116.38238095238094
116.67986394557823
117.04374149659864
117.42986394557823
117.92095238095237
118.43891156462584
119.03455782312926
119.45312925170067
119.8839455782313
120.33102040816327
120.87204081632655
121.36646258503403
121.9348299319728
122.49666666666667
123.12993197278912
123.81489795918368
124.57319727891158
125.24312925170068
126.04673469387755
126.72761904761904
127.4574149659864
128.24197278911566
129.21469387755104
130.2630612244898
131.40482993197278
132.59972789115648
133.77326530612245
135.1595918367347
136.7739455782313
138.41061224489798
140.125306122449
141.7991836734694
143.56319727891156
145.1782993197279
146.96605442176872
148.53476190476192
149.9991156462585
151.15721088435373
152.24319727891157
153.00836734693877
153.61061224489794
153.8073469387755
153.85122448979592
153.88102040816324
154.10068027210883
154.34183673469386
154.5873469387755
154.79244897959185
154.9877551020408
155.06020408163266
155.06061224489798
155.1812244897959
155.6095238095238
156.24850340136055
157.02353741496597
157.7956462585034
158.64938775510205
159.58891156462585
160.5648979591837
161.40639455782315
162.29734693877552
163.1374829931973
164.01986394557824
164.63129251700684
165.10197278911565
165.47108843537416
165.88557823129253
166.14789115646258
166.47136054421767
166.85680272108846
167.1451020408163
167.51258503401363
168.17965986394557
168.82102040816326
169.1212244897959
169.2017006802721
169.18197278911566
169.0513605442177
168.81761904761908
168.6082993197279
168.49959183673468
168.37074829931976
168.0938095238095
167.74448979591835
167.2039455782313
166.32945578231292
164.92285714285714
163.01156462585035
160.45482993197282
157.63272108843537
154.7573469387755
152.10306122448978
149.388231292517
146.7577551020408
144.03544217687073
141.26122448979592
138.28299319727893
135.45666666666668
132.99639455782312
130.696462585034
128.37142857142857
126.04863945578232
123.75040816326532
121.39979591836736
119.1482993197279
117.02448979591837
114.97142857142858
113.01693877551021
111.0708843537415
108.89619047619047
106.66748299319728
104.63040816326532
102.78353741496599
100.64897959183675
98.41557823129251
96.33292517006804
94.54884353741497
92.79204081632653
91.12551020408164
89.46102040816325
87.95292517006803
86.68585034013606
85.69551020408164
84.97020408163266
84.37054421768707
83.43918367346939
82.203537414966
80.80020408163264
79.32673469387755
77.62448979591838
75.83020408163267
73.91680272108844
71.96972789115647
70.05986394557819
68.20765306122442
