182.09198979591847
182.24870748299318
182.33051020408163
182.45445578231295
182.6115986394558
182.69017006802721
182.70602040816328
182.74170068027212
182.8694557823129
183.00986394557822
182.93642857142856
182.59887755102042
182.323231292517
182.14238095238096
182.05700680272108
182.00414965986397
182.1370068027211
182.3055442176871
182.43489795918367
182.35799319727892
182.16557823129253
182.01261904761907
181.901768707483
181.80595238095236
181.71448979591838
181.70891156462585
181.80234693877551
181.85656462585035
181.84098639455783
181.83343537414964
181.83384353741496
181.71350340136055
181.61275510204084
181.60411564625852
181.55768707482994
181.44551020408164
181.25595238095235
181.15346938775508
181.03445578231293
181.08697278911563
181.1681292517007
181.3600680272109
181.45098639455782
181.51534013605442
181.53251700680275
181.54578231292518
181.48397959183674
181.33952380952383
181.25659863945577
181.20187074829934
181.14180272108845
181.1192857142857
181.2377551020408
181.3677551020408
181.36755102040817
181.38948979591837
181.44479591836736
181.52074829931973
181.5460544217687
181.55064625850343
181.53289115646257
181.56241496598642
181.6230952380953
181.72479591836736
181.7370068027211
181.64329931972787
181.53224489795917
181.62282312925169
181.75295918367345
181.60227891156464
181.43357142857144
181.33840136054422
181.4653401360544
181.60857142857142
181.85656462585035
181.94261904761902
182.05795918367346
182.06911564625852
182.05833333333334
181.95554421768708
181.9039455782313
181.81404761904759
181.78670068027208
181.82710884353742
181.85755102040818
181.83479591836738
181.80578231292517
181.78445578231293
181.91697278911562
182.06826530612244
182.261462585034
182.30139455782313
182.3261904761905
182.38996598639454
182.44132653061223
182.3982993197279
182.35816326530613
182.36755102040817
182.3570068027211
182.39625850340136
182.6058163265306
182.80870748299319
182.89115646258503
182.8974829931973
182.9607142857143
183.0951360544218
183.26534013605442
183.51479591836735
183.80809523809523
184.1197619047619
184.3608163265306
184.53619047619048
184.773537414966
185.0981292517007
185.41673469387757
185.55408163265307
185.7858163265306
186.12585034013605
186.5195918367347
186.83231292517007
187.21574829931973
187.6710204081633
188.1130612244898
188.45877551020408
188.75231292517006
189.05397959183674
189.35108843537412
189.5734013605442
189.75965986394561
190.03867346938776
190.3931632653061
190.7123469387755
190.9749319727891
191.29431972789115
191.62217687074832
191.90163265306126
192.23479591836735
192.69666666666666
193.18125850340132
193.63632653061225
194.08350340136053
194.56622448979593
194.96670068027214
195.44710884353748
195.84421768707483
196.3584013605442
196.86568027210885
197.48054421768708
197.90901360544217
198.35993197278913
198.86343537414967
199.41914965986396
199.8774829931973
200.33374149659863
200.7684693877551
201.25316326530614
201.65928571428572
202.14146258503402
202.66357142857143
203.25455782312926
203.73200680272112
204.17149659863946
204.66874149659864
205.2111904761905
205.71782312925168
206.29925170068026
206.91387755102042
207.5223129251701
208.0313945578231
208.62425170068025
209.1893197278912
209.76792517006805
210.21955782312926
210.7428231292517
211.25595238095238
211.86448979591836
212.43591836734691
213.0971088435374
213.65755102040816
214.16925170068026
214.6610544217687
215.29115646258504
215.87717687074831
216.4584013605442
216.95044217687078
217.52323129251704
218.10741496598638
218.76299319727892
219.38799319727894
220.0317006802721
220.56741496598642
221.0770068027211
221.56976190476192
222.13149659863947
222.65367346938777
223.2234693877551
223.77860544217685
224.3369387755102
224.86421768707487
225.32027210884357
225.70367346938775
226.14676870748298
226.6363605442177
227.0971088435374
227.48268707482993
227.90938775510202
228.3485714285714
228.76278911564629
229.0704081632653
229.38632653061225
229.7368367346939
230.08139455782316
230.3257142857143
230.562925170068
230.79510204081635
231.035
231.30377551020408
231.55894557823132
231.72122448979593
231.85408163265305
232.0158163265306
232.22221088435376
232.38850340136057
232.57020408163265
232.6314285714286
232.71384353741496
232.8098299319728
232.9623469387755
232.9710544217687
232.98666666666665
232.99193877551022
233.01520408163267
233.02034013605441
233.02867346938777
232.97880952380956
232.91170068027213
232.8449319727891
232.77363945578233
232.67962585034013
232.58020408163267
232.44642857142858
232.29714285714286
232.16309523809525
232.01312925170066
231.79387755102042
231.53979591836733
231.32816326530613
231.15350340136055
230.9539455782313
230.73027210884356
230.50316326530614
230.21231292517007
229.88336734693877
229.53017006802722
229.27918367346942
229.01738095238096
228.68775510204085
228.30153061224493
227.99190476190478
227.72010204081636
227.39234693877552
227.0254761904762
226.61952380952383
226.2233673469388
225.8605442176871
225.5270068027211
225.1202380952381
224.71139455782316
224.3020068027211
223.8912925170068
223.48394557823127
223.06741496598642
222.68037414965988
222.24632653061224
221.8581292517007
221.4651020408163
221.05112244897958
220.59081632653061
220.1899319727891
219.82445578231292
219.44061224489798
219.0572448979592
218.7024149659864
218.31632653061223
217.93353741496597
217.57908163265307
217.2935714285714
217.0204081632653
216.7354761904762
216.40479591836737
216.07136054421767
215.79938775510203
215.57670068027213
215.33251700680273
215.11819727891157
214.88755102040818
214.65673469387752
214.39125850340136
214.20996598639456
214.089693877551
213.98819727891157
213.7948979591837
213.65040816326533
213.52738095238095
213.44333333333333
213.283537414966
213.17666666666668
213.0131632653061
212.9265306122449
212.93935374149657
212.8978911564626
212.8508163265306
212.81493197278917
212.8638775510204
212.86370748299322
212.9102380952381
212.9533673469388
213.00299319727893
212.96503401360545
212.93615646258505
212.96534013605444
213.0655442176871
213.05078231292518
213.0176530612245
213.05731292517004
213.1257142857143
213.12057823129254
213.05778911564624
213.07591836734693
213.14704081632652
213.213843537415
213.22323129251703
213.30581632653065
213.32139455782314
213.32697278911564
213.28486394557822
213.32591836734696
213.32312925170072
213.38710884353745
213.43455782312924
213.48517006802723
213.4517006802721
213.44806122448978
213.44085034013608
213.43387755102043
213.4224149659864
213.4563605442177
213.51292517006803
213.55778911564624
213.542380952381
213.4842517006803
213.4308503401361
213.4520068027211
213.45020408163265
213.44884353741497
213.42187074829934
213.38187074829932
213.3757142857143
213.42568027210885
213.46670068027214
213.4695918367347
213.46319727891157
213.43785714285715
213.3627210884354
213.29023809523807
213.2616666666667
213.2088775510204
213.20510204081634
213.27047619047622
213.36119047619047
213.3224829931973
213.2606462585034
213.20333333333338
213.18295918367346
213.09877551020406
213.03003401360544
212.98231292517005
212.99840136054422
213.01993197278912
213.00891156462586
212.988537414966
213.004693877551
213.02166666666668
212.98231292517008
212.8668367346939
212.77445578231294
212.73714285714289
212.75829931972788
212.71551020408162
212.61448979591836
212.61510204081634
212.59261904761905
212.540306122449
212.43295918367346
212.35261904761904
212.23877551020408
212.15921768707483
212.0847278911565
212.06261904761908
212.08323129251704
212.06510204081633
211.93448979591838
211.7995918367347
211.6978911564626
211.64646258503404
211.57527210884354
211.47619047619048
211.33874149659866
211.26462585034014
211.2254081632653
211.18517006802722
211.12200680272107
211.005
210.9639455782313
210.91867346938778
210.92544217687075
210.81602040816327
210.6591836734694
210.46476190476193
210.38714285714286
210.32486394557827
210.16044217687073
210.03428571428572
209.9887074829932
209.9571088435374
209.83081632653062
209.71425170068028
209.4994557823129
209.34816326530614
209.13207482993198
209.04170068027213
208.96187074829933
208.915306122449
208.67530612244894
208.54346938775512
208.43272108843536
208.27680272108844
208.06863945578232
207.9598979591837
207.86037414965986
207.69880952380953
207.49704081632655
207.23530612244897
207.04911564625849
206.88510204081635
206.73680272108845
206.5723469387755
206.44585034013608
206.2649319727891
206.03544217687076
205.85156462585036
205.72986394557824
205.58537414965988
205.33857142857144
205.09401360544217
204.84860544217685
204.67404761904766
204.5045578231293
204.32397959183675
204.02738095238095
203.72248299319727
203.5132993197279
203.41061224489795
203.16377551020406
202.84608843537413
202.5552380952381
202.31238095238095
201.99901360544217
201.73231292517005
201.4560544217687
201.07955782312925
200.7864285714286
200.55765306122453
200.32925170068026
200.03397959183673
199.78914965986394
199.5240476190476
199.2206462585034
198.97037414965985
198.7273129251701
198.48642857142858
198.15826530612242
197.83268707482995
197.49887755102037
197.17639455782313
196.87387755102043
196.5897619047619
196.33891156462585
196.10068027210883
195.88554421768708
195.54153061224488
195.19676870748302
194.91656462585033
194.61214285714283
194.225
193.80598639455783
193.44482993197278
193.05414965986395
192.74670068027208
192.41938775510204
192.10891156462583
191.80925170068028
191.5052380952381
191.25268707482994
190.94119047619049
190.61363945578233
190.30520408163267
190.08891156462585
189.8025850340136
189.40506802721092
189.0407142857143
188.7847619047619
188.50636054421767
188.1212925170068
187.71663265306125
187.35051020408164
187.0684693877551
186.78421768707483
186.4655782312925
186.03969387755103
185.7345918367347
185.4265306122449
185.10564625850338
184.75925170068027
184.44204081632654
184.06721088435376
183.69833333333335
183.3539115646259
183.06017006802722
182.7051020408163
182.2786054421769
181.84231292517006
181.51877551020408
181.2034013605442
180.89258503401362
180.52142857142857
180.14897959183673
179.69272108843538
179.24853741496597
178.83632653061227
178.5276530612245
178.18197278911566
177.8717006802721
177.55251700680273
177.1476530612245
176.63163265306125
176.20068027210885
175.8700680272109
175.52707482993196
175.1215646258503
174.67309523809524
174.19608843537415
173.73285714285714
173.23299319727892
172.7978231292517
172.39782312925172
172.04061224489797
171.64982993197282
171.215
170.83969387755104
170.5441156462585
170.1873469387755
169.6628911564626
169.15125850340138
168.74044217687077
168.30285714285716
167.8784693877551
167.4929931972789
167.18367346938777
166.7115306122449
166.23340136054424
165.68751700680272
165.3854761904762
164.98431972789115
164.49125850340135
163.96931972789116
163.57170068027213
163.24238095238098
162.8163605442177
162.37877551020404
161.89595238095237
161.48295918367347
161.0201020408163
160.55666666666667
160.16721088435375
159.86724489795918
159.48574829931974
159.0031632653061
158.52608843537416
158.13568027210886
157.79350340136057
157.43115646258502
157.00738095238097
156.67727891156466
156.33700680272108
156.01530612244898
155.64632653061224
155.27778911564627
154.85187074829932
154.50914965986394
154.19972789115647
153.79149659863947
153.3455782312925
152.99244897959184
152.69802721088433
152.34982993197278
151.96982993197278
151.65149659863948
151.3488095238095
151.03853741496602
150.67642857142857
150.30302721088435
149.9384693877551
149.64
149.3358843537415
148.95646258503402
148.5261224489796
148.17761904761903
147.86442176870747
147.6015986394558
147.37527210884355
147.03452380952382
146.63989795918366
146.19431972789116
145.90802721088434
145.56309523809526
145.33190476190478
144.93391156462587
144.57850340136056
144.21193877551022
143.9415306122449
143.54003401360544
143.22418367346938
142.97887755102042
142.73384353741497
142.40758503401364
142.09904761904764
141.82874149659864
141.57795918367347
141.3190136054422
141.02925170068028
140.6789455782313
140.43656462585034
140.13557823129253
139.79897959183674
139.44431972789116
139.1409523809524
138.86401360544218
138.55057823129252
138.2857142857143
137.9265306122449
137.59023809523808
137.16979591836733
136.91057823129253
136.70816326530613
136.49244897959184
136.18833333333333
135.86261904761903
135.5351700680272
135.18350340136055
134.83146258503405
134.4795918367347
134.11962585034013
133.90850340136052
133.72302721088434
133.50442176870752
133.13360544217687
132.7815306122449
132.48183673469387
132.2097619047619
131.86187074829934
131.55020408163267
131.3124829931973
130.9795918367347
130.50809523809522
130.10877551020408
129.7821088435374
129.43809523809523
129.08326530612246
128.7386394557823
128.46132653061224
128.2325170068027
127.8862925170068
127.57091836734693
127.34374149659864
127.0312925170068
126.58751700680271
126.2134693877551
126.02493197278913
125.82299319727892
125.53826530612245
125.13986394557824
124.86091836734695
124.61520408163267
124.30938775510205
124.01261904761905
123.79255102040815
123.54976190476191
123.25170068027211
122.93680272108843
122.62792517006804
122.36897959183673
122.15193877551022
121.89285714285715
121.58863945578231
121.26285714285714
120.96982993197278
120.718537414966
120.44591836734695
120.25224489795917
119.95057823129251
119.74333333333334
119.55598639455783
119.42863945578233
119.10438775510204
118.905
118.7786394557823
118.6931292517007
118.48595238095238
118.24965986394558
117.99377551020409
117.74037414965989
117.5089455782313
117.29357142857143
117.12908163265305
116.89255102040816
116.71884353741497
116.5672448979592
116.32085034013606
116.02268707482993
115.7315306122449
115.57397959183675
115.44275510204083
115.31224489795919
115.06102040816327
114.83268707482995
114.776768707483
114.72860544217687
114.4909523809524
114.32384353741499
114.2298299319728
114.09074829931974
113.89122448979593
113.80551020408163
113.75727891156464
113.56350340136055
113.35578231292517
113.20952380952382
113.2669387755102
113.28149659863946
113.13030612244897
112.95758503401362
112.78340136054422
112.6378231292517
112.42353741496599
112.2128911564626
112.0495918367347
112.0298299319728
112.01632653061225
112.01860544217688
111.94503401360545
111.77054421768707
111.59421768707483
111.62738095238095
111.67285714285714
111.56462585034014
111.37812925170068
111.25285714285714
111.17132653061225
111.04880952380954
110.88384353741498
110.81857142857143
110.90710884353742
110.9737074829932
110.82295918367348
110.67309523809526
110.66683673469389
110.63343537414966
110.58299319727891
110.58500000000001
110.6125850340136
110.56738095238096
110.57091836734695
110.57397959183675
110.5324149659864
110.51925170068029
110.51666666666668
110.52414965986395
110.62306122448979
110.6555442176871
110.64367346938776
110.62329931972789
110.6758843537415
110.6811224489796
110.66914965986395
110.69214285714287
110.74081632653062
110.89666666666666
111.00693877551019
111.10183673469388
111.09187074829933
111.09819727891156
111.22224489795917
111.43622448979592
111.53122448979593
111.53030612244898
111.48897959183674
111.52319727891157
111.60486394557824
111.8508163265306
112.02353741496597
112.18972789115647
112.31469387755102
112.46836734693878
112.60772108843538
112.80942176870748
113.08806122448979
113.32639455782314
113.54037414965987
113.62687074829934
113.721768707483
113.90360544217688
114.39142857142856
114.84629251700682
115.14948979591837
115.28414965986394
115.49010204081632
115.81727891156464
116.11646258503401
116.49312925170068
116.87132653061225
117.33809523809525
117.73051020408163
118.16380952380953
118.50833333333334
118.93530612244899
119.35227891156462
119.83962585034013
120.3036394557823
120.79380952380953
121.09299319727891
121.45136054421769
121.9761224489796
122.57391156462583
122.99428571428571
123.43625850340136
123.83527210884355
124.32108843537416
124.74996598639456
125.28989795918368
125.85520408163266
126.45945578231294
126.8980612244898
127.3455782312925
127.83670068027212
128.22295918367348
128.57979591836735
129.10704081632653
129.62391156462584
130.04054421768708
130.4722448979592
130.9793537414966
131.40282312925171
131.7441836734694
132.1029931972789
132.5221088435374
133.00761904761904
133.48717687074827
133.9399319727891
134.3380612244898
134.69163265306122
134.99285714285716
135.30608843537414
135.63476190476192
136.03874149659865
136.45639455782313
136.86860544217686
137.18656462585034
137.5113605442177
137.79595238095237
138.15149659863945
138.4967006802721
138.80244897959184
139.11656462585034
139.45857142857145
139.78537414965987
140.0432993197279
140.3611224489796
140.60857142857142
140.84034013605446
141.10931972789118
141.34772108843538
141.54397959183672
141.748231292517
142.0041156462585
142.29826530612246
142.5807142857143
142.8731972789116
143.08207482993197
143.25598639455782
143.3928911564626
143.64982993197282
143.9645918367347
144.17785714285714
144.30704081632655
144.49697278911566
144.82193877551018
145.07683673469387
145.31778911564624
145.4760544217687
145.69537414965987
145.79153061224488
145.8976530612245
146.03428571428572
146.22816326530614
146.31880952380953
146.34615646258504
146.4923469387755
146.67874149659866
146.7904761904762
146.72670068027213
146.74248299319729
146.8062925170068
146.83884353741496
146.75282312925168
146.65639455782315
146.5707142857143
146.60397959183678
146.60238095238097
146.46193877551022
146.18136054421768
145.97006802721089
145.74034013605444
145.5477210884354
145.37520408163266
145.153537414966
144.9152380952381
144.71874149659868
144.5191156462585
144.30292517006802
143.90901360544217
143.4075850340136
142.9561904761905
142.70700680272108
142.46476190476193
142.14074829931974
141.78744897959183
141.41765306122448
140.90462585034015
140.32448979591837
139.8280612244898
139.4710544217687
139.10006802721088
138.60268707482993
138.1505782312925
137.7919387755102
137.44914965986396
137.01455782312925
136.67775510204086
136.33761904761906
135.89829931972793
135.3821768707483
134.80159863945582
134.28751700680274
133.80088435374148
133.52414965986395
133.18962585034015
132.87136054421768
132.43333333333337
131.9928231292517
131.51602040816329
131.08278911564628
130.6628911564626
130.1931632653061
129.76710884353741
129.4557142857143
129.23874149659866
128.9910544217687
128.61217687074833
128.24309523809524
127.95411564625851
127.6452380952381
127.3079931972789
127.04431972789115
126.78159863945578
126.44210884353743
126.09836734693879
125.7024149659864
125.37755102040816
125.05384353741498
124.77608843537416
124.47942176870748
124.20173469387755
123.97738095238095
123.68534013605442
123.31030612244899
122.94414965986395
122.67591836734695
122.36887755102042
121.99200680272108
121.69840136054422
121.41363945578232
121.14574829931973
120.96585034013606
120.80414965986394
120.48557823129251
119.96244897959184
119.61493197278912
119.49506802721089
119.36571428571429
119.07789115646258
118.91248299319729
118.86486394557822
118.68027210884352
118.40479591836734
118.27343537414966
118.14360544217686
117.85187074829932
117.62278911564627
117.52615646258504
117.41408163265308
117.17095238095237
116.99295918367348
116.87887755102042
116.87996598639457
116.83503401360545
116.66938775510204
116.53068027210885
116.46557823129251
116.33020408163266
116.1
116.07258503401361
116.0262925170068
116.04309523809525
116.04608843537414
116.08312925170068
115.95904761904762
115.93316326530612
115.84585034013605
115.76680272108844
115.77333333333333
115.851462585034
115.78700680272108
115.715
115.6143537414966
115.6938775510204
115.8081292517007
115.85761904761905
115.76738095238095
115.76608843537414
115.88673469387754
115.91142857142857
115.89326530612244
115.87146258503402
115.83921768707484
115.82295918367348
115.89292517006803
116.03095238095239
116.11251700680273
116.14663265306123
116.13265306122449
116.18238095238095
116.32285714285715
116.47761904761906
116.52513605442178
116.65874149659865
116.89901360544218
117.09180272108843
117.2143537414966
117.30751700680273
117.45431972789117
117.58659863945579
117.7520068027211
117.9467006802721
118.16241496598639
118.39568027210885
118.51462585034014
118.64969387755102
118.73418367346939
118.92319727891156
118.98197278911564
118.9941836734694
119.06455782312926
119.23360544217687
119.35268707482993
119.54064625850339
119.75034013605442
119.88340136054423
119.89469387755102
119.99605442176872
120.04540816326531
120.25401360544218
120.46870748299321
120.58880952380953
120.62768707482994
120.7610544217687
120.91006802721088
121.03204081632653
121.23258503401361
121.48292517006803
121.74238095238096
121.99047619047619
122.26979591836735
122.43948979591839
122.60418367346941
122.77350340136056
122.98850340136053
123.14530612244899
123.38272108843537
123.6997619047619
123.92799319727891
124.05115646258504
124.17292517006804
124.30085034013605
124.46462585034014
124.5771768707483
124.81278911564625
124.93210884353742
125.05489795918369
125.03204081632653
125.19670068027212
125.26523809523809
125.43724489795919
125.61795918367346
125.92840136054423
126.12551020408162
126.27438775510205
126.3958843537415
126.61751700680273
126.77238095238096
126.88935374149659
127.07860544217688
127.34326530612245
127.54374149659864
127.7830612244898
127.9697619047619
128.13880952380953
128.3205442176871
128.51268707482996
128.67795918367347
128.9328911564626
129.2327551020408
129.44727891156464
129.72350340136055
130.01901360544218
130.2745238095238
130.50125850340135
130.84374149659865
131.15649659863948
131.483843537415
131.88132653061226
132.3302380952381
132.68799319727893
133.02081632653062
133.46891156462584
134.02585034013606
134.60017006802724
135.11095238095237
135.4574149659864
135.9567006802721
136.5734013605442
137.28452380952382
137.86588435374154
138.45207482993197
139.00843537414966
139.70132653061225
140.46431972789117
141.34996598639458
142.1405442176871
143.0657823129252
144.12540816326532
145.34312925170067
146.61146258503402
148.00391156462587
149.4229931972789
150.85721088435375
152.313231292517
153.78190476190474
155.12700680272107
156.40404761904762
157.50880952380953
158.39343537414967
159.34448979591838
160.2808843537415
161.10840136054424
161.63309523809525
162.08224489795919
162.3965306122449
162.61918367346942
162.7473129251701
162.8715306122449
163.145
163.49207482993197
163.85438775510204
163.99775510204083
164.16034013605443
164.3606462585034
164.73095238095237
165.01479591836735
165.29989795918368
165.61421768707484
166.15704081632651
166.8912244897959
167.70744897959182
168.40391156462584
168.9320068027211
169.37615646258507
169.928843537415
170.443231292517
170.73462585034014
170.83673469387756
170.9828231292517
171.193231292517
171.40044217687077
171.65170068027209
171.95731292517007
172.29517006802723
172.81506802721088
173.1947619047619
173.34428571428572
173.3534693877551
173.44517006802724
173.4080612244898
173.32306122448978
173.15027210884355
172.66085034013605
172.01731292517007
171.49578231292517
170.95445578231292
170.10272108843537
169.06884353741498
167.74312925170068
165.98023809523812
163.94812925170072
161.87489795918367
159.67863945578233
157.39156462585032
155.07435374149662
152.6445918367347
149.8522789115646
147.12156462585034
144.43411564625853
142.0113945578231
139.79782312925173
137.7783673469388
135.71367346938774
133.5844897959184
131.57904761904763
129.56391156462587
127.71455782312925
126.07367346938776
124.71972789115645
123.23224489795919
121.57408163265306
119.77472789115647
118.18095238095238
116.64659863945579
115.0387074829932
113.30704081632653
111.48663265306124
109.5274149659864
107.7054081632653
106.06816326530613
104.67598639455781
103.05384353741498
101.60758503401362
100.42476190476191
99.56918367346938
98.79034013605443
97.9767006802721
97.02438775510205
95.73663265306124
94.28891156462586
92.77972789115647
91.14404761904763
89.23642857142858
87.02350340136056
84.96748299319728
83.10778911564621
81.08227891156457
