165.2800680272109
165.4202040816326
165.48517006802723
165.63510204081632
165.76707482993197
165.62462585034012
165.30455782312927
165.17585034013604
165.2738775510204
165.36986394557823
165.3531292517007
165.21129251700683
164.99462585034013
164.74904761904762
164.64979591836737
164.61115646258503
164.6112925170068
164.71020408163267
164.77489795918368
164.77510204081634
164.63802721088436
164.56489795918367
164.44408163265308
164.34006802721092
164.28129251700682
164.3106802721088
164.35863945578234
164.3855782312925
164.3948979591837
164.38557823129253
164.4061904761905
164.45374149659864
164.42061224489797
164.32979591836738
164.14768707482995
164.126462585034
164.11707482993197
164.0231292517007
163.78149659863948
163.7968707482993
164.03585034013605
164.34394557823128
164.58047619047622
164.75789115646262
164.81156462585034
164.83306122448982
164.69857142857143
164.5438775510204
164.44238095238094
164.49591836734692
164.485306122449
164.43938775510208
164.47285714285715
164.54904761904763
164.5751700680272
164.63829931972788
164.7034013605442
164.6956462585034
164.6555782312925
164.68360544217688
164.67578231292518
164.61727891156463
164.615306122449
164.79197278911568
164.9355782312925
165.05095238095237
165.03986394557825
164.92625850340136
164.72802721088436
164.58122448979594
164.47931972789115
164.38013605442177
164.3692517006803
164.4369387755102
164.46074829931973
164.47013605442177
164.55374149659863
164.66619047619048
164.72687074829932
164.74857142857144
164.74496598639456
164.58149659863946
164.35571428571427
164.21346938775508
164.20537414965986
164.19544217687076
164.2263945578231
164.25625850340137
164.3769387755102
164.47768707482993
164.61727891156463
164.647074829932
164.68585034013608
164.78408163265306
164.88659863945577
164.92693877551022
164.85843537414968
164.79639455782313
164.74401360544218
164.77108843537417
164.83068027210888
164.89421768707484
164.925306122449
164.95326530612246
165.02292517006802
165.19448979591834
165.42544217687075
165.64578231292518
165.87986394557822
166.2204761904762
166.51653061224488
166.84680272108844
167.2514285714286
167.71482993197282
167.99891156462587
168.16870748299317
168.46503401360545
168.83918367346936
169.16285714285715
169.32986394557824
169.60034013605443
169.90244897959184
170.19659863945577
170.45680272108845
170.83625850340138
171.28918367346938
171.69190476190477
171.93136054421768
172.16442176870748
172.47326530612244
172.67625850340136
172.83666666666664
173.08693877551022
173.44408163265305
173.7374829931973
174.07999999999998
174.39632653061224
174.76591836734696
175.11244897959182
175.45068027210883
175.81517006802721
176.40204081632652
177.12489795918367
177.70843537414964
178.1305442176871
178.51394557823127
178.97034013605443
179.46190476190478
179.91850340136057
180.37959183673468
180.73346938775512
181.24142857142857
181.76476190476188
182.24585034013606
182.45836734693876
182.6640136054422
182.9974149659864
183.63238095238097
184.3182993197279
184.96857142857144
185.528231292517
186.14367346938775
186.8329931972789
187.73462585034017
188.61523809523808
189.56979591836733
190.4004081632653
191.28054421768707
192.02462585034016
192.76244897959185
193.3014965986395
193.9695918367347
194.7281632653061
195.51360544217687
196.2214285714286
196.9463945578231
197.70591836734695
198.52510204081634
199.3922448979592
200.23156462585035
201.06462585034015
201.90714285714284
202.75612244897962
203.5636054421769
204.4112925170068
205.2922448979592
206.20238095238093
207.1157823129252
208.02598639455783
208.93367346938777
209.85102040816324
210.81625850340137
211.70809523809527
212.46639455782315
213.22292517006804
214.03659863945575
214.89544217687074
215.71863945578232
216.53326530612244
217.2942857142857
218.00659863945577
218.7704081632653
219.48802721088435
220.1321768707483
220.73768707482992
221.40448979591835
222.10721088435375
222.67367346938778
223.13714285714286
223.61292517006802
224.13326530612244
224.63333333333335
225.09163265306123
225.59210884353743
225.9961904761905
226.4230612244898
226.80489795918368
227.22183673469385
227.5312925170068
227.81897959183675
228.05551020408166
228.3501360544218
228.6000680272109
228.80455782312924
228.96761904761905
229.1630612244898
229.37809523809523
229.61707482993194
229.76503401360543
229.843537414966
229.8695238095238
229.95523809523812
230.0708843537415
230.18231292517007
230.18312925170068
230.18721088435376
230.16911564625852
230.08707482993196
229.98748299319732
229.97272108843538
229.94115646258504
229.80040816326533
229.6287074829932
229.45149659863947
229.30414965986395
229.13489795918372
228.97428571428574
228.74455782312924
228.48231292517008
228.20489795918368
227.92455782312925
227.63687074829932
227.35938775510203
227.04605442176873
226.69068027210884
226.31204081632654
225.98591836734693
225.61401360544218
225.16687074829932
224.74163265306123
224.38163265306122
223.97809523809525
223.5005442176871
223.00979591836736
222.55619047619047
222.08476190476188
221.581768707483
221.04911564625849
220.56374149659865
220.06938775510207
219.51326530612246
218.97693877551023
218.52115646258505
218.04231292517005
217.45591836734695
216.90632653061226
216.41795918367347
215.96319727891157
215.37714285714287
214.86190476190478
214.36721088435377
213.91979591836736
213.40823129251703
212.98993197278912
212.5852380952381
212.20605442176873
211.7640136054422
211.30265306122448
210.87068027210884
210.53761904761907
210.2156462585034
209.87448979591838
209.5368707482993
209.21190476190478
208.97163265306122
208.74809523809526
208.42972789115646
208.07319727891158
207.83585034013606
207.69020408163266
207.54102040816326
207.378231292517
207.20292517006803
207.0473469387755
206.91000000000003
206.73455782312925
206.51027210884354
206.40428571428572
206.42204081632653
206.4634013605442
206.44163265306122
206.47088435374152
206.46217687074832
206.4357823129252
206.46482993197282
206.56006802721086
206.59176870748303
206.63775510204084
206.72911564625852
206.73931972789117
206.7183673469388
206.7563945578231
206.8382993197279
206.84823129251703
206.9208163265306
207.1052380952381
207.17095238095237
207.10414965986396
207.06455782312926
207.16673469387757
207.30564625850343
207.47836734693877
207.54197278911565
207.51204081632653
207.5404761904762
207.64925170068025
207.65013605442178
207.6269387755102
207.69979591836733
207.89843537414967
207.98993197278912
207.94687074829932
207.94448979591837
208.0880952380952
208.1665986394558
208.0908843537415
208.0273469387755
208.08244897959185
208.1678231292517
208.2434693877551
208.27551020408166
208.3226530612245
208.3129931972789
208.3444217687075
208.30394557823132
208.32231292517008
208.25802721088436
208.28925170068027
208.29653061224488
208.401768707483
208.4399319727891
208.51625850340136
208.47122448979593
208.4003401360544
208.31210884353743
208.33639455782313
208.35115646258504
208.3591836734694
208.32122448979592
208.31829931972788
208.30020408163264
208.2393877551021
208.2378231292517
208.2648299319728
208.25544217687076
208.1509523809524
208.12238095238098
208.10945578231292
208.09748299319727
208.0969387755102
208.13823129251702
208.17904761904762
208.18462585034013
208.15945578231293
208.10823129251702
208.0247619047619
207.98965986394558
207.94591836734696
207.89612244897958
207.78972789115647
207.7236054421769
207.65591836734694
207.65374149659866
207.65176870748303
207.571768707483
207.4347619047619
207.3639455782313
207.3395238095238
207.29163265306124
207.21632653061224
207.1765986394558
207.10680272108846
206.9838095238095
206.84857142857143
206.78857142857143
206.70925170068026
206.57156462585036
206.44496598639458
206.3821768707483
206.30795918367346
206.2068707482993
206.12551020408165
206.05591836734692
205.97557823129253
205.96115646258505
205.91741496598638
205.75183673469388
205.4984353741497
205.40326530612248
205.3857142857143
205.27421768707484
205.0648979591837
204.90469387755104
204.83367346938775
204.7616326530612
204.63823129251702
204.48197278911564
204.31299319727893
204.10598639455782
203.91122448979593
203.78863945578232
203.70673469387756
203.60523809523812
203.42789115646258
203.19850340136054
203.0159863945578
202.90190476190475
202.76244897959182
202.56408163265303
202.38755102040815
202.1887755102041
202.02789115646257
201.8647619047619
201.64115646258503
201.35775510204084
201.1194557823129
200.96775510204083
200.84680272108847
200.6765986394558
200.417074829932
200.19496598639458
200.00816326530617
199.771768707483
199.48551020408166
199.16190476190476
198.89108843537417
198.70605442176873
198.57204081632653
198.3793197278912
198.1484353741497
197.86510204081634
197.54877551020408
197.31142857142856
197.12394557823131
196.83829931972792
196.40680272108847
196.04068027210886
195.8157142857143
195.57034013605443
195.21068027210885
194.93517006802722
194.68965986394556
194.43204081632655
194.12387755102043
193.86843537414967
193.62435374149663
193.35979591836733
193.01272108843534
192.67374149659864
192.38129251700684
192.06748299319727
191.67163265306124
191.3879591836735
191.1678231292517
190.90142857142857
190.55244897959187
190.2426530612245
189.95707482993197
189.69217687074834
189.35857142857145
189.0191836734694
188.72721088435375
188.52312925170068
188.23353741496598
187.85591836734693
187.43054421768707
187.03496598639455
186.62768707482996
186.25918367346938
185.98979591836735
185.83068027210885
185.57530612244898
185.22734693877553
184.80945578231297
184.4714285714286
184.09102040816325
183.74251700680273
183.45496598639454
183.22585034013608
182.88210884353742
182.40897959183673
182.08931972789117
181.79843537414968
181.51721088435374
181.1371428571429
180.7612925170068
180.38455782312926
180.01823129251702
179.70462585034016
179.39775510204083
179.13455782312926
178.75102040816327
178.374693877551
178.02891156462584
177.7043537414966
177.33476190476188
176.95925170068028
176.51809523809524
176.0582993197279
175.64632653061224
175.24727891156462
174.8304081632653
174.46238095238095
174.1004761904762
173.76190476190476
173.36619047619047
172.96721088435376
172.45605442176873
172.0565306122449
171.67224489795922
171.37074829931973
170.9047619047619
170.51421768707485
170.05231292517007
169.6404761904762
169.1395918367347
168.77877551020413
168.41442176870748
168.06809523809525
167.5763945578231
167.068231292517
166.57775510204084
166.1736054421769
165.7640136054422
165.2978231292517
164.78292517006804
164.32945578231292
163.93551020408165
163.44340136054421
162.99421768707484
162.5600680272109
162.13537414965984
161.61768707482995
161.22897959183672
160.733537414966
160.21421768707484
159.6699319727891
159.29517006802718
158.9208163265306
158.48326530612246
157.98571428571427
157.52476190476193
157.09687074829935
156.6177551020408
156.10530612244898
155.58251700680273
155.11687074829933
154.7108843537415
154.398231292517
153.92544217687075
153.3714285714286
152.87428571428575
152.4057142857143
151.91993197278913
151.44938775510207
151.16000000000003
150.74496598639456
150.33598639455784
149.94707482993195
149.5387074829932
149.04598639455781
148.53755102040816
148.27680272108842
147.92163265306124
147.48965986394558
147.01931972789117
146.68625850340135
146.247074829932
145.9042857142857
145.62537414965985
145.24959183673468
144.80224489795918
144.37265306122447
144.04054421768708
143.55496598639456
143.08292517006802
142.62428571428572
142.3300680272109
142.0078231292517
141.71884353741495
141.35979591836735
141.00360544217688
140.61081632653062
140.30544217687077
139.94537414965987
139.59367346938774
139.25530612244899
138.92367346938775
138.5500680272109
138.1787074829932
137.96952380952382
137.60455782312926
137.14353741496598
136.70238095238096
136.30632653061224
135.83034013605442
135.42891156462585
135.08489795918368
134.79707482993197
134.44265306122452
134.03176870748302
133.50142857142856
133.1934693877551
132.88
132.4369387755102
131.9129931972789
131.57843537414965
131.27625850340138
130.90238095238095
130.51544217687075
130.1843537414966
129.8630612244898
129.47680272108846
128.99877551020407
128.47353741496596
128.06442176870746
127.61598639455782
127.25986394557823
126.94952380952381
126.55074829931974
126.02659863945578
125.59251700680274
125.29054421768707
124.96421768707482
124.61421768707484
124.25727891156464
124.00877551020409
123.68700680272109
123.28544217687075
122.87598639455783
122.56013605442178
122.26197278911565
121.94591836734693
121.6082993197279
121.2204081632653
120.92489795918368
120.56809523809522
120.20285714285714
119.8552380952381
119.55312925170068
119.18734693877552
118.83775510204082
118.46115646258504
118.0765306122449
117.72204081632654
117.40653061224491
117.1134693877551
116.80795918367347
116.46292517006802
116.05979591836736
115.67693877551021
115.35129251700681
115.09496598639456
114.80244897959184
114.48285714285716
114.17945578231293
113.90231292517007
113.58006802721087
113.25503401360544
112.9312925170068
112.59748299319729
112.2326530612245
111.84945578231293
111.5687074829932
111.36517006802721
111.03585034013605
110.74775510204083
110.55857142857144
110.34374149659864
109.96217687074831
109.59802721088435
109.3834693877551
109.1183673469388
108.86408163265307
108.59455782312926
108.31115646258503
107.99877551020407
107.74598639455783
107.52401360544218
107.26727891156463
107.14278911564627
106.99238095238096
106.67870748299322
106.35462585034014
106.14945578231294
105.96979591836734
105.70136054421769
105.54312925170068
105.37557823129251
105.2012244897959
104.8677551020408
104.65931972789116
104.41442176870748
104.16707482993198
103.80993197278912
103.61972789115647
103.51904761904761
103.31816326530614
102.97619047619047
102.80401360544218
102.67891156462585
102.48462585034014
102.27884353741497
102.24326530612245
102.04333333333334
101.82115646258504
101.63748299319728
101.46170068027212
101.26727891156463
101.20965986394559
101.09360544217687
100.83210884353741
100.65836734693877
100.67122448979592
100.61795918367346
100.48360544217687
100.24156462585034
100.04911564625851
99.96986394557824
99.90816326530613
99.72748299319728
99.57748299319728
99.47619047619048
99.27809523809523
99.01666666666665
98.89843537414967
98.79197278911566
98.68931972789115
98.4851700680272
98.46965986394557
98.41897959183673
98.34598639455783
98.1904081632653
98.19380952380953
98.13727891156464
97.88244897959184
97.61000000000001
97.52435374149658
97.46374149659864
97.21380952380953
96.9944217687075
96.97163265306122
97.03190476190477
96.99727891156462
96.86421768707483
96.71435374149661
96.73476190476191
96.73775510204082
96.64414965986394
96.52700680272108
96.58755102040817
96.52394557823132
96.42163265306122
96.36795918367348
96.38360544217689
96.29965986394558
96.30312925170068
96.40081632653062
96.4621768707483
96.41843537414965
96.35183673469388
96.2712925170068
96.25666666666666
96.30714285714285
96.31904761904761
96.35748299319728
96.42285714285714
96.38265306122449
96.38857142857144
96.45551020408163
96.49204081632652
96.44462585034015
96.58489795918368
96.74972789115645
96.71442176870748
96.61585034013605
96.5708843537415
96.70605442176871
96.84904761904761
96.97455782312926
97.02925170068028
97.09204081632653
97.1600680272109
97.35938775510205
97.62340136054422
97.86183673469388
97.94455782312924
98.11673469387755
98.30272108843538
98.41251700680272
98.49591836734695
98.671768707483
99.0908843537415
99.49061224489796
99.8899319727891
100.03333333333333
100.1844217687075
100.3178231292517
100.61326530612246
100.8552380952381
101.2339455782313
101.7074149659864
102.18258503401361
102.52829931972789
102.82714285714286
103.24095238095238
103.5643537414966
103.82306122448979
104.15272108843537
104.72551020408164
105.25530612244899
105.62170068027211
105.91217687074831
106.29360544217687
106.84340136054422
107.39836734693878
107.89353741496599
108.30687074829933
108.77768707482994
109.26034013605442
109.7787074829932
110.23965986394559
110.70503401360544
111.27176870748299
111.79251700680271
112.24408163265306
112.58816326530612
113.04503401360545
113.4542857142857
113.90938775510205
114.26231292517008
114.65639455782315
115.05551020408164
115.57598639455783
115.99210884353742
116.39904761904762
116.65911564625853
117.09537414965986
117.54993197278912
118.14646258503402
118.42448979591836
118.62761904761905
118.86619047619047
119.25857142857144
119.59938775510206
120.02721088435375
120.3939455782313
120.63972789115647
120.92591836734695
121.29380952380954
121.58965986394558
121.86333333333334
122.3447619047619
122.70503401360544
122.93877551020408
123.11666666666667
123.50496598639457
123.8091836734694
124.11170068027212
124.34544217687075
124.67380952380952
124.91482993197279
125.1625850340136
125.42836734693877
125.66
125.88476190476192
126.11891156462585
126.44149659863945
126.69721088435374
126.89054421768707
127.03374149659864
127.3800680272109
127.70210884353742
127.98836734693876
128.1074829931973
128.31911564625852
128.4608843537415
128.80625850340135
129.13040816326532
129.38931972789115
129.47312925170067
129.64108843537414
129.79721088435377
130.01068027210886
130.188231292517
130.30673469387756
130.3707482993197
130.52639455782312
130.78938775510204
130.93
131.02170068027212
130.9887074829932
130.90190476190475
130.86979591836734
130.89
130.8747619047619
130.79510204081635
130.8283673469388
130.75333333333333
130.54673469387757
130.2674829931973
130.05333333333334
129.96278911564627
129.71931972789116
129.40027210884352
129.15972789115645
129.08374149659863
128.83571428571432
128.53503401360547
128.23605442176873
127.93979591836735
127.48557823129252
127.01476190476191
126.61292517006802
126.28795918367348
125.86414965986394
125.36136054421769
125.01959183673469
124.7113605442177
124.24482993197279
123.5913605442177
123.10095238095238
122.81442176870749
122.50292517006804
121.9169387755102
121.31006802721089
120.87863945578232
120.55054421768709
120.1156462585034
119.58659863945579
119.1751700680272
118.86278911564627
118.46789115646258
117.92088435374151
117.40258503401361
116.96183673469388
116.48265306122448
116.158231292517
115.83333333333334
115.42108843537417
114.99993197278913
114.65170068027211
114.20074829931974
113.69537414965987
113.30585034013606
112.99238095238097
112.76557823129251
112.46789115646258
112.06238095238095
111.56952380952382
111.35673469387756
111.05238095238096
110.72809523809525
110.24190476190478
109.94571428571429
109.63074829931972
109.42571428571429
109.09503401360544
108.76204081632653
108.38904761904763
108.04748299319729
107.8260544217687
107.55802721088435
107.25877551020409
106.88591836734693
106.65544217687075
106.3991836734694
106.10537414965988
105.71176870748299
105.21850340136055
104.93006802721087
104.73272108843538
104.51721088435374
104.16156462585035
103.82646258503401
103.51346938775511
103.28047619047618
103.04326530612244
102.88823129251702
102.63510204081634
102.51108843537415
102.41707482993196
102.36170068027212
102.14897959183673
101.92054421768708
101.84965986394558
101.78619047619047
101.56231292517006
101.13551020408164
100.9043537414966
100.89183673469388
100.88013605442177
100.59088435374149
100.49870748299321
100.4195918367347
100.37904761904763
100.17619047619047
100.11523809523808
100.0126530612245
99.98455782312926
99.90632653061223
99.80836734693878
99.76795918367348
99.81170068027211
99.8674149659864
99.84380952380954
99.86816326530612
99.78727891156464
99.75115646258504
99.64857142857144
99.59707482993198
99.58918367346939
99.63482993197279
99.62986394557825
99.5774829931973
99.50768707482993
99.49748299319728
99.55986394557823
99.73551020408163
99.81108843537416
99.77312925170068
99.70761904761905
99.77115646258503
99.86367346938776
99.88578231292517
99.97333333333333
100.04721088435375
100.07680272108844
100.14326530612244
100.27190476190476
100.37204081632653
100.46625850340136
100.57557823129251
100.66714285714285
100.76061224489796
100.95680272108844
101.17204081632653
101.33775510204083
101.50054421768708
101.67700680272108
101.94952380952381
102.08965986394558
102.12108843537415
102.05224489795917
102.20884353741496
102.4678911564626
102.71040816326531
102.79680272108844
102.86292517006804
103.02088435374151
103.2674149659864
103.49197278911565
103.58170068027212
103.67496598639457
103.73768707482994
103.85843537414966
103.97455782312926
104.14312925170069
104.26108843537415
104.33585034013605
104.42319727891157
104.60013605442177
104.80183673469388
105.01299319727892
105.2086394557823
105.47251700680272
105.75027210884355
105.97149659863945
106.16639455782312
106.40176870748299
106.71170068027212
106.90911564625851
107.16482993197279
107.47034013605443
107.68435374149661
107.75170068027211
107.84394557823128
108.03598639455782
108.09489795918368
108.31585034013607
108.67503401360545
108.93299319727892
108.97850340136054
109.07646258503402
109.38006802721088
109.50034013605443
109.66299319727891
109.8639455782313
110.19986394557824
110.34795918367347
110.48544217687076
110.57013605442177
110.71571428571428
110.95925170068027
111.24088435374149
111.38666666666667
111.49564625850341
111.6448299319728
111.92292517006803
112.2434693877551
112.47659863945577
112.60884353741497
112.9270068027211
113.19428571428573
113.40102040816328
113.51367346938775
113.74639455782312
113.87598639455781
114.11034013605442
114.31952380952382
114.51795918367348
114.80897959183673
115.25510204081633
115.70115646258505
116.05489795918368
116.41034013605442
116.63748299319728
116.97537414965987
117.42326530612246
118.03496598639458
118.50462585034015
118.96741496598639
119.44857142857144
119.97904761904763
120.51687074829933
120.9608163265306
121.43095238095239
122.06326530612245
122.64598639455782
123.27829931972789
123.88734693877552
124.62095238095237
125.25904761904762
126.02761904761905
126.62979591836734
127.34768707482993
128.27034013605441
129.36891156462588
130.3510204081633
131.44557823129253
132.59285714285716
133.75707482993198
135.12163265306123
136.72850340136057
138.48619047619047
140.226462585034
141.9061904761905
143.5469387755102
145.29809523809524
146.9499319727891
148.41693877551023
149.92727891156463
151.30680272108842
152.40666666666667
153.10170068027213
153.6322448979592
153.87013605442178
153.96605442176872
154.01870748299322
154.15272108843538
154.32578231292518
154.57455782312928
154.8373469387755
155.12666666666667
155.09455782312926
155.0847619047619
155.22687074829935
155.7272789115646
156.25761904761904
156.9731292517007
157.79326530612246
158.72340136054424
159.6986394557823
160.6626530612245
161.5438095238095
162.43224489795918
163.23721088435374
163.95401360544219
164.54789115646258
165.09761904761908
165.43210884353743
165.80414965986395
166.25809523809522
166.66442176870748
166.97646258503403
167.25462585034015
167.61061224489794
168.14925170068028
168.71503401360545
169.0712244897959
169.18571428571428
169.19591836734693
169.10551020408164
168.9887074829932
168.90687074829933
168.67326530612246
168.4174829931973
168.18789115646257
167.8483673469388
167.16843537414968
166.16986394557824
164.85551020408164
162.98965986394558
160.535306122449
157.55034013605442
154.63585034013607
151.94197278911565
149.46190476190478
146.8225170068027
144.07857142857145
141.24319727891157
138.34870748299318
135.62768707482996
133.21931972789116
130.74387755102043
128.15952380952382
125.81734693877553
123.63183673469388
121.28544217687075
119.08870748299319
117.06068027210884
115.08979591836736
113.03428571428572
110.98435374149659
108.75040816326529
106.63972789115645
104.66836734693878
102.84428571428572
100.80870748299319
98.5538775510204
96.32863945578231
94.4491156462585
92.72578231292516
91.03340136054422
89.37387755102041
87.87156462585035
86.65802721088436
85.78775510204082
85.20360544217687
84.52850340136055
83.4595238095238
82.00619047619048
80.63006802721088
79.2086394557823
77.59632653061225
75.77278911564626
73.87333333333333
71.95360544217687
70.04680272108841
68.12996598639452
