190.48860544217692
190.9622448979592
191.39591836734695
191.7178911564626
192.0798639455782
192.35666666666665
192.55333333333334
192.7047619047619
192.84163265306125
193.0057823129252
193.0487074829932
192.96136054421768
192.65877551020412
192.47591836734696
192.4006802721089
192.38360544217687
192.42707482993197
192.52421768707484
192.6478911564626
192.6865306122449
192.65884353741498
192.46551020408162
192.3187074829932
192.28414965986394
192.3093197278912
192.25734693877553
192.1877551020408
192.2078911564626
192.28401360544217
192.3204761904762
192.2183673469388
192.052925170068
191.9659863945578
192.00530612244896
192.01755102040818
191.97945578231293
191.85537414965987
191.7187755102041
191.5430612244898
191.556462585034
191.72530612244898
191.89666666666665
191.9582993197279
191.923537414966
191.81061224489798
191.63095238095238
191.59068027210887
191.59496598639458
191.58374149659866
191.5410204081633
191.47646258503403
191.47836734693877
191.6142176870748
191.82605442176873
191.87687074829932
191.83714285714288
191.8425850340136
191.96149659863946
192.07897959183674
192.11802721088435
192.08816326530615
192.09115646258505
192.1083673469388
192.13374149659865
192.06625850340137
191.92462585034014
191.90353741496597
192.04931972789115
192.1444217687075
192.0594557823129
191.95408163265307
191.90659863945578
192.0044217687075
192.18489795918367
192.31360544217688
192.38149659863947
192.4851700680272
192.58979591836734
192.66013605442177
192.69591836734693
192.65721088435376
192.47986394557824
192.42748299319732
192.52299319727888
192.70795918367347
192.78646258503403
192.80591836734695
192.81517006802721
192.88782312925173
193.01795918367347
193.1039455782313
193.29598639455781
193.38673469387754
193.42210884353744
193.3100680272109
193.25673469387758
193.15272108843538
193.09190476190477
193.11870748299322
193.26435374149662
193.45183673469384
193.6030612244898
193.7013605442177
193.8574149659864
194.00863945578232
194.2208163265306
194.42054421768705
194.67319727891157
194.8712244897959
195.1969387755102
195.55496598639456
195.83136054421772
195.9270068027211
196.03816326530614
196.20741496598637
196.41897959183675
196.69061224489798
197.056462585034
197.38530612244898
197.72102040816324
198.01673469387754
198.50816326530614
198.98285714285714
199.25843537414968
199.4000680272109
199.70306122448983
200.09551020408162
200.39761904761906
200.66646258503403
200.97278911564626
201.33544217687074
201.7665306122449
202.12367346938777
202.42034013605445
202.75068027210887
203.1648299319728
203.56952380952382
204.01442176870748
204.4463945578231
204.87231292517006
205.3074149659864
205.8114285714286
206.3170068027211
206.85278911564626
207.37551020408165
207.92843537414967
208.42292517006803
208.94986394557822
209.44285714285715
210.03632653061226
210.68244897959184
211.33523809523814
211.88823129251705
212.37714285714287
212.89435374149662
213.36428571428576
213.78925170068027
214.2218367346939
214.7091156462585
215.21367346938777
215.64666666666668
216.08421768707484
216.53945578231293
217.05891156462584
217.50061224489798
217.96197278911563
218.43972789115648
218.98666666666668
219.50829931972788
219.98374149659864
220.47775510204082
221.06306122448981
221.56734693877553
222.0040136054422
222.4510204081633
222.9586394557823
223.39979591836735
223.8352380952381
224.24088435374148
224.64285714285717
225.09598639455783
225.48986394557824
225.92278911564628
226.37537414965988
226.83503401360545
227.18931972789116
227.52727891156462
227.9469387755102
228.4026530612245
228.83979591836734
229.2365306122449
229.63108843537415
229.99680272108844
230.39034013605442
230.8157142857143
231.19646258503403
231.51149659863947
231.89891156462588
232.29448979591837
232.69782312925173
233.06326530612245
233.40625850340135
233.70775510204084
234.0448299319728
234.35510204081632
234.65013605442175
234.9068707482993
235.1738775510204
235.4038095238095
235.65537414965985
235.88129251700684
236.13489795918372
236.34551020408165
236.47380952380954
236.58013605442179
236.74741496598637
236.95408163265307
237.1370068027211
237.23244897959182
237.24775510204083
237.2678911564626
237.42891156462588
237.57619047619048
237.67054421768708
237.71326530612242
237.75190476190477
237.7878911564626
237.79095238095238
237.77551020408163
237.7239455782313
237.73891156462588
237.78285714285718
237.78428571428572
237.70700680272108
237.6340136054422
237.5856462585034
237.48394557823127
237.3360544217687
237.2595238095238
237.20278911564628
237.09897959183675
236.88367346938776
236.67789115646258
236.50850340136054
236.38755102040815
236.2599319727891
236.11544217687074
235.89965986394557
235.6474149659864
235.413537414966
235.17646258503402
234.96564625850343
234.75285714285715
234.51768707482995
234.20190476190479
233.97340136054422
233.803537414966
233.57210884353745
233.23442176870748
232.86768707482992
232.59632653061226
232.37027210884352
232.1196598639456
231.82972789115647
231.51020408163265
231.22244897959183
230.9587074829932
230.70755102040818
230.3991156462585
230.0943537414966
229.8455782312925
229.57210884353742
229.32299319727892
229.04870748299322
228.7378231292517
228.38891156462586
228.0865986394558
227.73938775510206
227.4069387755102
227.11040816326533
226.88557823129253
226.5978231292517
226.25850340136054
225.92612244897958
225.67775510204083
225.42714285714288
225.16095238095238
224.95204081632653
224.76823129251702
224.51333333333335
224.2304081632653
223.9940816326531
223.77292517006805
223.5326530612245
223.3770068027211
223.20578231292518
223.0074149659864
222.77959183673468
222.60748299319727
222.42680272108845
222.32408163265308
222.20306122448983
222.0161904761905
221.83272108843533
221.75721088435375
221.68027210884352
221.54700680272109
221.41816326530613
221.35346938775513
221.28850340136051
221.21659863945578
221.15469387755104
221.19006802721088
221.19551020408161
221.16755102040815
221.1423129251701
221.14068027210885
221.08190476190478
221.02448979591838
221.07918367346943
221.13843537414965
221.14755102040817
221.1040136054422
221.09306122448982
221.13721088435378
221.14312925170069
221.04952380952383
221.05993197278914
221.18843537414966
221.27027210884353
221.20346938775512
221.15714285714287
221.1230612244898
221.09387755102043
221.0678231292517
221.14591836734692
221.20265306122448
221.16360544217687
221.09421768707483
221.16646258503403
221.2429931972789
221.20673469387754
221.1382993197279
221.11612244897958
221.11292517006802
221.04000000000002
221.0044217687075
221.04108843537415
221.0734013605442
221.02013605442178
220.9665306122449
220.9670068027211
220.8887074829932
220.8240136054422
220.8287755102041
220.927074829932
220.89482993197282
220.8317006802721
220.7178911564626
220.6761904761905
220.6927210884354
220.77897959183673
220.78027210884352
220.7495238095238
220.76591836734696
220.72142857142856
220.58877551020407
220.50523809523813
220.52510204081636
220.55904761904765
220.57353741496598
220.57714285714286
220.54231292517008
220.50551020408165
220.45462585034014
220.39408163265307
220.34653061224492
220.31557823129253
220.28095238095239
220.30251700680273
220.35442176870748
220.35020408163263
220.3165986394558
220.22721088435372
220.13013605442177
220.06748299319727
220.06510204081633
220.0095238095238
219.9378231292517
219.88448979591837
219.86408163265307
219.83251700680273
219.7674149659864
219.73863945578233
219.72673469387755
219.62646258503403
219.42959183673472
219.3775510204082
219.3757142857143
219.32666666666665
219.2238095238095
219.17333333333335
219.07544217687075
218.9412244897959
218.83721088435377
218.75673469387758
218.69176870748305
218.59251700680272
218.52238095238096
218.4236054421769
218.3761224489796
218.29319727891158
218.22244897959183
218.1608843537415
218.13530612244898
218.12761904761905
218.07238095238097
217.971768707483
217.84428571428572
217.79414965986393
217.73789115646258
217.6065986394558
217.4903401360544
217.41312925170067
217.37401360544217
217.24333333333334
217.1092517006803
216.96605442176872
216.8878231292517
216.78972789115647
216.62537414965988
216.50163265306125
216.37673469387758
216.27605442176872
216.0886394557823
215.95707482993197
215.7521088435374
215.60809523809525
215.47027210884355
215.41462585034014
215.26591836734696
215.06748299319727
214.89176870748298
214.73809523809524
214.61020408163267
214.44156462585033
214.22612244897957
214.00387755102042
213.88619047619045
213.7995238095238
213.63503401360546
213.45319727891155
213.24863945578232
213.02850340136055
212.77367346938775
212.59646258503403
212.47741496598638
212.36312925170068
212.14353741496598
211.88945578231292
211.673537414966
211.45544217687075
211.20251700680274
210.95768707482995
210.71755102040817
210.4039455782313
210.09238095238095
209.88591836734693
209.70707482993197
209.42408163265307
209.0713605442177
208.77979591836737
208.50863945578232
208.21455782312927
207.9145578231293
207.6586394557823
207.39877551020408
207.1238095238095
206.8734693877551
206.53503401360547
206.1408843537415
205.80517006802722
205.56027210884355
205.29142857142858
205.01639455782313
204.71734693877553
204.4573469387755
204.19136054421767
203.93755102040816
203.57210884353742
203.23170068027213
202.9430612244898
202.73510204081634
202.40408163265306
202.09544217687076
201.68605442176872
201.3361224489796
200.90979591836734
200.57442176870748
200.15319727891156
199.8377551020408
199.5468707482993
199.3005442176871
199.0530612244898
198.78333333333333
198.34755102040816
197.9221768707483
197.57979591836732
197.25721088435375
196.81197278911566
196.54911564625854
196.33476190476193
196.0709523809524
195.65367346938774
195.20462585034014
194.81374149659865
194.47761904761907
194.15088435374153
193.81251700680272
193.5474829931973
193.24238095238093
192.86591836734695
192.52448979591838
192.21319727891157
191.86353741496598
191.43197278911566
191.04551020408164
190.6805442176871
190.35503401360543
189.95999999999998
189.6478231292517
189.2146258503401
188.821156462585
188.4323129251701
188.12469387755104
187.72537414965987
187.3452380952381
186.90244897959184
186.4618367346939
186.1457142857143
185.81034013605444
185.415306122449
184.9882993197279
184.72863945578231
184.38755102040818
183.98863945578233
183.54761904761904
183.03428571428572
182.591768707483
182.16680272108846
181.78013605442177
181.3830612244898
181.03421768707483
180.58102040816325
180.09340136054422
179.7404761904762
179.34530612244896
178.86496598639457
178.41156462585036
178.00591836734696
177.62564625850342
177.20897959183674
176.75115646258504
176.26068027210886
175.86551020408163
175.4686394557823
175.03149659863945
174.65734693877553
174.3052380952381
173.8722448979592
173.363537414966
172.89414965986396
172.4834693877551
172.07945578231292
171.60224489795922
171.07251700680274
170.61904761904765
170.27904761904762
169.91693877551023
169.5151700680272
169.14591836734695
168.7587074829932
168.26360544217687
167.78414965986394
167.35360544217687
166.9212925170068
166.51312925170066
166.1573469387755
165.68557823129254
165.1148299319728
164.67394557823133
164.30244897959187
164.02857142857144
163.6797278911565
163.25761904761904
162.72149659863948
162.33945578231294
162.00272108843538
161.70551020408163
161.42857142857144
161.11272108843536
160.74285714285716
160.31115646258505
159.89816326530615
159.44836734693877
159.01775510204084
158.64775510204083
158.24421768707484
157.89925170068025
157.55646258503404
157.31061224489795
156.95489795918368
156.57115646258504
156.21591836734694
155.97972789115644
155.55557823129254
155.047074829932
154.6451020408163
154.46006802721087
154.13829931972788
153.80693877551022
153.43013605442178
152.99918367346942
152.54598639455781
152.17367346938778
151.89850340136059
151.6700680272109
151.41551020408164
151.0357142857143
150.608843537415
150.21462585034013
149.87306122448982
149.54591836734696
149.32591836734693
149.11034013605442
148.8391156462585
148.42816326530613
148.11428571428573
147.8586394557823
147.59183673469389
147.3321088435374
147.06972789115648
146.73340136054424
146.37435374149658
146.09292517006804
145.77734693877554
145.39598639455784
145.06129251700685
144.71986394557825
144.32462585034014
143.93496598639456
143.60027210884357
143.27877551020407
142.9800680272109
142.71013605442178
142.36979591836734
142.21319727891157
142.03469387755104
141.7857823129252
141.3148979591837
141.0025850340136
140.7091836734694
140.51714285714286
140.2739455782313
140.00278911564627
139.613537414966
139.23217687074833
138.93448979591838
138.71027210884353
138.43537414965988
138.05380952380952
137.6951700680272
137.3152380952381
137.0991156462585
136.79578231292518
136.38557823129253
135.85238095238097
135.55013605442178
135.35925170068032
135.0722448979592
134.67448979591836
134.2981632653061
133.9387755102041
133.68156462585034
133.44802721088436
133.16544217687076
132.7677551020408
132.3765306122449
132.08340136054423
131.7226530612245
131.50251700680275
131.1943537414966
130.9649659863946
130.60421768707485
130.42040816326534
130.07095238095238
129.71891156462584
129.43952380952382
129.27680272108842
129.01353741496598
128.66544217687076
128.3934013605442
128.11775510204083
127.92734693877551
127.65142857142857
127.27510204081634
126.8860544217687
126.62748299319729
126.44285714285715
126.2157142857143
126.01632653061226
125.76761904761905
125.53095238095239
125.3625850340136
125.2282993197279
124.9482993197279
124.65115646258505
124.48312925170069
124.35823129251702
124.22829931972791
124.0095238095238
123.7156462585034
123.38428571428571
123.16074829931972
122.97585034013605
122.74108843537414
122.48884353741497
122.2709523809524
122.06891156462585
121.81544217687075
121.59299319727893
121.46537414965988
121.37884353741498
121.26727891156463
121.05755102040817
120.71442176870748
120.52210884353741
120.34809523809525
120.17707482993198
120.01115646258503
119.89578231292518
119.71319727891158
119.64272108843538
119.62843537414966
119.6230612244898
119.51551020408164
119.32965986394558
119.08047619047619
119.07183673469387
119.11312925170067
119.0247619047619
118.89408163265307
118.74727891156462
118.51047619047618
118.25408163265307
118.21210884353744
118.21625850340138
118.18727891156463
118.11299319727891
118.06442176870749
118.03034013605442
117.9791836734694
117.90836734693877
117.86836734693878
117.87142857142858
117.80163265306122
117.64204081632654
117.53462585034015
117.40829931972789
117.31170068027211
117.26693877551021
117.19
117.07673469387757
117.05204081632652
117.0569387755102
117.034693877551
117.01809523809524
117.07578231292518
117.12421768707483
117.14680272108843
117.12285714285713
117.10632653061225
117.19183673469388
117.32979591836735
117.36816326530614
117.34251700680272
117.35353741496598
117.40646258503402
117.41918367346939
117.40850340136055
117.31176870748298
117.18374149659864
117.20673469387755
117.45775510204082
117.76693877551021
117.96571428571428
118.0943537414966
118.1695918367347
118.22102040816327
118.26666666666668
118.33544217687074
118.41931972789115
118.5408163265306
118.75340136054422
118.90380952380954
119.00721088435375
119.03258503401361
119.03333333333333
119.12374149659864
119.29149659863947
119.48095238095237
119.65578231292517
119.94829931972788
120.28598639455781
120.58537414965987
120.79639455782313
120.95292517006803
121.13850340136057
121.35510204081633
121.53795918367346
121.8030612244898
122.16204081632654
122.65054421768708
123.05074829931974
123.48476190476191
123.83163265306122
124.15802721088434
124.41326530612245
124.75707482993198
125.16551020408164
125.62768707482992
126.03462585034013
126.41190476190476
126.88312925170068
127.40707482993197
127.82986394557824
128.20761904761906
128.7170068027211
129.31204081632654
129.82054421768706
130.18863945578232
130.62061224489798
131.15197278911566
131.70482993197282
132.19367346938776
132.67952380952383
133.11081632653062
133.61428571428573
134.23034013605442
134.87734693877553
135.29265306122448
135.71748299319728
136.26591836734696
136.97857142857146
137.54551020408164
137.9958503401361
138.34224489795918
138.82299319727892
139.395306122449
139.97299319727892
140.50034013605443
140.965306122449
141.41
141.81591836734697
142.2065986394558
142.53204081632651
143.00312925170067
143.60972789115647
144.1905442176871
144.64578231292518
144.95537414965986
145.32061224489797
145.74088435374148
146.2191836734694
146.62925170068027
147.07721088435375
147.48510204081632
147.90768707482994
148.25666666666666
148.56952380952382
148.86809523809524
149.1987074829932
149.54408163265305
149.80421768707487
150.0369387755102
150.22748299319727
150.6359183673469
150.98054421768708
151.29551020408164
151.53503401360547
151.893537414966
152.22061224489795
152.5331972789116
152.74775510204083
152.9491156462585
153.22877551020406
153.54299319727892
153.81421768707483
153.9531292517007
154.05040816326533
154.10680272108846
154.31149659863945
154.48210884353742
154.67496598639457
154.89993197278912
155.2704081632653
155.52897959183673
155.77408163265306
156.06782312925168
156.27530612244897
156.34591836734694
156.44761904761907
156.62897959183675
156.76938775510206
156.83891156462587
156.98108843537415
157.15360544217685
157.36408163265307
157.42455782312928
157.4674149659864
157.38020408163268
157.35108843537415
157.33482993197282
157.38312925170067
157.30503401360545
157.20496598639454
157.1252380952381
157.2331292517007
157.2831972789116
157.17897959183676
156.9608843537415
156.90639455782315
156.82142857142858
156.59170068027214
156.2860544217687
156.02714285714285
155.83986394557826
155.69081632653064
155.42040816326534
155.0713605442177
154.70598639455784
154.4005442176871
154.05687074829933
153.72523809523813
153.42972789115646
153.05625850340135
152.68891156462587
152.31761904761908
151.92755102040817
151.36510204081634
150.87081632653064
150.55952380952382
150.30496598639456
149.90204081632652
149.4152380952381
148.9108163265306
148.35061224489797
147.8265986394558
147.52680272108844
147.21755102040817
146.74319727891157
146.08925170068028
145.5391156462585
145.06217687074832
144.64972789115646
144.20360544217687
143.75972789115644
143.43510204081633
143.07959183673472
142.55306122448982
141.99986394557823
141.59190476190474
141.27312925170065
140.82816326530613
140.44095238095235
140.0276870748299
139.7508163265306
139.37278911564624
138.95979591836738
138.48986394557824
138.11687074829933
137.79734693877552
137.5192517006803
137.12952380952382
136.73408163265304
136.37591836734694
136.13204081632654
135.8487074829932
135.6218367346939
135.2609523809524
134.9038775510204
134.58904761904762
134.32761904761907
133.9251020408163
133.54993197278912
133.21149659863949
133.0022448979592
132.7563945578231
132.4121768707483
131.92190476190476
131.52850340136055
131.1100680272109
130.69244897959186
130.31360544217688
130.1531972789116
129.9678911564626
129.66360544217687
129.29197278911568
128.9347619047619
128.65278911564627
128.37829931972792
128.26000000000002
128.06394557823128
127.86795918367348
127.6961904761905
127.59897959183674
127.3665306122449
127.0661224489796
126.94156462585033
127.00408163265305
126.94428571428573
126.64306122448978
126.2991836734694
126.21061224489796
126.15578231292517
126.05074829931972
125.86251700680273
125.70979591836735
125.50231292517007
125.34319727891156
125.25544217687076
125.13299319727892
124.97210884353741
124.96251700680273
124.9422448979592
124.89959183673469
124.77829931972789
124.74190476190476
124.6552380952381
124.69843537414965
124.71598639455783
124.7170068027211
124.703537414966
124.70238095238096
124.62918367346938
124.57979591836735
124.59455782312925
124.66040816326532
124.65115646258502
124.71394557823129
124.80884353741497
124.93537414965988
124.85952380952381
124.67319727891157
124.51346938775512
124.65183673469389
124.81360544217688
124.9431292517007
124.87034013605442
124.84387755102041
124.77394557823129
124.82659863945578
124.86755102040817
125.0425850340136
125.25544217687074
125.38115646258504
125.43210884353742
125.50979591836735
125.85782312925171
126.1695918367347
126.19870748299319
126.06285714285714
126.14952380952381
126.46897959183674
126.80503401360544
127.0356462585034
127.05122448979591
127.01979591836735
127.10612244897959
127.27251700680272
127.49625850340136
127.63251700680273
127.75537414965986
127.80857142857144
128.02244897959184
128.13462585034014
128.28850340136054
128.33170068027212
128.51115646258503
128.52489795918368
128.53510204081633
128.67625850340136
128.94238095238094
129.0208843537415
129.0331972789116
129.16986394557821
129.31238095238095
129.35482993197277
129.4373469387755
129.60414965986394
129.741768707483
129.8251700680272
130.05591836734692
130.44734693877552
130.80034013605444
130.99238095238098
131.20367346938778
131.4883673469388
131.7178231292517
131.95442176870745
132.12414965986397
132.37040816326532
132.53190476190477
132.6708163265306
132.7117006802721
132.83836734693878
133.02591836734695
133.22006802721089
133.4161224489796
133.4160544217687
133.4544217687075
133.5460544217687
133.82251700680274
133.92367346938775
134.09986394557822
134.256462585034
134.41795918367347
134.497074829932
134.74312925170068
135.03537414965987
135.18897959183676
135.27006802721087
135.53795918367348
135.8021088435374
135.99727891156462
136.1782993197279
136.40857142857143
136.57755102040818
136.77795918367346
136.96489795918365
137.09394557823128
137.31877551020406
137.66401360544216
137.9665306122449
138.2043537414966
138.3851700680272
138.62748299319728
138.9009523809524
139.2604081632653
139.48204081632653
139.8109523809524
140.25476190476192
140.70557823129252
140.95435374149662
141.23204081632653
141.64544217687074
142.1362585034014
142.66619047619048
143.1613605442177
143.68489795918367
144.1648299319728
144.74748299319728
145.3674829931973
146.04462585034014
146.6457142857143
147.1644897959184
147.77734693877554
148.53224489795917
149.48224489795922
150.56034013605444
151.60469387755103
152.57646258503405
153.65476190476193
154.9612244897959
156.27802721088437
157.61931972789117
158.89877551020408
160.11503401360545
161.22979591836733
162.3270068027211
163.2934693877551
164.22496598639458
165.0856462585034
165.82598639455784
166.32163265306122
166.79503401360546
167.22680272108846
167.60836734693876
167.94
168.14891156462585
168.34210884353743
168.47918367346938
168.71020408163264
168.83537414965986
169.05891156462587
169.2982993197279
169.56455782312923
169.87081632653062
170.07721088435375
170.31204081632654
170.59802721088437
171.02884353741496
171.3348299319728
171.76904761904763
172.16836734693877
172.56095238095236
172.8438095238095
173.15306122448982
173.33727891156462
173.48707482993194
173.55
173.52421768707484
173.3331292517007
173.13714285714286
172.89965986394557
172.69054421768706
172.59190476190477
172.67122448979592
172.65666666666667
172.5291836734694
172.31925170068024
172.09945578231293
171.7238775510204
171.26455782312925
170.75142857142856
170.2765306122449
169.79931972789115
169.22884353741497
168.50285714285715
167.4322448979592
166.26823129251704
164.84707482993198
163.16278911564626
161.18557823129254
159.31952380952382
157.51149659863947
155.71979591836734
153.97755102040816
152.19265306122452
150.20510204081634
148.09673469387755
146.14285714285714
144.52707482993196
143.178843537415
141.83469387755105
140.39095238095237
138.7540136054422
137.15340136054425
135.62972789115648
134.3007482993197
133.06510204081633
131.94503401360544
130.87482993197278
129.69653061224489
128.40448979591838
127.07925170068029
125.88183673469388
124.58183673469388
123.10380952380953
121.39925170068028
119.72068027210884
118.01530612244898
116.37061224489796
114.96149659863946
113.47061224489795
112.02877551020408
110.77693877551019
109.80952380952381
108.91251700680272
108.10176870748299
107.07312925170069
105.7665306122449
104.33775510204083
102.75448979591837
100.86551020408163
98.87707482993197
96.77761904761905
94.57843537414966
92.46755102040812
90.69561224489787
