168.84503401360547
169.1151020408163
169.09877551020406
169.16408163265305
169.2074149659864
169.1805442176871
169.00768707482993
168.99204081632655
168.98843537414965
168.94374149659865
168.7755782312925
168.68612244897957
168.66122448979593
168.44564625850342
168.22061224489795
168.11142857142858
168.21972789115648
168.40918367346939
168.54755102040818
168.48755102040818
168.368231292517
168.19149659863945
168.05068027210882
167.9639455782313
167.9508843537415
167.89224489795916
167.95857142857142
168.07938775510203
168.09340136054422
168.09462585034015
168.17986394557823
168.22598639455782
168.08081632653062
167.93680272108844
167.7978231292517
167.6606802721089
167.54870748299322
167.5440816326531
167.53741496598641
167.6036054421769
167.7203401360544
167.95183673469387
168.10619047619048
168.2687074829932
168.33986394557826
168.41278911564626
168.331768707483
168.24312925170068
168.20380952380953
168.16945578231292
168.01299319727892
167.93727891156462
168.00380952380954
168.13210884353742
168.19387755102042
168.29095238095238
168.38006802721088
168.4343537414966
168.47802721088436
168.40190476190475
168.36632653061224
168.38408163265305
168.38081632653063
168.36448979591836
168.4842857142857
168.65809523809523
168.59775510204082
168.55591836734695
168.50442176870746
168.3560544217687
168.1443537414966
168.04020408163268
168.07360544217687
168.0443537414966
168.10789115646259
168.1913605442177
168.2652380952381
168.20238095238096
168.22761904761904
168.29646258503402
168.3377551020408
168.28251700680272
168.1877551020408
168.074693877551
168.0192517006803
167.988231292517
167.87149659863945
167.7622448979592
167.74693877551022
167.92734693877551
168.11326530612246
168.25040816326532
168.2400680272109
168.3661904761905
168.48333333333335
168.5291836734694
168.36170068027212
168.30687074829933
168.28653061224492
168.39306122448983
168.40333333333334
168.43897959183676
168.47238095238097
168.58163265306123
168.65462585034012
168.75564625850342
168.89068027210888
169.0848299319728
169.39027210884353
169.7934693877551
170.15340136054425
170.49802721088435
170.8096598639456
171.1312925170068
171.41680272108843
171.68911564625853
171.93142857142857
172.22482993197278
172.5318367346939
172.8304761904762
173.14292517006805
173.478843537415
173.81775510204085
174.05619047619047
174.39088435374148
174.78863945578232
175.27081632653062
175.54496598639454
175.74238095238093
175.90408163265306
176.10000000000002
176.32455782312925
176.57108843537415
176.78986394557825
177.05632653061224
177.4855102040816
177.87231292517006
178.16231292517008
178.43993197278914
178.79938775510206
179.23748299319726
179.8456462585034
180.43605442176872
180.89721088435374
181.29108843537415
181.79319727891158
182.3344217687075
182.79761904761904
183.1945578231293
183.74374149659866
184.2860544217687
184.74802721088437
185.0983673469388
185.5396598639456
185.80108843537414
185.96585034013606
186.23666666666668
186.85272108843537
187.6144217687075
188.3330612244898
188.8957142857143
189.5209523809524
190.31945578231293
191.23102040816326
191.98292517006803
192.72891156462586
193.43034013605444
194.1361224489796
194.7400680272109
195.43510204081636
196.11292517006802
196.79353741496598
197.3808843537415
198.10394557823128
198.73673469387757
199.42210884353742
200.09068027210884
200.92285714285714
201.688231292517
202.50122448979593
203.26435374149662
204.08666666666664
204.87510204081633
205.72231292517006
206.51176870748301
207.35863945578234
208.07884353741497
208.95809523809527
209.80204081632652
210.72945578231293
211.54544217687075
212.4139455782313
213.15074829931973
213.97721088435378
214.767074829932
215.571768707483
216.33374149659863
217.1334693877551
217.89428571428573
218.61346938775512
219.3048299319728
219.9895918367347
220.66714285714286
221.32040816326534
221.85238095238097
222.42265306122448
223.02231292517007
223.67714285714288
224.22319727891156
224.78068027210884
225.2955782312925
225.72578231292516
226.06537414965987
226.49761904761903
226.91088435374152
227.25857142857146
227.5990476190476
228.03945578231293
228.3670068027211
228.6387074829932
228.92278911564625
229.25823129251702
229.4942857142857
229.6707482993197
229.8265986394558
230.0024489795918
230.16414965986397
230.34938775510204
230.49959183673468
230.60108843537418
230.63877551020408
230.68959183673468
230.73462585034014
230.81251700680272
230.84054421768707
230.81455782312926
230.7657142857143
230.7479591836735
230.70653061224488
230.6276870748299
230.51170068027213
230.40278911564627
230.31312925170067
230.20911564625848
230.01666666666668
229.81061224489795
229.61244897959182
229.44156462585033
229.20442176870748
228.93639455782312
228.6334013605442
228.3072789115646
228.02693877551022
227.71952380952382
227.40108843537413
227.05734693877554
226.74571428571426
226.37938775510207
225.94802721088436
225.51993197278912
225.11156462585035
224.67809523809524
224.24149659863946
223.76455782312922
223.3639455782313
222.87183673469386
222.36469387755102
221.90680272108847
221.46163265306126
220.95666666666668
220.42040816326534
219.96891156462584
219.52578231292517
219.02197278911564
218.5326530612245
217.98047619047622
217.43108843537416
216.83163265306123
216.35721088435378
215.91877551020406
215.53129251700682
215.04278911564623
214.53136054421768
214.0704081632653
213.65244897959184
213.18687074829933
212.77959183673468
212.43170068027212
212.0657823129252
211.65027210884355
211.26469387755103
210.91197278911562
210.61639455782313
210.3165986394558
210.07482993197277
209.87952380952382
209.6222448979592
209.276462585034
209.08986394557823
209.03809523809525
208.8647619047619
208.5887074829932
208.43231292517007
208.3787755102041
208.198231292517
208.03809523809522
207.90897959183673
207.8230612244898
207.77149659863946
207.68863945578232
207.61625850340138
207.54435374149662
207.57714285714286
207.60319727891158
207.6477551020408
207.6408843537415
207.63666666666666
207.68619047619052
207.73598639455784
207.81823129251703
207.901768707483
207.94727891156464
207.95605442176873
208.03462585034015
208.13605442176873
208.2387074829932
208.3395238095238
208.35251700680274
208.33598639455784
208.3387074829932
208.42047619047622
208.5252380952381
208.60142857142858
208.708843537415
208.7953741496599
208.91496598639458
208.89258503401362
208.89687074829934
208.94897959183672
209.01210884353742
209.00367346938776
209.07278911564626
209.18278911564624
209.2184353741497
209.18380952380954
209.19231292517009
209.21224489795918
209.19292517006804
209.23945578231294
209.3268707482993
209.40639455782315
209.36666666666667
209.34068027210884
209.35945578231292
209.42578231292518
209.43102040816325
209.4285714285714
209.43340136054422
209.4608843537415
209.49687074829933
209.5752380952381
209.62836734693877
209.54496598639457
209.4108163265306
209.34244897959184
209.38006802721088
209.3842857142857
209.40768707482994
209.41346938775507
209.44346938775513
209.42102040816326
209.3886394557823
209.34544217687076
209.3373469387755
209.34333333333333
209.32904761904763
209.28721088435375
209.24653061224492
209.2252380952381
209.28380952380954
209.28884353741495
209.25727891156464
209.20408163265307
209.20945578231292
209.14897959183676
209.10503401360543
209.06142857142856
209.01931972789114
208.97721088435375
208.91673469387757
208.8595238095238
208.83231292517007
208.82972789115647
208.78115646258505
208.67367346938778
208.52727891156462
208.3969387755102
208.35027210884357
208.30591836734695
208.21836734693878
208.1456462585034
208.12251700680272
208.09891156462587
208.02210884353744
207.92585034013607
207.82591836734696
207.71333333333334
207.6152380952381
207.52904761904762
207.43217687074832
207.36367346938778
207.33850340136055
207.2795918367347
207.1325850340136
207.01775510204084
206.95190476190479
206.88210884353742
206.76326530612246
206.64891156462585
206.55625850340138
206.43217687074832
206.27884353741496
206.145306122449
206.08714285714285
206.03782312925173
205.8578231292517
205.62802721088437
205.4274829931973
205.3123129251701
205.15768707482994
205.04544217687075
204.93374149659866
204.86863945578233
204.67421768707482
204.49020408163264
204.37863945578232
204.29911564625849
204.062925170068
203.83102040816325
203.5974149659864
203.4310204081633
203.27945578231294
203.13809523809525
202.88108843537415
202.65163265306123
202.50911564625852
202.3565306122449
202.1518367346939
201.89653061224493
201.64551020408163
201.4186394557823
201.24068027210885
201.0477551020408
200.83251700680273
200.60462585034014
200.31496598639455
200.1004081632653
199.9644217687075
199.80319727891157
199.5012244897959
199.19061224489798
198.8629931972789
198.52693877551022
198.3013605442177
198.13782312925173
197.8904081632653
197.5317006802721
197.23551020408163
197.00292517006804
196.71727891156462
196.37054421768707
196.0551020408163
195.81142857142856
195.56312925170067
195.26836734693876
194.9543537414966
194.66442176870748
194.37435374149663
194.08156462585038
193.7866666666667
193.58156462585035
193.33782312925172
193.02414965986395
192.67034013605442
192.33034013605442
191.94204081632654
191.6269387755102
191.3739455782313
191.15585034013606
190.90081632653062
190.60238095238094
190.2486394557823
189.9395918367347
189.63782312925173
189.28775510204082
188.9049659863946
188.5552380952381
188.20938775510203
187.90306122448982
187.54258503401363
187.2213605442177
186.931768707483
186.68918367346942
186.40979591836737
186.1030612244898
185.76489795918366
185.3525850340136
185.0278911564626
184.68496598639456
184.34013605442175
183.93013605442178
183.63360544217687
183.35285714285715
183.06510204081633
182.7290476190476
182.29054421768706
181.93074829931976
181.63326530612244
181.3740136054422
181.02537414965985
180.71374149659863
180.32163265306122
179.88068027210883
179.47448979591837
179.1639455782313
178.79394557823127
178.4321088435374
178.086462585034
177.7374149659864
177.26442176870748
176.8387074829932
176.4895918367347
176.2065306122449
175.88557823129253
175.490612244898
174.96802721088437
174.48530612244897
174.05816326530612
173.694693877551
173.27972789115645
172.93517006802722
172.5940136054422
172.32156462585033
171.9804081632653
171.51210884353742
170.8298639455782
170.27755102040817
169.91714285714284
169.64142857142858
169.20367346938775
168.7990476190476
168.33013605442176
167.89979591836735
167.42006802721087
166.99510204081633
166.53673469387758
166.12081632653062
165.67204081632653
165.25952380952378
164.82142857142858
164.38081632653063
163.86972789115646
163.3226530612245
162.87510204081633
162.52401360544218
162.09074829931973
161.58897959183673
161.24503401360545
160.9244897959184
160.43102040816325
159.92102040816326
159.51972789115646
159.07537414965986
158.57965986394558
157.98272108843537
157.54925170068032
157.06605442176874
156.6117006802721
156.14782312925172
155.78333333333333
155.33598639455784
154.83360544217686
154.31068027210884
153.86122448979592
153.53768707482993
153.20530612244897
152.65802721088437
152.11455782312925
151.80938775510205
151.511768707483
151.0625850340136
150.58380952380952
150.14034013605442
149.75598639455782
149.35326530612244
149.04006802721088
148.6626530612245
148.32775510204084
147.94122448979593
147.60687074829934
147.1885714285714
146.68551020408162
146.22034013605443
145.928843537415
145.681768707483
145.3047619047619
144.86367346938775
144.4742857142857
144.1101360544218
143.70605442176873
143.35734693877552
143.0840136054422
142.798843537415
142.42088435374149
142.00319727891159
141.63156462585036
141.1970068027211
140.79503401360546
140.46197278911566
140.2238775510204
139.93115646258502
139.58768707482994
139.20428571428573
138.81761904761908
138.56455782312923
138.25666666666666
137.87163265306123
137.47530612244898
137.09115646258505
136.65401360544217
136.24693877551022
136.0017006802721
135.63020408163266
135.19653061224489
134.8422448979592
134.59489795918367
134.27190476190475
133.78095238095239
133.42632653061224
133.1191836734694
132.84061224489795
132.40503401360544
131.96687074829933
131.5117006802721
131.08496598639454
130.62387755102043
130.1878911564626
129.7578911564626
129.43666666666667
129.09829931972791
128.78346938775513
128.45455782312928
128.17843537414967
127.72006802721089
127.2078911564626
126.79190476190476
126.5778231292517
126.32680272108844
125.97272108843538
125.69408163265307
125.38993197278911
125.05224489795918
124.59557823129252
124.15986394557824
123.80986394557824
123.5556462585034
123.25251700680272
122.90217687074832
122.66027210884354
122.33965986394558
121.92204081632653
121.5370068027211
121.21700680272109
120.81653061224489
120.45285714285716
120.12054421768708
119.70680272108845
119.33843537414967
119.03823129251701
118.73544217687075
118.42687074829931
118.15401360544219
117.79612244897962
117.40421768707483
117.20768707482993
117.05360544217687
116.74408163265306
116.39537414965987
116.07020408163267
115.70666666666666
115.30816326530613
114.93721088435375
114.65795918367347
114.42353741496599
114.21074829931973
113.89299319727891
113.59312925170067
113.28183673469388
112.94299319727892
112.67149659863945
112.42768707482992
112.24455782312924
111.9095238095238
111.741768707483
111.4429931972789
111.15687074829933
110.77102040816328
110.54251700680274
110.32639455782314
110.10306122448979
109.81870748299319
109.55578231292517
109.27823129251702
109.1074829931973
108.92911564625851
108.72816326530611
108.48578231292517
108.29782312925171
108.14816326530611
107.93775510204082
107.74659863945578
107.48897959183675
107.2521768707483
107.04326530612246
106.82748299319728
106.58326530612246
106.35210884353742
106.20068027210884
106.12170068027211
105.92761904761905
105.68244897959183
105.46428571428572
105.37421768707483
105.19775510204083
104.88013605442177
104.6252380952381
104.46353741496598
104.3825850340136
104.28380952380952
104.1504081632653
103.87680272108842
103.65857142857143
103.5808843537415
103.50911564625851
103.38115646258504
103.22156462585033
103.04625850340136
102.93605442176872
102.89755102040817
102.80734693877551
102.67530612244897
102.50605442176871
102.41047619047619
102.23190476190477
102.08265306122449
101.90659863945578
101.80768707482994
101.65666666666667
101.50074829931972
101.49421768707484
101.50054421768708
101.4187074829932
101.26428571428572
101.18319727891156
101.07557823129251
100.93340136054422
100.78204081632653
100.61680272108845
100.45380952380954
100.22952380952381
100.04469387755103
99.92292517006803
100.01952380952382
100.09251700680272
100.07931972789116
99.84836734693877
99.73190476190476
99.68639455782314
99.71707482993196
99.76768707482994
99.81367346938777
99.73517006802723
99.52258503401362
99.41013605442177
99.38469387755103
99.51278911564626
99.49224489795917
99.44632653061225
99.42149659863946
99.52551020408164
99.45578231292517
99.32251700680271
99.27965986394558
99.39925170068028
99.45183673469388
99.43115646258502
99.49231292517007
99.56734693877551
99.63142857142857
99.61503401360545
99.59340136054422
99.49503401360545
99.64360544217688
99.88469387755102
100.04115646258502
99.86761904761906
99.77714285714286
99.75911564625851
99.89360544217688
100.12414965986396
100.31632653061223
100.44149659863945
100.52047619047619
100.6287074829932
100.63142857142857
100.77374149659863
100.9874149659864
101.18231292517008
101.36761904761904
101.55442176870748
101.77469387755103
102.02802721088435
102.27244897959184
102.54462585034014
102.84462585034014
103.14551020408163
103.25925170068027
103.42204081632653
103.67224489795919
104.08795918367346
104.47795918367348
104.85095238095239
105.24646258503402
105.72408163265307
106.01312925170068
106.2586394557823
106.60469387755103
107.15482993197278
107.54054421768708
107.83693877551022
108.11816326530614
108.55891156462584
109.13006802721088
109.701768707483
110.06156462585034
110.43761904761907
110.91204081632654
111.49564625850341
111.88659863945578
112.353537414966
112.89585034013605
113.45632653061224
113.87755102040816
114.36598639455781
114.8717006802721
115.33721088435374
115.67693877551021
116.12020408163266
116.57646258503401
117.04299319727892
117.34408163265307
117.75142857142858
118.22945578231293
118.74326530612245
119.04925170068029
119.33299319727892
119.5947619047619
119.9808843537415
120.44496598639456
120.95408163265307
121.35183673469388
121.65748299319728
121.96945578231293
122.31503401360544
122.70210884353742
123.07258503401363
123.34163265306123
123.6051700680272
124.04476190476191
124.38040816326532
124.65319727891156
125.00911564625851
125.49619047619048
125.84414965986396
126.15244897959185
126.45326530612245
126.66795918367347
126.82680272108846
127.08374149659863
127.45265306122451
127.73333333333335
127.84687074829932
128.05244897959182
128.3921768707483
128.7051700680272
128.9732653061224
129.27401360544218
129.55047619047616
129.7683673469388
129.95231292517008
130.17897959183676
130.43741496598642
130.74469387755101
130.97510204081635
131.16238095238097
131.3339455782313
131.61836734693878
131.9295238095238
132.2691156462585
132.4394557823129
132.55061224489796
132.61156462585035
132.78632653061226
132.92374149659864
133.10455782312926
133.22156462585036
133.36809523809524
133.53244897959183
133.72809523809525
133.83884353741496
133.85700680272112
133.83945578231294
133.84639455782315
133.8508843537415
133.7213605442177
133.6305442176871
133.58190476190475
133.6517006802721
133.60374149659862
133.53714285714284
133.32020408163265
133.0478231292517
132.82414965986396
132.66081632653064
132.43482993197279
132.1043537414966
131.8968707482993
131.77102040816328
131.47496598639458
131.10408163265305
130.68244897959184
130.36639455782313
130.03061224489795
129.71170068027214
129.305306122449
128.8710204081633
128.39979591836735
127.91904761904762
127.46
127.01809523809523
126.64693877551021
126.23027210884354
125.75265306122448
125.28312925170067
124.8565986394558
124.31462585034015
123.85367346938776
123.37680272108844
123.00591836734694
122.58585034013605
122.32952380952382
121.85707482993197
121.35000000000001
120.81557823129252
120.38619047619048
120.02149659863946
119.66292517006802
119.26700680272108
118.8374149659864
118.46578231292517
118.06476190476191
117.64904761904762
117.2738775510204
116.85142857142858
116.52761904761905
116.18530612244898
115.8721768707483
115.391768707483
115.01551020408164
114.65639455782313
114.36931972789115
114.01442176870749
113.73707482993197
113.4904081632653
113.24891156462586
112.90231292517007
112.4769387755102
112.1213605442177
111.92877551020408
111.65360544217687
111.25836734693878
110.87183673469389
110.63877551020408
110.29571428571428
110.02931972789116
109.75367346938775
109.46571428571428
109.05646258503401
108.83700680272109
108.63333333333334
108.25863945578232
107.83265306122449
107.56836734693877
107.2912925170068
106.9778231292517
106.73605442176871
106.52877551020408
106.23414965986395
105.97952380952381
105.77346938775511
105.63421768707482
105.4212925170068
105.17938775510206
105.01809523809524
104.92292517006803
104.78122448979592
104.62360544217688
104.38360544217687
104.15544217687075
103.9430612244898
103.8134693877551
103.68911564625851
103.61693877551022
103.52469387755102
103.35374149659864
103.25795918367348
103.20823129251701
103.10272108843537
103.13952380952381
103.0504081632653
103.0108163265306
102.88265306122449
102.93401360544217
102.91673469387754
102.96503401360543
102.89700680272108
102.75408163265305
102.68897959183673
102.80013605442176
102.87272108843536
102.81918367346938
102.6170068027211
102.4739455782313
102.47068027210885
102.50666666666667
102.53585034013605
102.50129251700682
102.52251700680273
102.52448979591836
102.65557823129251
102.76455782312925
102.82585034013606
102.6534693877551
102.58102040816327
102.6591156462585
102.87687074829931
103.01387755102041
103.14639455782313
103.1100680272109
103.07863945578231
103.2338775510204
103.52605442176872
103.5430612244898
103.51891156462585
103.68972789115648
103.90585034013606
103.99918367346939
104.10129251700681
104.40115646258505
104.64401360544218
104.8482993197279
104.92598639455784
105.02809523809525
105.08197278911565
105.22421768707484
105.42027210884356
105.67455782312926
105.77591836734695
105.82333333333332
105.98278911564626
106.33183673469388
106.55714285714286
106.54544217687075
106.51557823129252
106.64625850340136
106.89693877551021
106.99442176870748
107.06156462585035
107.06795918367347
107.2065306122449
107.3522448979592
107.56768707482993
107.66482993197279
107.78904761904762
107.98523809523809
108.27210884353741
108.53727891156464
108.76639455782313
109.02278911564625
109.29265306122451
109.51687074829933
109.72829931972788
110.01673469387755
110.3182993197279
110.5491836734694
110.6661224489796
110.81129251700679
110.93523809523809
111.14850340136056
111.32108843537415
111.52183673469388
111.66673469387756
111.8491836734694
112.02210884353741
112.27462585034014
112.40721088435376
112.55156462585035
112.74047619047619
112.88510204081634
112.95163265306124
112.96027210884353
113.17319727891156
113.27170068027212
113.59850340136055
113.77857142857142
113.9882993197279
114.05102040816327
114.23142857142858
114.39510204081634
114.77755102040817
115.07251700680271
115.2434693877551
115.35319727891158
115.68204081632653
115.93605442176872
116.16938775510204
116.35523809523811
116.51006802721088
116.61482993197279
116.80299319727892
117.08755102040816
117.43210884353742
117.73102040816326
117.96374149659864
118.27816326530612
118.63190476190476
119.02816326530612
119.5244217687075
119.9182993197279
120.39795918367349
120.83931972789115
121.32272108843537
121.62836734693877
122.16163265306125
122.61727891156464
123.07251700680271
123.61789115646258
124.27122448979593
124.71027210884354
125.20904761904761
125.77659863945578
126.51612244897962
127.19809523809523
127.89380952380952
128.46904761904764
129.24292517006802
130.0609523809524
131.02755102040817
132.03027210884358
133.23911564625848
134.2617006802721
135.37421768707486
136.63068027210886
138.14476190476188
139.7377551020408
141.39006802721087
143.1447619047619
144.86231292517007
146.43081632653062
147.91510204081635
149.4269387755102
150.8502721088435
152.07217687074828
153.04585034013604
153.73122448979592
154.1604761904762
154.4521768707483
154.6473469387755
154.71680272108844
154.70986394557823
154.84122448979593
155.09551020408165
155.35346938775513
155.38687074829932
155.29727891156463
155.2526530612245
155.42891156462588
155.93020408163267
156.57197278911565
157.24278911564627
157.9227210884354
158.78122448979593
159.76972789115644
160.6543537414966
161.46721088435373
162.337074829932
163.1138775510204
163.83238095238096
164.44367346938776
165.023537414966
165.34408163265306
165.70190476190476
165.98122448979592
166.4095238095238
166.7348979591837
167.0629931972789
167.30013605442178
167.8815646258504
168.49197278911566
168.8161904761905
168.80843537414967
168.76700680272108
168.72809523809525
168.5622448979592
168.27
167.83823129251704
167.5927210884354
167.37680272108844
167.05734693877548
166.30666666666667
165.38306122448978
163.93285714285713
161.9044217687075
159.35646258503402
156.57952380952383
153.76755102040818
151.2412925170068
148.79496598639457
146.34027210884352
143.61326530612246
140.95034013605442
138.2118367346939
135.62897959183675
133.1625850340136
130.86503401360545
128.6861224489796
126.5334693877551
124.33258503401362
122.20190476190477
119.94925170068026
117.85278911564626
115.82027210884354
113.96244897959184
111.99095238095238
109.90210884353742
107.88585034013605
105.97340136054422
104.11401360544218
102.04176870748302
99.93476190476191
97.78061224489797
95.8500680272109
94.09925170068028
92.6447619047619
91.00068027210884
89.59571428571428
88.34258503401361
87.46775510204083
86.83972789115647
86.17272108843538
85.09857142857143
83.73727891156463
82.40190476190477
80.89197278911564
79.19714285714286
77.33462585034013
75.34448979591836
73.53190476190476
71.84619047619044
69.7842857142857
