193.60629251700686
193.92959183673466
194.17108843537414
194.40013605442175
194.5609523809524
194.7812244897959
194.81142857142854
194.85278911564626
194.882380952381
195.0238775510204
195.0823129251701
194.99299319727893
194.63666666666666
194.28476190476192
194.12115646258505
194.23571428571427
194.41965986394558
194.50945578231293
194.45836734693881
194.44258503401363
194.41809523809525
194.33721088435374
194.2004081632653
194.1286394557823
194.0813605442177
194.0322448979592
193.95
193.91523809523812
193.93891156462587
193.94653061224489
193.93755102040816
193.90469387755104
193.8470068027211
193.7612244897959
193.6838775510204
193.63258503401363
193.4840136054422
193.26374149659867
193.20687074829934
193.35632653061228
193.5277551020408
193.55836734693878
193.49510204081633
193.41761904761907
193.44333333333336
193.4626530612245
193.33809523809526
193.1980272108844
193.18659863945578
193.14904761904765
193.0460544217687
193.025306122449
193.09
193.09503401360547
193.0577551020408
193.13238095238097
193.26054421768708
193.35074829931975
193.41170068027213
193.4704761904762
193.51802721088436
193.56231292517003
193.56489795918367
193.54700680272109
193.57204081632653
193.61551020408166
193.65659863945578
193.71829931972792
193.67931972789114
193.47469387755103
193.2822448979592
193.24714285714288
193.3210204081633
193.4821768707483
193.6748299319728
193.8157823129252
193.81823129251703
193.85625850340136
193.91809523809525
193.9868707482993
194.0004761904762
194.01272108843537
193.94027210884354
193.88829931972788
193.8934013605442
193.8403401360544
193.73197278911567
193.722925170068
193.8451700680272
194.00435374149657
194.1587074829932
194.21816326530615
194.24523809523808
194.23666666666668
194.20448979591836
194.12306122448982
194.14734693877554
194.19843537414965
194.28843537414963
194.33346938775512
194.4178911564626
194.53510204081633
194.61639455782316
194.6945578231293
194.82639455782314
195.01938775510203
195.15319727891156
195.34224489795918
195.57659863945577
195.78455782312926
195.93108843537414
196.08761904761903
196.22163265306125
196.38598639455782
196.5765306122449
196.7599319727891
196.9073469387755
197.07659863945577
197.36517006802723
197.66591836734693
198.0104761904762
198.33108843537417
198.70496598639457
198.93197278911566
199.16938775510204
199.3623129251701
199.67897959183676
199.94850340136057
200.24863945578232
200.3920408163265
200.5687074829932
200.8048299319728
201.11870748299322
201.3752380952381
201.6257823129252
201.98319727891158
202.34333333333336
202.68564625850343
203.0830612244898
203.61265306122448
204.0795238095238
204.42170068027212
204.75931972789118
205.11210884353744
205.50734693877553
205.97489795918366
206.47707482993198
206.8795918367347
207.18170068027212
207.58102040816328
208.07530612244898
208.60693877551017
209.003537414966
209.38911564625852
209.8036054421769
210.17401360544218
210.535306122449
211.00149659863948
211.49102040816328
211.85598639455782
212.15346938775508
212.55278911564628
213.01761904761906
213.54163265306124
214.03551020408165
214.51503401360543
215.01346938775512
215.45108843537417
215.80095238095237
216.1913605442177
216.72782312925173
217.253537414966
217.66278911564626
218.1021768707483
218.56462585034015
219.0681632653061
219.54619047619047
220.04102040816326
220.56795918367348
221.11102040816328
221.52136054421769
221.92156462585035
222.36925170068025
222.86108843537414
223.26605442176873
223.71721088435373
224.22816326530614
224.74625850340138
225.15918367346939
225.60734693877552
226.1069387755102
226.60292517006803
226.97938775510204
227.4417006802721
227.8822448979592
228.2800680272109
228.61687074829933
229.0718367346939
229.53857142857146
229.99197278911566
230.35687074829934
230.7196598639456
231.0983673469388
231.5087755102041
231.8562585034014
232.10571428571427
232.40238095238095
232.7442176870748
233.04585034013607
233.3436734693878
233.61278911564628
233.85755102040815
234.06809523809522
234.28775510204082
234.4693197278912
234.62462585034015
234.85721088435375
235.08891156462585
235.22836734693877
235.29809523809524
235.42523809523811
235.63258503401357
235.7749659863946
235.84312925170067
235.86863945578233
235.94904761904763
236.05401360544215
236.12891156462587
236.13020408163266
236.12931972789116
236.11687074829933
236.0779591836735
236.01489795918368
235.95714285714286
235.93142857142857
235.91918367346938
235.83993197278915
235.67755102040817
235.5617006802721
235.47816326530614
235.34244897959184
235.1709523809524
235.01142857142858
234.83897959183676
234.65217687074832
234.45299319727891
234.26068027210883
234.02925170068028
233.81061224489798
233.58897959183673
233.40142857142857
233.15170068027209
232.83659863945581
232.52721088435376
232.25666666666666
232.04278911564626
231.7765306122449
231.47047619047618
231.12680272108844
230.80544217687077
230.48938775510203
230.17244897959185
229.87557823129254
229.55537414965988
229.2278911564626
228.83517006802725
228.4373469387755
228.09251700680272
227.7948299319728
227.43013605442178
227.00748299319727
226.67761904761903
226.3787074829932
226.0165306122449
225.62360544217685
225.2757142857143
224.89258503401362
224.4612244897959
224.07931972789115
223.814693877551
223.53115646258505
223.1404761904762
222.68972789115648
222.33503401360545
222.08925170068028
221.875306122449
221.62163265306123
221.29918367346937
220.99292517006802
220.7074829931973
220.4378231292517
220.19714285714284
219.97782312925173
219.73612244897961
219.49204081632655
219.36224489795921
219.2265986394558
219.01816326530613
218.78095238095239
218.64884353741496
218.51986394557824
218.35802721088436
218.19979591836736
218.07102040816326
217.9340136054422
217.84054421768707
217.73455782312925
217.6725850340136
217.6277551020408
217.65149659863945
217.69360544217687
217.67346938775512
217.58972789115646
217.49530612244897
217.4773469387755
217.4674149659864
217.4678911564626
217.4687074829932
217.4617006802721
217.45673469387754
217.45462585034014
217.43319727891156
217.47857142857143
217.57455782312928
217.6751700680272
217.62027210884352
217.5670068027211
217.5365986394558
217.54510204081632
217.5017006802721
217.50687074829932
217.54374149659867
217.60299319727892
217.65469387755104
217.6825170068027
217.69034013605443
217.6451020408163
217.63108843537418
217.61938775510203
217.63190476190476
217.57265306122449
217.58721088435377
217.63428571428574
217.70142857142858
217.70482993197277
217.67448979591836
217.62394557823131
217.62870748299318
217.6703401360544
217.67176870748298
217.63755102040818
217.63850340136054
217.62537414965988
217.62755102040816
217.6129931972789
217.63034013605443
217.57387755102042
217.5330612244898
217.49979591836734
217.54925170068026
217.58544217687074
217.58278911564625
217.52925170068028
217.47115646258504
217.42687074829934
217.40938775510205
217.41986394557824
217.4161224489796
217.40931972789116
217.42687074829934
217.44108843537416
217.38448979591834
217.32585034013607
217.35197278911565
217.37687074829932
217.32210884353742
217.2169387755102
217.14843537414967
217.13727891156464
217.16850340136057
217.19285714285715
217.17836734693878
217.15918367346939
217.15591836734694
217.13904761904763
217.11755102040814
217.0984353741497
217.02292517006805
216.8961904761905
216.80585034013603
216.8481632653061
216.89020408163265
216.86027210884356
216.76605442176873
216.72544217687073
216.6101360544218
216.4329931972789
216.38238095238094
216.4157823129252
216.39333333333332
216.2844897959184
216.2234693877551
216.17136054421766
216.1495918367347
216.08755102040817
215.97149659863945
215.90013605442178
215.82979591836735
215.7125850340136
215.57367346938773
215.5143537414966
215.46775510204083
215.45142857142858
215.43795918367346
215.38714285714286
215.293537414966
215.1631292517007
215.0827210884354
215.03190476190474
215.0070068027211
214.92408163265304
214.79360544217684
214.65795918367346
214.6105442176871
214.54551020408164
214.38197278911565
214.23258503401362
214.17278911564625
214.04884353741497
213.88129251700678
213.75265306122446
213.69170068027213
213.5904761904762
213.4642176870748
213.34639455782315
213.2442857142857
213.10734693877552
212.9648299319728
212.88129251700678
212.7674149659864
212.6020408163265
212.3925850340136
212.17877551020408
211.9686394557823
211.8095238095238
211.66537414965987
211.54115646258506
211.40693877551024
211.2570068027211
211.0765306122449
210.92605442176875
210.72714285714284
210.5447619047619
210.3221768707483
210.13503401360543
209.95380952380953
209.8496598639456
209.7377551020408
209.53843537414969
209.3155782312925
209.07755102040818
208.85965986394558
208.60210884353742
208.37945578231293
208.15829931972786
207.94727891156464
207.69612244897962
207.43945578231293
207.18095238095242
206.89925170068028
206.6357142857143
206.3865306122449
206.11666666666667
205.82945578231295
205.5347619047619
205.26142857142855
205.0192517006803
204.83768707482994
204.62836734693877
204.25591836734694
203.86367346938775
203.54319727891158
203.32585034013604
203.0744217687075
202.83863945578233
202.52537414965985
202.1890476190476
201.8601360544218
201.62598639455783
201.35442176870748
201.076462585034
200.76027210884354
200.47197278911568
200.18074829931973
199.84925170068027
199.4661904761905
199.1378231292517
198.7887074829932
198.44571428571427
198.1200680272109
197.86285714285717
197.54190476190476
197.18795918367348
196.88285714285715
196.61571428571432
196.35537414965987
196.12884353741498
195.83374149659866
195.4744217687075
195.13149659863947
194.83680272108842
194.48591836734693
194.1608843537415
193.88816326530613
193.58156462585038
193.22319727891158
192.87979591836736
192.5386394557823
192.22095238095238
191.930612244898
191.67816326530613
191.3761904761905
191.04081632653063
190.7295238095238
190.5052380952381
190.19027210884354
189.7552380952381
189.3339455782313
189.04666666666665
188.69802721088436
188.29346938775512
187.8791156462585
187.5568707482993
187.1525850340136
186.8321768707483
186.58625850340135
186.4122448979592
186.00408163265303
185.56680272108844
185.0238775510204
184.75598639455785
184.43591836734697
184.16074829931972
183.6931292517007
183.35421768707482
182.97068027210884
182.69238095238097
182.36244897959185
181.94435374149663
181.4182993197279
181.04782312925173
180.69020408163266
180.35551020408164
179.89020408163267
179.4274149659864
178.95455782312928
178.57414965986396
178.16598639455782
177.77108843537417
177.43115646258508
177.0512244897959
176.57843537414965
176.1939455782313
175.89714285714285
175.506462585034
175.08027210884353
174.63380952380953
174.31136054421768
173.94591836734693
173.51829931972787
173.00714285714287
172.59700680272113
172.2830612244898
171.8776870748299
171.4421768707483
170.99714285714288
170.5431292517007
170.17673469387756
169.8496598639456
169.52884353741496
169.03319727891156
168.5527210884354
168.11231292517007
167.72585034013605
167.36809523809524
167.02333333333334
166.59653061224492
166.134693877551
165.745306122449
165.3518367346939
164.97761904761904
164.63789115646256
164.33891156462585
163.98244897959182
163.58326530612246
163.1065306122449
162.71931972789116
162.48523809523812
162.2548299319728
161.9018367346939
161.51258503401363
161.11863945578233
160.71156462585034
160.37755102040816
160.0978231292517
159.7665986394558
159.40945578231293
159.0574149659864
158.71816326530615
158.41421768707482
158.17231292517008
157.85503401360543
157.32142857142856
156.82857142857142
156.50197278911565
156.3504081632653
156.03816326530614
155.68190476190478
155.38
155.11129251700677
154.7374149659864
154.37285714285716
154.06857142857143
153.75687074829932
153.3440136054422
153.04639455782313
152.7865986394558
152.54625850340136
152.2361224489796
151.90673469387755
151.53945578231293
151.15639455782315
150.8343537414966
150.52707482993196
150.29448979591837
150.07006802721088
149.7826530612245
149.3960544217687
149.1138775510204
148.84081632653061
148.6112925170068
148.30428571428573
148.07755102040818
147.8700680272109
147.57972789115647
147.1465986394558
146.73108843537415
146.45482993197277
146.15278911564627
145.84408163265306
145.49659863945578
145.19952380952384
144.95843537414967
144.78095238095239
144.49047619047622
144.21312925170068
143.9859863945578
143.81823129251703
143.5395918367347
143.2123129251701
142.9390476190476
142.72714285714287
142.54591836734696
142.2648979591837
141.94544217687076
141.66333333333336
141.45775510204084
141.20802721088435
141.04285714285714
140.90149659863945
140.57884353741497
140.15938775510205
139.8931292517007
139.70646258503402
139.44551020408161
139.16306122448978
138.7594557823129
138.3747619047619
138.0670068027211
137.8782993197279
137.61707482993197
137.3326530612245
137.07278911564623
136.8034693877551
136.45183673469387
136.0903401360544
135.85476190476192
135.6234693877551
135.42836734693878
135.21551020408162
134.9755782312925
134.59374149659862
134.24278911564625
133.94646258503403
133.7483673469388
133.46115646258505
133.08680272108845
132.82
132.68850340136055
132.39619047619047
132.0303401360544
131.77578231292517
131.53775510204082
131.27238095238096
130.9891836734694
130.68163265306123
130.46673469387756
130.35850340136057
130.12884353741498
129.72129251700682
129.4865986394558
129.21149659863949
129.0529931972789
128.86979591836734
128.77782312925171
128.53401360544217
128.36034013605445
128.16877551020406
128.06564625850342
127.8457823129252
127.56829931972791
127.31455782312926
127.1547619047619
126.97
126.79802721088436
126.581768707483
126.31448979591836
126.02979591836736
125.80700680272109
125.55632653061225
125.33993197278912
125.14251700680273
125.00088435374151
124.85142857142856
124.58421768707483
124.40850340136055
124.33598639455784
124.2782993197279
124.11000000000001
124.0248299319728
123.96625850340136
123.76061224489797
123.6443537414966
123.57530612244898
123.55081632653061
123.31408163265307
123.12972789115648
123.03149659863946
123.12054421768708
123.06401360544217
122.90204081632652
122.71428571428572
122.54727891156463
122.4130612244898
122.33489795918368
122.21891156462586
122.07231292517007
121.91102040816327
121.91469387755102
121.92068027210884
121.91251700680272
121.78360544217686
121.82659863945578
121.83496598639456
121.72428571428573
121.46904761904761
121.31292517006803
121.1387074829932
121.0756462585034
120.9725850340136
120.94523809523811
120.94727891156464
121.01455782312925
121.03210884353742
121.00952380952381
121.00734693877553
120.90965986394556
120.80299319727891
120.8304081632653
120.96482993197279
120.97530612244898
120.73360544217688
120.7004761904762
120.85054421768707
120.99578231292519
120.908231292517
120.87619047619049
120.9370068027211
121.02074829931972
121.12054421768707
121.08020408163266
120.94285714285714
120.87380952380953
121.00857142857143
121.18285714285715
121.36006802721089
121.43646258503402
121.48979591836735
121.60857142857142
121.73687074829932
121.7521768707483
121.721768707483
121.82197278911565
121.89809523809524
121.93721088435375
121.97884353741497
122.05081632653062
122.14095238095237
122.31197278911566
122.48074829931974
122.60170068027212
122.6482993197279
122.8665306122449
123.14421768707483
123.48061224489797
123.77244897959184
123.87156462585034
123.95619047619047
124.20006802721089
124.45591836734694
124.59414965986394
124.84115646258505
125.32523809523809
125.76299319727892
126.1182993197279
126.43136054421768
126.63557823129253
126.72823129251702
126.91578231292519
127.34027210884354
127.72884353741496
128.1512925170068
128.57993197278913
129.0069387755102
129.30278911564625
129.7168027210884
130.16775510204081
130.66020408163268
131.11353741496598
131.58945578231294
131.97680272108843
132.42000000000002
132.87414965986397
133.4161224489796
133.87306122448982
134.26421768707485
134.73639455782313
135.27108843537417
135.8295918367347
136.28292517006804
136.75340136054422
137.1995238095238
137.65136054421768
138.14054421768708
138.5660544217687
138.95863945578233
139.3642176870748
139.90625850340138
140.4357823129252
140.88006802721088
141.26979591836732
141.77408163265306
142.31102040816327
142.83340136054423
143.19965986394556
143.47006802721086
143.6908163265306
144.15476190476193
144.6847619047619
145.16299319727892
145.52993197278911
146.01278911564629
146.39707482993197
146.72312925170067
147.0647619047619
147.4661224489796
147.7968707482993
148.113537414966
148.45768707482995
148.77428571428572
149.05448979591836
149.3810204081633
149.72965986394559
149.98020408163268
150.15074829931973
150.44537414965987
150.8421768707483
151.21823129251703
151.46755102040817
151.623537414966
151.76122448979595
152.00149659863945
152.2389795918367
152.41802721088436
152.52809523809526
152.75183673469388
152.93891156462587
153.17986394557823
153.39625850340138
153.67625850340139
153.72278911564626
153.86863945578227
154.0795238095238
154.38421768707482
154.50938775510204
154.78809523809525
154.97897959183672
155.12081632653064
155.22401360544217
155.43918367346942
155.55224489795918
155.64986394557823
155.76727891156463
155.8629931972789
155.86102040816328
155.88510204081632
155.94680272108846
156.04108843537415
156.22292517006804
156.34850340136055
156.39659863945576
156.37537414965988
156.35843537414965
156.30068027210885
156.27619047619046
156.2504761904762
156.21251700680273
156.15047619047618
156.04095238095238
155.92319727891157
155.83938775510205
155.73965986394558
155.60897959183671
155.44204081632654
155.23244897959185
154.9839455782313
154.86625850340135
154.70455782312925
154.51462585034014
154.1508843537415
153.8522448979592
153.54326530612246
153.27530612244897
152.96204081632652
152.69312925170067
152.41619047619048
152.04707482993197
151.70469387755105
151.35918367346937
150.88367346938773
150.41435374149663
150.04142857142858
149.72986394557824
149.34482993197278
148.96462585034013
148.54789115646258
148.11605442176872
147.69197278911565
147.34333333333333
147.06020408163263
146.7199319727891
146.25863945578232
145.79204081632653
145.2674829931973
144.83401360544218
144.49775510204083
144.23353741496598
143.83455782312924
143.5095918367347
143.1314285714286
142.65020408163264
142.13741496598638
141.76734693877552
141.45197278911564
141.09027210884355
140.7808163265306
140.4791156462585
140.18244897959184
139.82231292517005
139.43312925170068
139.0312925170068
138.79571428571427
138.51312925170066
138.25455782312923
137.9956462585034
137.7236734693878
137.24047619047622
136.84918367346938
136.56136054421768
136.31122448979593
136.00380952380954
135.7961224489796
135.6190476190476
135.32503401360546
134.90401360544217
134.6526530612245
134.47632653061225
134.2063945578231
133.80959183673468
133.43272108843536
133.06380952380954
132.66108843537415
132.31074829931973
132.09272108843538
131.96455782312924
131.7778231292517
131.46292517006802
131.13639455782314
130.848231292517
130.63176870748302
130.48013605442176
130.27659863945578
130.07768707482992
129.80020408163267
129.6191836734694
129.4731292517007
129.40054421768707
129.23945578231292
129.07210884353742
128.94476190476192
128.8374149659864
128.6377551020408
128.38598639455785
128.23816326530613
128.21455782312927
128.18959183673468
128.0995918367347
127.82340136054421
127.57768707482994
127.391768707483
127.29857142857142
127.14619047619048
127.02918367346939
127.11972789115646
127.31414965986394
127.4152380952381
127.23857142857142
127.13986394557821
127.0655782312925
127.0004081632653
126.98952380952382
126.94367346938776
126.82809523809524
126.85421768707482
126.97489795918366
126.97530612244898
126.911768707483
126.94727891156464
126.9626530612245
127.02503401360545
127.0304081632653
127.0729931972789
127.07870748299321
127.00448979591837
126.86142857142858
126.96482993197279
127.16367346938776
127.19850340136055
127.23360544217688
127.31863945578232
127.39904761904764
127.35489795918369
127.41414965986395
127.53258503401361
127.6470068027211
127.78163265306122
127.95925170068027
128.1142176870748
128.2301360544218
128.36911564625854
128.5495918367347
128.72136054421767
128.74115646258502
128.80639455782313
128.97680272108846
129.18251700680273
129.2814285714286
129.37850340136055
129.5909523809524
129.77074829931973
129.9738775510204
130.0634693877551
130.04224489795916
130.10074829931975
130.23639455782313
130.4365306122449
130.47795918367348
130.5412925170068
130.63687074829932
130.8181632653061
130.8843537414966
130.928231292517
131.0255782312925
131.21721088435373
131.30789115646257
131.38299319727892
131.5461224489796
131.6851020408163
131.90761904761905
132.07353741496598
132.25673469387755
132.34176870748303
132.64789115646258
133.01986394557824
133.3304081632653
133.53231292517006
133.65163265306123
133.8454421768708
134.07727891156463
134.2872789115646
134.3765306122449
134.5265306122449
134.7025170068027
134.84278911564627
135.00183673469388
135.1809523809524
135.28680272108843
135.37673469387755
135.38183673469388
135.45231292517008
135.50931972789115
135.70408163265307
135.80986394557823
136.02632653061224
136.19190476190477
136.38646258503402
136.59938775510204
136.74163265306123
136.8068707482993
137.00394557823128
137.28374149659865
137.4587074829932
137.47000000000003
137.60598639455782
137.83333333333331
138.05789115646257
138.20782312925172
138.34816326530614
138.5051700680272
138.6257823129252
138.82068027210886
139.19782312925173
139.55931972789116
139.8034013605442
139.95666666666668
140.18721088435376
140.36054421768708
140.6425170068027
141.01476190476194
141.44210884353743
141.7944897959184
142.13333333333333
142.42455782312925
142.75809523809525
143.21367346938774
143.5830612244898
144.0178231292517
144.46401360544218
144.934693877551
145.2965306122449
145.8643537414966
146.49972789115645
147.1473469387755
147.70136054421766
148.30557823129251
149.02374149659866
149.78299319727893
150.5442857142857
151.27816326530612
152.20333333333332
153.2248979591837
154.28945578231293
155.2838775510204
156.42387755102044
157.60931972789115
158.84755102040816
159.96428571428572
161.0221768707483
161.97680272108843
162.99673469387756
163.97408163265305
164.8421768707483
165.67836734693876
166.56965986394556
167.3248299319728
167.83931972789117
168.238843537415
168.58285714285714
168.76891156462585
168.90129251700682
169.09448979591838
169.3817006802721
169.57034013605443
169.801768707483
169.96238095238095
170.15183673469392
170.25421768707486
170.43551020408162
170.65673469387755
171.0448979591837
171.433537414966
171.86693877551022
172.38530612244898
172.92204081632656
173.3125850340136
173.6821088435374
174.13285714285712
174.50210884353743
174.83244897959185
175.10319727891158
175.18503401360545
175.26414965986396
175.5061224489796
175.85408163265305
176.05659863945579
176.17054421768708
176.4674149659864
176.84578231292517
177.15605442176872
177.3087074829932
177.3418367346939
177.2265986394558
177.12299319727893
177.09367346938777
176.89891156462585
176.45802721088438
175.94585034013608
175.35149659863947
174.788843537415
173.91210884353742
172.92993197278915
171.56448979591838
170.03972789115647
168.14210884353741
166.30816326530612
164.50687074829932
162.8552380952381
161.02285714285716
158.83326530612246
156.23068027210883
153.46789115646257
150.85748299319727
148.53197278911563
146.56714285714287
144.6386394557823
142.70829931972787
140.8225850340136
138.9900680272109
137.12537414965988
135.3734693877551
134.01510204081634
132.68965986394556
131.30278911564625
129.8170068027211
128.33190476190478
126.79544217687075
125.30183673469388
123.78891156462586
122.1221768707483
120.28714285714287
118.41462585034014
116.74408163265306
115.18877551020408
113.77142857142859
112.1870068027211
110.7691156462585
109.47741496598638
108.4934013605442
107.62489795918368
106.77727891156462
105.6587074829932
104.34401360544217
102.86442176870749
101.28312925170069
99.28068027210885
97.10244897959184
94.9208843537415
92.86591836734694
90.82034013605438
89.00979591836733
