134.5657142857143
134.48714285714277
134.5442857142857
134.55802721088438
134.55204081632655
134.52680272108842
134.43401360544217
134.2712244897959
134.27197278911564
134.42197278911567
134.4825170068027
134.3565306122449
134.05639455782313
133.6852380952381
133.4522448979592
133.45816326530613
133.38673469387754
133.48673469387757
133.61238095238093
133.66034013605443
133.31591836734697
133.12326530612248
132.99040816326533
132.95857142857142
132.88755102040815
132.77870748299318
132.75421768707486
132.73884353741497
132.7986394557823
132.77142857142857
132.85993197278913
132.8865986394558
132.87938775510204
132.68510204081633
132.50197278911565
132.38156462585033
132.23693877551023
132.0152380952381
131.90761904761905
131.9510204081633
132.1438775510204
132.5439455782313
132.80748299319728
132.8496598639456
132.80102040816328
132.77734693877554
132.65129251700682
132.63380952380953
132.65340136054422
132.6538095238095
132.55503401360545
132.49095238095236
132.4278911564626
132.53333333333336
132.64353741496598
132.66809523809522
132.53897959183672
132.59863945578235
132.89455782312925
133.00299319727893
132.853537414966
132.71823129251703
132.8313605442177
132.90149659863948
132.94721088435375
132.9174829931973
132.96299319727893
133.05816326530612
133.06680272108844
132.92591836734692
132.71802721088434
132.58340136054423
132.58462585034013
132.6661224489796
132.8412925170068
133.00836734693877
133.13537414965987
133.05401360544215
132.96591836734694
133.03564625850342
133.13632653061225
133.08673469387756
132.8678231292517
132.67687074829934
132.53639455782314
132.41972789115647
132.41442176870748
132.38598639455785
132.52414965986395
132.70258503401362
132.84421768707483
132.91523809523812
133.08714285714285
133.17374149659864
133.13183673469388
133.04299319727892
132.96551020408162
132.89925170068028
132.9195238095238
133.0559863945578
133.19884353741494
133.36721088435377
133.45782312925172
133.4703401360544
133.47197278911565
133.5508163265306
133.77408163265306
134.0373469387755
134.37190476190477
134.72210884353746
135.1374149659864
135.54272108843537
135.8953741496599
136.20020408163265
136.52068027210885
136.73857142857145
136.86938775510205
137.16544217687076
137.69768707482996
138.1344897959184
138.44312925170067
138.79040816326528
139.20700680272108
139.57156462585033
139.91809523809525
140.18802721088434
140.45557823129252
140.68360544217688
140.91585034013605
140.9825170068027
141.20646258503402
141.52231292517007
141.91183673469388
142.08891156462585
142.29163265306124
142.6330612244898
142.9700680272109
143.33414965986395
143.72095238095238
144.1909523809524
144.61625850340135
145.23857142857145
145.85387755102042
146.3125850340136
146.6071428571429
146.97979591836736
147.48877551020408
148.12278911564624
148.65578231292517
149.10945578231295
149.66278911564626
150.2391156462585
150.62666666666667
150.9647619047619
151.36761904761903
151.7452380952381
152.16585034013605
152.6943537414966
153.26999999999998
153.84224489795918
154.39428571428573
154.94190476190477
155.654693877551
156.5548299319728
157.45115646258506
158.29122448979595
159.1287074829932
159.9674149659864
160.72455782312926
161.50625850340134
162.26027210884357
163.05816326530612
163.86727891156465
164.87061224489798
165.77993197278914
166.7547619047619
167.66197278911565
168.73496598639457
169.79278911564626
170.96646258503404
172.046462585034
173.36414965986395
174.68367346938774
176.15571428571428
177.5291836734694
179.19414965986394
180.74027210884353
182.3125850340136
183.78884353741498
185.4691156462585
186.8930612244898
188.2391156462585
189.4934693877551
190.85931972789115
191.96448979591838
193.0322448979592
194.14639455782316
195.43585034013606
196.6299319727891
197.7183673469388
198.7727210884354
199.91319727891158
200.97891156462586
202.00163265306122
202.91319727891158
203.8138095238095
204.6687074829932
205.46891156462587
206.28612244897963
207.15326530612242
207.92734693877551
208.68585034013606
209.4099319727891
210.1552380952381
210.84312925170067
211.5239455782313
212.21190476190478
212.85755102040818
213.38333333333333
213.8647619047619
214.4231292517007
214.97285714285715
215.40442176870746
215.8327210884354
216.17741496598637
216.51421768707485
216.88142857142856
217.251768707483
217.561768707483
217.85319727891158
218.07714285714286
218.22360544217688
218.38088435374152
218.56435374149663
218.75340136054422
218.94843537414965
219.05959183673468
219.087074829932
219.10598639455785
219.1227210884354
219.05292517006802
218.91469387755103
218.81210884353743
218.6744217687075
218.47653061224491
218.24190476190478
218.05993197278914
217.8629931972789
217.57816326530613
217.22823129251702
216.91183673469388
216.5448299319728
216.1647619047619
215.72761904761904
215.31156462585034
214.89877551020408
214.50360544217688
213.94585034013608
213.30639455782313
212.74891156462587
212.30115646258506
211.70802721088438
211.10734693877555
210.44210884353743
209.87204081632655
209.23775510204084
208.64285714285714
208.01047619047623
207.39693877551022
206.67836734693878
206.01904761904763
205.37115646258508
204.7540136054422
204.0204761904762
203.37687074829932
202.65204081632652
202.01857142857142
201.37795918367348
200.79775510204084
200.1982993197279
199.63605442176873
199.0134013605442
198.35598639455782
197.70353741496598
197.18768707482997
196.69353741496602
196.25408163265308
195.8
195.44707482993198
195.03142857142856
194.6013605442177
194.19632653061225
193.93666666666667
193.67979591836735
193.36510204081634
192.97931972789115
192.72170068027214
192.46972789115645
192.26897959183674
192.12585034013605
192.03183673469388
191.84952380952382
191.66938775510204
191.55537414965988
191.45530612244897
191.2943537414966
191.17809523809524
191.18136054421768
191.2665986394558
191.28020408163266
191.2696598639456
191.28197278911563
191.39414965986396
191.53897959183675
191.66755102040815
191.68163265306123
191.75897959183675
191.90013605442175
192.12836734693877
192.36244897959187
192.5652380952381
192.62891156462587
192.69340136054421
192.88380952380953
193.1061224489796
193.2692517006803
193.33278911564625
193.53503401360547
193.64863945578233
193.68870748299318
193.74585034013606
193.99496598639456
194.18326530612245
194.3178911564626
194.46972789115648
194.57843537414965
194.61238095238096
194.70850340136056
194.9293197278912
195.14265306122448
195.2243537414966
195.25829931972788
195.36312925170068
195.4405442176871
195.466462585034
195.50591836734694
195.61061224489796
195.65000000000003
195.72149659863948
195.77857142857144
195.81503401360547
195.83
195.85360544217687
195.87659863945578
195.8872789115646
195.93503401360545
195.97006802721086
196.02462585034016
196.08333333333337
196.16020408163266
196.1883673469388
196.18707482993196
196.11741496598643
196.04068027210886
195.99823129251703
195.98591836734695
195.99061224489796
196.00122448979593
196.09197278911566
196.1870068027211
196.2195918367347
196.11802721088435
196.0308843537415
195.98408163265304
196.00673469387755
195.95823129251704
195.88312925170067
195.86578231292515
195.8762585034014
195.88857142857145
195.80564625850343
195.81380952380954
195.7604761904762
195.71367346938774
195.6374829931973
195.62115646258502
195.60680272108846
195.5234693877551
195.46360544217686
195.43136054421768
195.4148299319728
195.30414965986395
195.2339455782313
195.1952380952381
195.0482993197279
194.84850340136055
194.67612244897958
194.6086394557823
194.57482993197277
194.63591836734693
194.5996598639456
194.47721088435375
194.33333333333337
194.26707482993194
194.1869387755102
194.01884353741497
193.8675510204082
193.67414965986396
193.52428571428572
193.43680272108847
193.39251700680273
193.31544217687076
193.21353741496597
193.11448979591836
192.95285714285717
192.8322448979592
192.66625850340134
192.45482993197282
192.28360544217688
192.1834693877551
192.0900680272109
191.99414965986398
191.88068027210886
191.72775510204082
191.58591836734695
191.41517006802724
191.221768707483
190.96360544217686
190.8222448979592
190.61088435374148
190.42544217687075
190.1976870748299
190.08333333333331
189.90836734693877
189.76142857142858
189.6413605442177
189.5134013605442
189.29591836734696
189.06612244897963
188.78006802721086
188.5165306122449
188.28544217687076
188.18564625850343
187.96231292517007
187.66476190476192
187.3338775510204
187.1978231292517
187.012925170068
186.76027210884354
186.47816326530614
186.3660544217687
186.20183673469387
185.99755102040817
185.65755102040816
185.3047619047619
185.0313605442177
184.9000680272109
184.69476190476192
184.423537414966
184.1582993197279
183.8260544217687
183.43149659863946
183.1352380952381
182.94312925170067
182.69231292517009
182.27061224489796
181.87224489795918
181.56612244897963
181.30632653061227
180.8882993197279
180.46020408163267
180.11653061224493
179.90360544217685
179.60925170068026
179.22421768707483
178.92346938775512
178.6825850340136
178.37013605442178
177.97823129251702
177.70299319727891
177.42197278911564
177.03727891156467
176.6031292517007
176.17346938775512
175.77979591836737
175.45380952380953
175.21884353741495
174.93863945578232
174.58693877551022
174.19557823129253
173.80952380952382
173.39537414965986
173.08843537414964
172.82244897959185
172.4696598639456
171.91517006802724
171.5127210884354
171.1726530612245
170.86278911564625
170.4304761904762
170.1040136054422
169.69163265306125
169.3330612244898
168.9374149659864
168.7038775510204
168.37020408163264
167.98108843537415
167.60884353741497
167.30857142857144
166.8379591836735
166.3630612244898
166.02421768707484
165.7425850340136
165.34585034013605
164.9308843537415
164.4947619047619
164.12897959183675
163.7213605442177
163.26884353741497
162.85231292517005
162.50306122448978
162.15020408163264
161.76931972789117
161.33312925170068
160.9178231292517
160.46632653061224
160.06414965986397
159.70816326530613
159.33755102040814
158.82999999999998
158.33306122448982
157.88020408163266
157.4708163265306
156.98108843537415
156.52414965986392
156.0770068027211
155.71503401360545
155.24136054421768
154.6987074829932
154.1882993197279
153.83986394557826
153.49687074829933
153.01006802721088
152.44653061224489
151.99857142857144
151.59816326530614
151.17918367346942
150.64843537414964
150.07
149.56986394557822
149.14163265306124
148.61571428571432
148.00646258503403
147.51326530612243
147.05326530612243
146.59108843537413
146.08639455782316
145.60816326530613
145.05938775510202
144.5578231292517
144.14068027210885
143.7130612244898
143.13761904761907
142.5705442176871
142.1112925170068
141.62625850340137
141.05374149659866
140.51197278911565
140.09476190476192
139.69482993197278
139.2130612244898
138.66891156462586
138.17210884353744
137.70918367346937
137.19795918367345
136.62265306122453
136.01578231292515
135.5012244897959
135.05176870748298
134.7182993197279
134.31768707482993
133.80190476190478
133.27156462585032
132.77374149659863
132.3478911564626
131.74
131.26979591836732
130.83108843537414
130.47448979591837
129.9078911564626
129.37687074829932
128.98843537414967
128.623537414966
128.2378911564626
127.71482993197279
127.19877551020409
126.71156462585034
126.31897959183674
125.87836734693879
125.42462585034015
124.97993197278912
124.47761904761906
123.95870748299319
123.48034013605442
123.0600680272109
122.49149659863946
121.88292517006803
121.44496598639456
121.16816326530612
120.83877551020407
120.30414965986395
119.7765306122449
119.2587074829932
118.87925170068027
118.49469387755101
118.0842857142857
117.71884353741495
117.3308843537415
116.85802721088436
116.37074829931973
116.03789115646259
115.6882993197279
115.19224489795917
114.7030612244898
114.27034013605441
113.87965986394558
113.4956462585034
113.14809523809524
112.74680272108844
112.27809523809523
111.80170068027212
111.34768707482992
110.93571428571427
110.54496598639456
110.13027210884353
109.76673469387755
109.40727891156463
109.00448979591837
108.6008843537415
108.26278911564627
107.90653061224491
107.48183673469387
107.11387755102041
106.6978231292517
106.21897959183673
105.72843537414965
105.19183673469388
104.82455782312925
104.5796598639456
104.26904761904763
103.67823129251701
103.0844217687075
102.69408163265307
102.38095238095238
102.03755102040816
101.68768707482994
101.49244897959183
101.11197278911565
100.67108843537414
100.3368707482993
100.00639455782313
99.5678231292517
99.1631292517007
98.80775510204082
98.39748299319729
98.0948299319728
97.80761904761906
97.4769387755102
97.12013605442178
96.70619047619047
96.381768707483
96.07061224489796
95.70054421768708
95.19680272108845
94.8078911564626
94.40027210884355
94.0691836734694
93.60863945578231
93.19061224489798
92.79251700680273
92.50353741496599
92.24136054421768
91.99367346938776
91.63836734693878
91.26693877551021
90.94945578231292
90.66197278911565
90.17571428571429
89.80190476190477
89.48387755102041
89.2147619047619
88.8887074829932
88.5817006802721
88.2791156462585
87.92965986394557
87.53687074829932
87.12244897959184
86.82979591836735
86.55176870748299
86.24625850340136
85.95659863945579
85.73380952380953
85.44251700680272
85.14401360544218
84.84551020408163
84.43938775510205
84.01414965986396
83.7100680272109
83.58285714285715
83.3982993197279
83.14387755102041
82.9739455782313
82.71557823129251
82.36346938775512
82.14578231292516
81.98918367346938
81.69578231292518
81.45666666666666
81.31741496598639
81.16074829931972
80.90251700680273
80.64619047619047
80.24904761904763
79.94360544217687
79.69224489795918
79.48489795918368
79.27714285714285
79.10163265306122
78.89945578231291
78.53646258503403
78.21190476190478
78.12925170068027
78.18544217687075
77.98360544217688
77.6878911564626
77.40789115646258
77.2291836734694
76.9882993197279
76.82068027210885
76.7334693877551
76.5969387755102
76.35054421768707
76.09714285714286
76.00394557823128
75.84455782312925
75.65299319727893
75.41537414965987
75.35972789115648
75.24707482993196
75.19061224489796
75.05455782312924
74.88027210884354
74.61265306122449
74.42680272108845
74.3461224489796
74.25265306122449
74.21394557823132
74.13142857142857
73.95183673469387
73.73346938775511
73.57931972789115
73.55707482993196
73.62945578231293
73.72387755102042
73.58428571428571
73.19748299319728
72.8865306122449
72.77571428571429
72.71367346938774
72.55578231292517
72.42353741496598
72.27925170068028
72.19904761904762
72.1329931972789
72.06047619047618
72.0795238095238
72.08571428571429
72.02544217687075
71.91204081632654
71.90857142857143
71.86278911564627
71.74551020408164
71.63442176870748
71.51006802721088
71.55197278911564
71.49517006802722
71.42346938775512
71.36503401360545
71.45714285714286
71.49727891156462
71.38374149659865
71.21891156462586
71.1195918367347
71.15142857142858
71.14857142857144
71.1421768707483
71.25136054421769
71.31687074829932
71.3251700680272
71.31149659863945
71.30823129251701
71.29965986394558
71.34707482993198
71.35210884353741
71.33482993197279
71.26843537414967
71.29013605442177
71.24401360544218
71.29163265306121
71.28598639455782
71.34761904761905
71.4495918367347
71.58646258503401
71.71244897959184
71.791768707483
71.96530612244898
72.03197278911564
72.11721088435374
72.24251700680273
72.34714285714286
72.37700680272108
72.58204081632653
72.81510204081633
72.91108843537415
72.99088435374149
73.29557823129251
73.59925170068027
73.75802721088436
73.80238095238096
73.94027210884354
74.19013605442177
74.49312925170068
74.86340136054422
75.21680272108844
75.39081632653063
75.45061224489795
75.73244897959182
76.1947619047619
76.56741496598639
76.81972789115648
77.12292517006803
77.44299319727891
77.75795918367348
78.24625850340136
78.70224489795919
79.09414965986396
79.42850340136053
79.8687074829932
80.1678231292517
80.51598639455783
80.87639455782313
81.3330612244898
81.82863945578231
82.29149659863947
82.65693877551021
82.9174149659864
83.32986394557824
83.78972789115647
84.26319727891156
84.64204081632653
85.02857142857144
85.3647619047619
85.72421768707483
86.13197278911565
86.60544217687074
86.97204081632654
87.32244897959183
87.67068027210885
88.06326530612245
88.56142857142858
88.96428571428572
89.22244897959185
89.44414965986394
89.84646258503402
90.29163265306124
90.64897959183673
90.99074829931973
91.34789115646258
91.79476190476191
92.16850340136055
92.58115646258504
92.96006802721087
93.33190476190477
93.54020408163264
93.83748299319728
94.06775510204082
94.40462585034015
94.72367346938776
95.18353741496598
95.61863945578231
95.95170068027211
96.16115646258504
96.33244897959185
96.60319727891158
96.8278911564626
97.12904761904761
97.48068027210886
97.90299319727892
98.0556462585034
98.12278911564626
98.28006802721089
98.6770068027211
98.98850340136055
99.27666666666667
99.56319727891157
99.85299319727892
100.05782312925169
100.37414965986395
100.79748299319728
101.1430612244898
101.31755102040817
101.5086394557823
101.69761904761904
101.89204081632653
102.11965986394557
102.31102040816326
102.3882993197279
102.53707482993197
102.73931972789117
102.88802721088436
102.92421768707483
102.93993197278913
102.89156462585034
102.93027210884354
102.93312925170069
102.87278911564626
102.82163265306122
102.77163265306125
102.70578231292517
102.59408163265307
102.46659863945578
102.25680272108842
102.02938775510204
101.84877551020409
101.5621768707483
101.38721088435375
101.025306122449
100.86265306122448
100.78149659863945
100.51523809523809
99.86278911564627
99.2709523809524
98.96782312925171
98.77816326530612
98.46421768707484
98.00197278911565
97.47299319727891
97.17734693877551
96.75836734693878
96.20707482993197
95.69578231292516
95.32904761904763
94.97748299319728
94.44428571428571
93.96897959183674
93.52721088435375
93.17979591836736
92.72544217687076
92.30380952380953
91.99972789115647
91.81891156462585
91.4995918367347
90.96945578231292
90.34707482993198
89.80312925170068
89.44619047619048
89.17462585034014
88.83380952380952
88.50755102040817
88.12673469387755
87.67448979591836
87.1673469387755
86.87598639455783
86.50319727891156
86.15925170068027
85.83210884353741
85.64707482993198
85.35142857142857
84.9730612244898
84.57755102040817
84.23278911564626
83.98680272108845
83.66503401360545
83.41510204081634
83.11557823129252
82.90986394557822
82.6074829931973
82.3382993197279
82.01666666666668
81.84585034013605
81.61659863945579
81.3187074829932
80.90272108843538
80.64238095238096
80.4122448979592
80.19768707482993
79.98421768707482
79.67680272108844
79.33326530612246
78.83102040816325
78.53258503401361
78.18544217687077
78.04353741496598
77.7960544217687
77.65278911564626
77.37510204081633
77.20122448979592
77.00741496598638
76.84496598639457
76.68102040816328
76.5413605442177
76.43380952380953
76.28530612244897
76.13619047619048
75.99986394557823
75.86095238095238
75.67027210884353
75.49836734693878
75.46727891156462
75.43530612244898
75.32727891156463
75.12816326530611
74.85142857142856
74.88095238095238
74.873537414966
74.81244897959184
74.58700680272109
74.66904761904762
74.63687074829932
74.58646258503401
74.51748299319729
74.49748299319728
74.3512925170068
74.29272108843537
74.32034013605443
74.29952380952382
74.26639455782313
74.19163265306122
74.24231292517007
74.26163265306124
74.25938775510204
74.16639455782312
74.13959183673468
74.05802721088435
74.00829931972788
74.1261224489796
74.22578231292518
74.22619047619048
74.08938775510204
74.1421768707483
74.21034013605443
74.38183673469388
74.40448979591837
74.45768707482992
74.42346938775512
74.45285714285714
74.55394557823129
74.66183673469388
74.71972789115645
74.8038775510204
74.90074829931973
74.9939455782313
75.06115646258505
75.18115646258505
75.21748299319728
75.35911564625852
75.48428571428572
75.68231292517007
75.86585034013606
76.08204081632653
76.23727891156463
76.37809523809523
76.60591836734694
76.70530612244899
76.72380952380952
76.84482993197278
77.09496598639456
77.29530612244898
77.41700680272109
77.58095238095237
77.7065306122449
77.79625850340136
77.94632653061224
78.1434693877551
78.2722448979592
78.40394557823129
78.66292517006804
78.8404761904762
78.7512925170068
78.78469387755102
79.04115646258504
79.24537414965985
79.34401360544217
79.48489795918367
79.70843537414967
79.82367346938776
79.90394557823129
80.04278911564626
80.28102040816327
80.5147619047619
80.70857142857143
81.031768707483
81.30095238095238
81.5352380952381
81.72999999999999
81.84986394557822
82.00421768707483
82.19183673469388
82.44979591836736
82.70625850340136
82.90571428571428
82.98748299319728
83.09197278911566
83.41578231292516
83.63428571428571
83.7657142857143
83.83952380952381
83.991768707483
84.09156462585034
84.09360544217688
84.16782312925172
84.24782312925171
84.36659863945579
84.4782993197279
84.72816326530614
84.98040816326531
85.06598639455783
85.2540136054422
85.51414965986395
85.76204081632653
85.95836734693877
86.13353741496599
86.3387074829932
86.56918367346938
86.77190476190476
86.94142857142857
87.10775510204083
87.3274149659864
87.49142857142857
87.66183673469388
87.75795918367346
87.9356462585034
88.34877551020408
88.7304761904762
88.93768707482994
89.13748299319728
89.45537414965986
89.82142857142857
90.23238095238096
90.6896598639456
91.12496598639457
91.4891836734694
91.86061224489796
92.28448979591838
92.64510204081633
93.11877551020407
93.7256462585034
94.21176870748299
94.50408163265305
94.96102040816328
95.5582993197279
96.1534693877551
96.8208163265306
97.51455782312925
98.1544217687075
98.76244897959182
99.55333333333334
100.34047619047618
101.34564625850341
102.53775510204082
103.73197278911563
104.87278911564627
106.17727891156463
107.64544217687074
109.24265306122449
110.97367346938775
112.71612244897959
114.28721088435375
115.87517006802722
117.52088435374151
119.21190476190476
120.91789115646259
122.4165986394558
123.53149659863946
124.19170068027213
124.69877551020409
125.05687074829932
125.18340136054422
125.08251700680273
125.18986394557824
125.47387755102041
125.6800680272109
125.74353741496599
125.8565986394558
125.9312925170068
125.94292517006802
126.02272108843538
126.18496598639456
126.2948299319728
126.45346938775509
126.77333333333334
127.18102040816325
127.53108843537414
127.80551020408163
128.07374149659864
128.36632653061224
128.70231292517008
128.84054421768707
128.87374149659865
128.74517006802722
128.7165306122449
128.74639455782312
129.03680272108843
129.39931972789114
129.77421768707484
129.92727891156463
130.00673469387755
130.28183673469385
130.684693877551
130.88190476190476
130.76333333333332
130.40857142857146
129.9134693877551
129.37088435374147
128.98353741496598
128.44102040816327
127.86639455782314
127.31836734693879
126.90455782312927
126.126462585034
125.11680272108845
123.7409523809524
121.87
119.60877551020408
117.40272108843538
115.31517006802723
113.29258503401361
111.45136054421768
109.7599319727891
107.7138775510204
105.61591836734695
103.62537414965988
101.99687074829933
100.39775510204082
98.80204081632652
97.12244897959184
95.50027210884355
93.8448299319728
92.13190476190476
90.4826530612245
89.01619047619049
87.49442176870748
86.07843537414966
84.60965986394558
83.09401360544217
81.45761904761906
80.10897959183674
78.86945578231293
77.57707482993197
75.938231292517
74.35421768707482
73.03659863945578
71.86938775510205
70.62340136054422
69.32666666666667
68.27843537414967
67.43523809523809
66.9639455782313
66.72591836734695
66.4278911564626
65.6938775510204
64.71557823129251
63.851088435374145
62.815714285714286
61.458163265306126
59.94836734693878
58.21802721088436
56.69761904761905
55.195238095238054
53.379761904761835
