165.54904761904763
165.91333333333327
166.3704761904762
166.77210884353744
167.00462585034015
167.13884353741497
167.28938775510204
167.46326530612242
167.59197278911563
167.80163265306123
167.89197278911564
167.75897959183675
167.46068027210885
167.1948979591837
167.01115646258506
167.0031292517007
167.11775510204083
167.23156462585035
167.35387755102042
167.47537414965987
167.42061224489794
167.2151700680272
167.04156462585036
166.94081632653064
166.93741496598642
166.9743537414966
166.99591836734695
166.99197278911564
166.96231292517007
166.95938775510203
166.93006802721087
166.92843537414967
166.84428571428572
166.78755102040816
166.71816326530612
166.60714285714286
166.4887755102041
166.4548299319728
166.35278911564626
166.24408163265306
166.3421088435374
166.56034013605444
166.61108843537414
166.52551020408163
166.36680272108845
166.2195918367347
166.13367346938776
166.08843537414967
166.06802721088437
166.15251700680273
166.19340136054421
166.08639455782313
166.00367346938776
166.10326530612247
166.20448979591836
166.331768707483
166.40414965986395
166.5439455782313
166.65428571428572
166.69755102040818
166.66857142857145
166.58843537414967
166.5909523809524
166.6639455782313
166.6987074829932
166.64088435374148
166.61517006802723
166.66
166.6409523809524
166.57258503401363
166.46693877551022
166.41272108843538
166.5738095238095
166.7768707482993
166.867074829932
166.85625850340136
166.88333333333333
166.9070068027211
166.91251700680272
166.9459863945578
166.9227210884354
166.78625850340137
166.68673469387755
166.8195238095238
167.03972789115647
167.13639455782314
167.17782312925172
167.20102040816326
167.2636054421769
167.35469387755103
167.44455782312926
167.40897959183673
167.4039455782313
167.52605442176872
167.5936734693878
167.5813605442177
167.49632653061224
167.51061224489797
167.4382993197279
167.5234693877551
167.6595918367347
167.8723129251701
167.98251700680274
168.1500680272109
168.3639455782313
168.55068027210882
168.70034013605442
168.91625850340137
169.23585034013607
169.50326530612244
169.7266666666667
169.91632653061225
170.00768707482993
170.1468707482993
170.33054421768708
170.57013605442177
170.79496598639457
171.22530612244896
171.5573469387755
171.85816326530613
172.26925170068026
172.88605442176873
173.3487755102041
173.62482993197278
173.82108843537415
174.04170068027213
174.30401360544218
174.63945578231295
174.90340136054425
175.177074829932
175.48755102040815
175.80755102040814
176.07142857142856
176.44244897959186
176.8465986394558
177.2843537414966
177.69326530612244
178.1329931972789
178.57829931972793
179.11734693877554
179.6169387755102
180.14523809523808
180.72394557823128
181.32231292517005
181.8776870748299
182.50482993197284
183.21496598639456
184.00040816326532
184.74034013605444
185.57149659863944
186.3842857142857
187.23380952380953
187.90537414965985
188.53755102040816
189.17149659863946
189.83353741496597
190.47870748299323
191.2121768707483
192.03687074829932
192.7843537414966
193.411768707483
194.14190476190475
194.90795918367346
195.7377551020408
196.55571428571432
197.46265306122447
198.25931972789118
199.21625850340135
199.99489795918367
200.79000000000002
201.5440136054422
202.4691836734694
203.12755102040813
203.78680272108843
204.48170068027213
205.29625850340136
206.0497278911565
206.76959183673472
207.41931972789118
208.19306122448978
208.93129251700682
209.67551020408163
210.25965986394556
210.98000000000002
211.58938775510205
212.26959183673472
212.8612925170068
213.55945578231297
214.20387755102044
214.8512925170068
215.46312925170068
216.09761904761908
216.74482993197282
217.38605442176873
217.9744217687075
218.52122448979594
219.05993197278912
219.6056462585034
220.1636734693878
220.68020408163267
221.15163265306126
221.66829931972788
222.17789115646258
222.69795918367345
223.17591836734695
223.59877551020406
224.03102040816327
224.48061224489797
224.95727891156463
225.29931972789117
225.71727891156462
226.1314285714286
226.48870748299322
226.753537414966
227.01108843537415
227.33605442176872
227.63448979591834
227.99503401360545
228.21877551020407
228.4044217687075
228.53585034013605
228.7848979591837
229.0221768707483
229.2212925170068
229.33224489795919
229.47836734693877
229.60299319727892
229.7004081632653
229.83721088435374
230.03979591836733
230.1461224489796
230.1479591836735
230.13340136054427
230.11605442176872
230.09530612244896
230.1496598639456
230.13326530612244
230.03469387755104
229.8366666666667
229.753537414966
229.6643537414966
229.56925170068027
229.3778231292517
229.2155782312925
229.04333333333332
228.8161904761905
228.5838775510204
228.37598639455786
228.1878911564626
227.94340136054421
227.6191156462585
227.23523809523812
226.86380952380952
226.52700680272108
226.22673469387755
225.9096598639456
225.62095238095242
225.2895918367347
224.95734693877552
224.59190476190477
224.20979591836735
223.80238095238093
223.41326530612247
223.05224489795918
222.6326530612245
222.1922448979592
221.84122448979593
221.52530612244897
221.07959183673472
220.50333333333336
220.03619047619048
219.62238095238098
219.2348299319728
218.7847619047619
218.39074829931974
217.92632653061224
217.49639455782312
217.0214285714286
216.60734693877552
216.21013605442178
215.90503401360544
215.46605442176872
214.95639455782313
214.50748299319727
214.20204081632653
213.88687074829932
213.53727891156467
213.22972789115647
212.9134693877551
212.6357823129252
212.32578231292516
212.0140136054422
211.7178911564626
211.43244897959187
211.2552380952381
211.08387755102044
210.9078231292517
210.6157823129252
210.42000000000002
210.23414965986396
210.07224489795917
209.91598639455782
209.79693877551023
209.66816326530613
209.52632653061227
209.428843537415
209.35020408163265
209.23306122448983
209.07265306122446
208.95455782312925
208.90013605442178
208.8378911564626
208.7499319727891
208.77054421768707
209.0069387755102
209.2331292517007
209.21605442176872
209.09925170068027
209.1682993197279
209.36374149659864
209.45952380952383
209.42945578231294
209.38897959183674
209.42360544217686
209.5647619047619
209.69210884353743
209.69496598639455
209.70129251700683
209.75013605442177
209.81591836734697
209.75564625850342
209.74714285714285
209.76891156462585
209.8787755102041
209.91163265306125
209.9244217687075
209.8703401360544
209.82081632653063
209.79367346938778
209.8421088435374
209.9655782312925
210.02809523809526
210.07653061224494
210.06816326530617
210.10394557823133
210.05843537414967
210.03795918367348
210.05170068027212
210.12251700680275
210.19632653061228
210.1826530612245
210.11789115646258
210.02789115646257
210.03020408163266
210.005306122449
210.0425850340136
210.07238095238097
210.0974149659864
210.0992517006803
210.07231292517008
210.04176870748302
209.99204081632655
209.99367346938777
209.94340136054421
209.88986394557824
209.85666666666665
209.8313605442177
209.7860544217687
209.71428571428575
209.74986394557823
209.82619047619048
209.87319727891156
209.8538095238095
209.80714285714285
209.74319727891157
209.6456462585034
209.5893197278912
209.53721088435373
209.53911564625852
209.5312925170068
209.45068027210885
209.35197278911568
209.33129251700683
209.3547619047619
209.25877551020406
209.12414965986395
209.02108843537417
209.00496598639458
208.96238095238095
208.90972789115645
208.83585034013606
208.80367346938777
208.76775510204084
208.70061224489797
208.587074829932
208.45374149659864
208.30755102040817
208.13727891156464
208.02938775510208
208.00129251700682
208.0192517006803
207.95408163265307
207.81802721088437
207.63115646258507
207.48523809523812
207.37190476190477
207.2330612244898
207.17421768707482
207.17748299319726
207.1177551020408
206.92843537414967
206.78251700680272
206.6829931972789
206.57374149659864
206.48965986394558
206.43482993197279
206.36326530612249
206.25823129251702
206.16102040816327
205.99340136054423
205.7498639455782
205.54068027210883
205.44979591836736
205.36496598639457
205.2034693877551
205.04585034013604
204.9408163265306
204.76945578231295
204.51897959183674
204.30544217687077
204.20659863945576
204.17108843537414
204.02408163265306
203.78040816326532
203.4899319727891
203.28850340136054
203.08448979591836
202.9666666666667
202.85231292517005
202.6495918367347
202.31979591836733
202.01904761904763
201.8234693877551
201.62027210884355
201.39523809523808
201.20027210884354
201.07
200.915306122449
200.76891156462588
200.5410204081633
200.2213605442177
199.96646258503398
199.86204081632653
199.6786394557823
199.37278911564627
199.0916326530612
198.9387074829932
198.7147619047619
198.42748299319726
198.12585034013608
197.95197278911564
197.75938775510204
197.43897959183673
197.1374149659864
196.8621088435374
196.53775510204082
196.15462585034015
195.9104761904762
195.70088435374151
195.39877551020408
195.04727891156463
194.75163265306122
194.51605442176873
194.22578231292516
193.7961224489796
193.40748299319728
193.09585034013608
192.81367346938777
192.4822448979592
192.11619047619047
191.84231292517006
191.5354421768708
191.18605442176872
190.7395918367347
190.44809523809525
190.14115646258503
189.87292517006804
189.59122448979593
189.31639455782312
188.97129251700682
188.7308843537415
188.47741496598638
188.08782312925172
187.6077551020408
187.178231292517
186.84408163265306
186.5119047619048
186.12673469387758
185.61122448979592
185.16374149659862
184.8648299319728
184.67870748299322
184.41115646258504
184.14816326530615
183.81863945578232
183.42190476190478
182.93510204081633
182.59448979591838
182.28557823129253
181.9285034013605
181.55755102040814
181.1952380952381
180.90734693877553
180.51496598639454
180.07285714285715
179.5984353741497
179.23809523809524
178.8761224489796
178.44013605442177
178.0638775510204
177.76272108843537
177.37938775510204
176.92673469387756
176.540612244898
176.1791156462585
175.69666666666666
175.2403401360544
174.90945578231293
174.581768707483
174.20891156462585
173.74986394557823
173.31959183673467
172.94312925170067
172.5748299319728
172.1531972789116
171.76687074829934
171.45292517006806
171.04115646258504
170.5281632653061
170.01632653061225
169.67149659863946
169.30285714285716
168.83789115646258
168.32482993197277
167.86993197278912
167.50972789115644
167.18925170068027
166.75619047619045
166.23891156462585
165.74748299319728
165.2056462585034
164.69251700680275
164.23020408163268
163.74333333333334
163.2416326530612
162.93210884353743
162.49585034013606
161.9187074829932
161.36646258503401
160.938231292517
160.54122448979592
160.06095238095236
159.496462585034
159.05054421768708
158.75387755102042
158.2678911564626
157.69925170068026
157.30197278911564
157.01510204081632
156.545306122449
156.02857142857144
155.4560544217687
154.9056462585034
154.29414965986393
153.81142857142856
153.4509523809524
153.0996598639456
152.62061224489796
152.10380952380953
151.6555782312925
151.24142857142857
150.8195918367347
150.22455782312926
149.72333333333333
149.34993197278914
149.02374149659863
148.4474149659864
147.95884353741496
147.54768707482992
147.11081632653062
146.61102040816326
146.29564625850338
145.93414965986395
145.48816326530613
145.05312925170068
144.74102040816328
144.27537414965988
143.80374149659863
143.47537414965987
143.21346938775508
142.80346938775511
142.39061224489797
142.04632653061225
141.57911564625851
141.0925850340136
140.6713605442177
140.24312925170068
139.7521768707483
139.3673469387755
139.06374149659865
138.74238095238093
138.4005442176871
138.04074829931972
137.7108843537415
137.42034013605445
137.0321768707483
136.62918367346936
136.25768707482993
135.94843537414968
135.60741496598644
135.31598639455783
135.02761904761905
134.6087755102041
134.19421768707485
133.8021088435374
133.55108843537414
133.29224489795922
132.99612244897958
132.49224489795918
131.9925850340136
131.71054421768707
131.48891156462585
131.2018367346939
130.8843537414966
130.56503401360544
130.18986394557822
129.81238095238095
129.42625850340136
129.13836734693876
128.92401360544218
128.72673469387752
128.34238095238095
127.96802721088436
127.67986394557823
127.36006802721089
126.88931972789115
126.42108843537414
126.09149659863945
125.73891156462585
125.32013605442178
124.87945578231292
124.49673469387756
124.19115646258504
123.8404081632653
123.4421768707483
123.06625850340134
122.88306122448981
122.6357142857143
122.33115646258503
121.93251700680273
121.5773469387755
121.18469387755101
120.77414965986395
120.34979591836736
120.08387755102041
119.81829931972788
119.45013605442176
119.03258503401361
118.71891156462586
118.44789115646259
118.18768707482994
117.83897959183673
117.48210884353742
117.12149659863945
116.81319727891156
116.45414965986396
116.03421768707483
115.53551020408163
115.19680272108843
114.92142857142858
114.57857142857142
114.19639455782314
113.91619047619048
113.69448979591836
113.39530612244899
112.95510204081631
112.51061224489796
112.21972789115645
112.06619047619049
111.75918367346938
111.43353741496598
111.06238095238095
110.87299319727892
110.61462585034015
110.26836734693877
109.85823129251702
109.54557823129252
109.29857142857144
109.06598639455783
108.84489795918367
108.55340136054421
108.19544217687076
107.83027210884353
107.52802721088436
107.30693877551022
106.98904761904761
106.66455782312924
106.40163265306123
106.19687074829932
105.85081632653062
105.57877551020408
105.36952380952381
105.14557823129252
104.87224489795918
104.68789115646258
104.57142857142858
104.46891156462587
104.29387755102042
104.0408163265306
103.79136054421768
103.56319727891156
103.33197278911565
103.10238095238095
102.83068027210885
102.51006802721089
102.22721088435375
102.02870748299321
101.87721088435374
101.69408163265307
101.4122448979592
101.08204081632653
100.83972789115649
100.66863945578233
100.50897959183675
100.32013605442177
100.10544217687075
99.91040816326532
99.64748299319729
99.39380952380952
99.27210884353742
99.20292517006803
98.95748299319729
98.73931972789116
98.67646258503402
98.62265306122448
98.51183673469387
98.42122448979592
98.36979591836734
98.27632653061225
98.05931972789116
97.88877551020408
97.76687074829933
97.6604761904762
97.44462585034013
97.30285714285714
97.1934693877551
97.09020408163266
96.92285714285714
96.76551020408164
96.68435374149661
96.71074829931973
96.70680272108844
96.61136054421769
96.54278911564626
96.60496598639457
96.5509523809524
96.2874149659864
96.02537414965987
95.89278911564625
95.76176870748299
95.64013605442177
95.56659863945578
95.56625850340136
95.63285714285715
95.68204081632653
95.54789115646258
95.43272108843537
95.4930612244898
95.58442176870747
95.49945578231294
95.33721088435374
95.34462585034014
95.4652380952381
95.58761904761904
95.49115646258504
95.35156462585033
95.28727891156463
95.3213605442177
95.44496598639455
95.4765306122449
95.3795918367347
95.16564625850339
95.20387755102041
95.32789115646258
95.32544217687075
95.31476190476191
95.55435374149661
95.82102040816328
95.89931972789117
95.90836734693877
95.91795918367347
95.90421768707483
95.95544217687075
96.02843537414967
96.05183673469386
96.04891156462584
95.96387755102042
95.8956462585034
96.09251700680272
96.34551020408163
96.50510204081633
96.67931972789117
96.92496598639457
96.98891156462585
97.0187755102041
97.27884353741497
97.61020408163265
97.76857142857143
97.91265306122449
98.11374149659865
98.25510204081634
98.43863945578232
98.88979591836735
99.43469387755101
99.79122448979592
100.0000680272109
100.2240136054422
100.47564625850339
100.75231292517007
101.11428571428573
101.39700680272108
101.70408163265306
102.06061224489795
102.58761904761906
103.0034693877551
103.4344217687075
103.83911564625852
104.31619047619047
104.81884353741496
105.36755102040814
105.76224489795918
106.13482993197279
106.58367346938778
107.16469387755103
107.62557823129252
108.07734693877552
108.49918367346939
109.08863945578231
109.6126530612245
110.18714285714285
110.65598639455783
111.21646258503402
111.69163265306122
112.2313605442177
112.70673469387755
113.21666666666667
113.67374149659864
114.08530612244898
114.49496598639455
115.02530612244898
115.65673469387755
116.30020408163266
116.82931972789116
117.21142857142858
117.53632653061226
117.97476190476192
118.40605442176872
118.91768707482993
119.50721088435377
120.20496598639457
120.71598639455783
121.06047619047618
121.35095238095239
121.74482993197279
122.17639455782313
122.5765306122449
123.02993197278913
123.51795918367347
123.99741496598641
124.40632653061225
124.73068027210886
125.18687074829933
125.61387755102041
125.93367346938776
126.09149659863945
126.50129251700682
126.90292517006802
127.26537414965988
127.51224489795919
127.78863945578232
128.1590476190476
128.53027210884355
128.80292517006802
128.88489795918366
129.25428571428571
129.6691836734694
130.00897959183675
130.1759863945578
130.3874149659864
130.57374149659864
130.7948299319728
131.098231292517
131.42319727891157
131.73442176870748
131.8847619047619
132.06761904761905
132.30469387755102
132.62190476190477
132.91204081632654
133.21306122448982
133.40496598639456
133.57197278911565
133.81326530612245
134.02074829931973
134.2139455782313
134.39285714285714
134.5455782312925
134.6463945578231
134.8199319727891
135.00047619047618
135.11544217687074
135.10557823129255
135.0069387755102
134.9225850340136
134.92217687074827
134.89965986394557
134.82755102040818
134.7225850340136
134.71925170068027
134.75374149659865
134.63414965986397
134.46945578231293
134.28755102040816
134.13278911564626
133.79435374149662
133.45210884353745
133.1447619047619
132.95489795918368
132.60619047619048
132.24619047619046
131.82816326530613
131.43136054421768
130.97897959183675
130.69687074829932
130.4757823129252
130.0670068027211
129.63163265306122
129.2242857142857
128.82666666666665
128.3739455782313
127.88013605442177
127.44129251700681
127.04108843537415
126.61891156462585
126.12598639455783
125.64108843537414
125.3404081632653
124.92755102040817
124.46244897959183
124.01278911564626
123.70312925170069
123.2965986394558
122.65442176870748
122.01061224489796
121.40482993197278
120.98074829931974
120.61156462585035
120.35122448979591
119.95639455782313
119.53680272108843
119.05489795918368
118.70938775510203
118.22632653061225
117.63380952380953
117.05013605442176
116.67333333333335
116.40006802721089
116.12251700680272
115.75102040816327
115.32068027210886
114.98619047619049
114.65272108843538
114.29197278911565
113.91095238095238
113.58795918367349
113.28578231292518
112.97095238095238
112.5008843537415
112.13081632653062
111.9248299319728
111.77006802721088
111.40421768707485
111.13333333333335
110.74687074829933
110.2591156462585
109.85503401360545
109.73408163265307
109.46687074829933
109.05034013605443
108.62170068027211
108.32578231292517
107.83959183673468
107.4604081632653
107.18394557823129
107.02047619047619
106.71462585034013
106.28088435374151
106.02564625850341
105.75795918367348
105.57061224489794
105.31013605442176
105.1587074829932
104.9131292517007
104.68149659863946
104.5043537414966
104.3787755102041
104.20278911564625
103.94530612244898
103.65707482993197
103.59646258503402
103.56469387755102
103.49884353741497
103.2925850340136
103.19748299319728
103.0874149659864
102.9813605442177
102.88857142857145
102.7534693877551
102.55687074829932
102.40687074829933
102.29993197278911
102.16843537414967
101.98455782312926
101.99000000000001
101.9644217687075
101.89285714285714
101.77768707482994
101.75408163265305
101.74476190476192
101.75598639455782
101.75238095238096
101.66326530612245
101.73884353741497
101.8217006802721
101.8361224489796
101.75054421768708
101.80578231292517
101.83299319727891
101.8269387755102
101.80537414965985
101.77755102040817
101.73959183673469
101.73428571428572
101.7651700680272
101.80551020408163
101.82639455782314
101.85891156462586
101.89870748299319
101.90591836734694
102.02591836734695
102.12476190476191
102.16272108843538
102.21176870748299
102.39809523809524
102.5247619047619
102.58707482993199
102.71625850340136
102.80918367346939
103.0022448979592
103.1857142857143
103.33823129251701
103.3439455782313
103.50319727891157
103.76510204081633
104.05020408163266
104.20238095238095
104.32068027210885
104.39816326530612
104.4804081632653
104.59197278911564
104.78496598639457
104.91503401360545
105.06142857142859
105.183537414966
105.29095238095239
105.36802721088435
105.43333333333334
105.57680272108846
105.68346938775511
105.83598639455784
105.83251700680273
105.91659863945578
106.06448979591838
106.35115646258504
106.57122448979592
106.67258503401361
106.72605442176872
106.80013605442178
107.04544217687075
107.24448979591837
107.30095238095238
107.36448979591839
107.50721088435375
107.76034013605442
108.13142857142856
108.56897959183675
108.75346938775509
108.88653061224488
109.17768707482995
109.44272108843539
109.67462585034015
109.81571428571428
109.97748299319728
110.06823129251701
110.28265306122448
110.33163265306125
110.30795918367347
110.26020408163266
110.45721088435374
110.77884353741499
110.9091836734694
110.81387755102041
110.86394557823131
111.18455782312927
111.40625850340136
111.45904761904762
111.53122448979593
111.83238095238096
112.02312925170068
112.1625850340136
112.29585034013607
112.5682993197279
112.7
112.86170068027212
113.05482993197279
113.20040816326532
113.34108843537415
113.48768707482995
113.74299319727893
113.91761904761906
114.11802721088435
114.31142857142858
114.60911564625849
114.89319727891156
115.16544217687076
115.30278911564625
115.35319727891157
115.48380952380951
115.81802721088435
116.23789115646258
116.62809523809524
116.92734693877551
117.17102040816326
117.46843537414965
117.76122448979594
118.15346938775511
118.6430612244898
119.21625850340136
119.62952380952382
119.993537414966
120.47047619047619
121.03149659863945
121.53591836734694
122.07299319727892
122.65585034013606
123.2939455782313
123.95149659863947
124.74367346938774
125.49829931972789
126.4600680272109
127.65938775510205
128.77102040816325
129.8848299319728
131.09401360544217
132.5991156462585
133.94312925170067
135.4843537414966
136.94897959183675
138.5660544217687
140.19306122448978
141.91272108843538
143.3248299319728
144.49816326530612
145.34061224489795
145.98408163265304
146.4912244897959
146.94149659863945
147.2097278911565
147.30163265306126
147.3525170068027
147.29068027210886
147.23000000000002
147.243537414966
147.38727891156464
147.51278911564629
147.57231292517008
147.79578231292516
148.11081632653062
148.4422448979592
148.6178231292517
148.69850340136057
148.73115646258503
148.83224489795919
148.87537414965988
148.73646258503402
148.43482993197279
148.1790476190476
148.03489795918367
148.02238095238096
147.99761904761903
148.0437414965986
148.0482993197279
148.04027210884354
147.99925170068028
148.1914285714286
148.2665986394558
148.281768707483
148.48292517006806
148.793537414966
149.02653061224493
149.178231292517
149.11408163265307
148.65020408163267
147.87068027210887
147.08380952380952
146.11149659863946
145.27986394557823
144.60006802721088
143.77517006802722
142.7052380952381
141.51489795918368
140.14333333333332
138.16625850340137
135.70904761904765
133.1460544217687
130.86863945578233
128.92816326530613
127.18054421768707
125.37537414965986
123.5108843537415
121.59734693877552
119.75360544217688
118.03462585034015
116.64149659863946
115.27993197278911
113.74829931972789
112.18408163265306
110.7321768707483
109.32755102040818
107.87857142857145
106.71578231292517
105.62707482993197
104.6191836734694
103.5025850340136
102.27659863945578
101.04986394557824
100.0578911564626
99.131768707483
97.99829931972788
96.66625850340135
95.26823129251702
93.96877551020408
92.62272108843538
91.40414965986395
90.1934693877551
89.12632653061226
88.18993197278913
87.53564625850342
87.07911564625851
86.60925170068029
85.89122448979592
84.89904761904762
83.70408163265306
82.51823129251702
81.04993197278912
79.35707482993197
77.46544217687075
75.73591836734694
74.06176870748295
72.1643197278911
