132.58394557823132
132.8404081632653
133.041768707483
133.1474829931973
133.11544217687077
132.85442176870748
132.62340136054422
132.56081632653064
132.65857142857143
132.8444217687075
132.801768707483
132.57809523809527
132.35367346938776
132.06836734693877
131.75986394557822
131.6305442176871
131.65163265306123
131.74040816326533
131.86367346938775
131.78884353741495
131.42374149659867
131.2679591836735
131.25448979591835
131.19285714285715
131.05659863945579
131.08455782312927
131.14510204081634
131.133537414966
131.12326530612248
131.10585034013604
131.10816326530613
130.9999319727891
130.93380952380954
130.83666666666667
130.81551020408165
130.68047619047618
130.47408163265305
130.25680272108843
130.183537414966
130.31496598639455
130.5722448979592
130.90816326530614
131.07020408163268
131.09857142857143
130.97775510204082
130.93537414965988
130.87224489795918
130.89761904761906
130.87081632653064
130.78251700680272
130.51285714285717
130.43414965986398
130.58061224489796
130.82435374149657
130.7948979591837
130.65190476190477
130.59163265306125
130.8513605442177
131.10319727891158
131.2552380952381
131.10047619047617
130.98326530612246
131.0074829931973
131.1761904761905
131.14591836734695
131.11836734693878
131.11836734693878
131.26476190476188
131.24061224489796
131.0774149659864
130.85142857142858
130.78591836734694
130.7134693877551
130.75251700680272
130.97768707482993
131.18278911564627
131.17414965986396
131.14727891156463
131.1730612244898
131.2851700680272
131.35285714285715
131.18414965986392
130.9387755102041
130.84952380952382
130.91034013605443
130.85721088435378
130.7044217687075
130.67374149659867
130.8443537414966
131.06
131.0704761904762
131.01142857142858
131.04693877551023
131.17598639455784
131.2891156462585
131.27224489795918
131.20965986394557
131.14401360544215
131.11979591836734
131.13231292517008
131.288231292517
131.52904761904762
131.5747619047619
131.5239455782313
131.51414965986396
131.68591836734694
131.88122448979593
132.20632653061224
132.51414965986396
132.83517006802725
133.15163265306123
133.59068027210884
134.0169387755102
134.37129251700682
134.60721088435378
134.7644217687075
134.9487755102041
135.3036054421769
135.7103401360544
136.16176870748302
136.47374149659865
136.84918367346938
137.13891156462586
137.54741496598638
137.83931972789117
138.1357142857143
138.4552380952381
138.7368707482993
138.95428571428573
139.132925170068
139.3222448979592
139.44972789115647
139.59544217687073
139.89585034013606
140.23040816326534
140.53625850340137
140.77428571428572
141.19809523809528
141.78802721088437
142.285306122449
142.6197278911565
143.01646258503402
143.57455782312925
144.08081632653062
144.4925850340136
144.90163265306126
145.39068027210885
145.9399319727891
146.45925170068028
147.01666666666668
147.5374149659864
148.0061224489796
148.3938775510204
148.7838095238095
149.16333333333333
149.4945578231293
149.93292517006805
150.4561224489796
151.12360544217688
151.66510204081632
152.10034013605443
152.56251700680272
153.26176870748301
154.12326530612245
154.9463945578231
155.73816326530613
156.51380952380953
157.3525170068027
158.08993197278915
158.9009523809524
159.76469387755103
160.54598639455781
161.28408163265306
162.23673469387757
163.23027210884354
164.1608843537415
164.92319727891157
165.8865306122449
166.93857142857144
168.24312925170068
169.36904761904765
170.64659863945576
171.99789115646257
173.5308843537415
174.88904761904763
176.33278911564625
177.82782312925167
179.45326530612243
181.02074829931973
182.65074829931973
184.0631972789116
185.45122448979592
186.7692517006803
188.17
189.37088435374153
190.63068027210886
191.79931972789117
193.05557823129251
194.21074829931973
195.4248299319728
196.5186394557823
197.68163265306126
198.73945578231297
199.76816326530613
200.64884353741496
201.60408163265305
202.59551020408162
203.4985714285714
204.26510204081634
205.12489795918367
205.94020408163266
206.7255782312925
207.52952380952382
208.32115646258504
208.93034013605444
209.6013605442177
210.4051700680272
211.15591836734694
211.73802721088435
212.2331292517007
212.77000000000004
213.36510204081634
213.94408163265308
214.3756462585034
214.7436054421769
215.09816326530614
215.51687074829934
215.88625850340134
216.2377551020408
216.5643537414966
216.82163265306122
217.0096598639456
217.2283673469388
217.5065306122449
217.6670068027211
217.7274149659864
217.78367346938774
217.8743537414966
217.88823129251702
217.85408163265305
217.85972789115647
217.82680272108843
217.67530612244897
217.54979591836735
217.36292517006802
217.14877551020408
216.93013605442175
216.71510204081636
216.41319727891158
216.07204081632653
215.71414965986398
215.2752380952381
214.79265306122448
214.3204081632653
213.9231972789116
213.55
213.07897959183674
212.54231292517005
212.00360544217688
211.4187755102041
210.78578231292516
210.13251700680274
209.60442176870748
208.97013605442177
208.30897959183676
207.641768707483
207.06591836734694
206.41040816326532
205.6528571428571
204.95850340136053
204.225306122449
203.51632653061225
202.7656462585034
202.09727891156462
201.4840136054422
200.84231292517006
200.15210884353743
199.34047619047618
198.686462585034
198.14326530612246
197.61639455782316
196.95482993197277
196.32183673469387
195.7338775510204
195.1896598639456
194.68646258503404
194.19272108843538
193.71102040816328
193.33904761904762
193.01537414965986
192.5940136054422
192.1238095238095
191.75156462585034
191.47081632653058
191.17768707482992
190.89054421768708
190.60455782312926
190.4195918367347
190.17979591836735
189.95020408163265
189.82197278911565
189.77945578231294
189.6487755102041
189.45292517006806
189.32598639455784
189.18551020408165
189.1248979591837
189.14156462585035
189.17265306122448
189.24619047619046
189.29523809523812
189.3678911564626
189.41108843537418
189.53775510204085
189.68421768707486
189.86149659863946
189.95537414965986
190.06829931972788
190.30863945578233
190.53333333333336
190.6622448979592
190.77931972789116
190.8783673469388
191.02972789115645
191.25585034013608
191.49761904761905
191.57068027210886
191.64258503401362
191.79414965986393
192.0127210884354
192.13891156462586
192.21108843537414
192.39891156462585
192.57707482993197
192.74768707482994
192.83034013605442
192.9123129251701
192.93687074829933
193.10700680272112
193.3029931972789
193.40462585034015
193.45857142857142
193.5017006802721
193.63081632653063
193.72687074829932
193.79965986394558
193.81598639455783
193.90455782312927
193.9896598639456
194.06639455782314
194.10619047619045
194.194693877551
194.2175510204082
194.2400680272109
194.24224489795918
194.28891156462586
194.29156462585036
194.31557823129253
194.39149659863946
194.45965986394557
194.48462585034017
194.5339455782313
194.51789115646258
194.49884353741498
194.45312925170066
194.4512925170068
194.4274149659864
194.41734693877552
194.3857823129252
194.43238095238095
194.48761904761903
194.42993197278912
194.34312925170067
194.34102040816327
194.32149659863944
194.30551020408166
194.27326530612245
194.20999999999998
194.17394557823127
194.26904761904763
194.35625850340136
194.28795918367348
194.230612244898
194.15251700680273
194.18292517006802
194.05292517006802
193.91870748299323
193.83469387755105
193.82727891156463
193.7768707482993
193.72863945578234
193.7065306122449
193.66857142857143
193.62816326530614
193.51802721088436
193.3296598639456
193.14353741496598
193.04646258503402
192.9625850340136
192.96013605442178
192.9557142857143
192.9104761904762
192.7613605442177
192.61190476190478
192.49027210884353
192.34571428571428
192.19387755102042
192.08204081632653
191.97911564625852
191.84115646258505
191.76183673469387
191.66897959183675
191.55163265306123
191.3557142857143
191.24931972789113
191.15428571428572
191.0487074829932
190.85020408163263
190.61632653061227
190.43673469387755
190.3496598639456
190.26238095238097
190.1568027210884
190.03673469387755
189.9413605442177
189.77605442176872
189.56258503401364
189.34224489795918
189.14190476190478
188.93326530612245
188.78020408163266
188.6645578231293
188.5525850340136
188.3799319727891
188.20401360544219
187.9461224489796
187.73993197278912
187.5291836734694
187.33285714285714
187.15115646258505
187.01537414965986
186.814693877551
186.51034013605445
186.2447619047619
186.00931972789112
185.8174149659864
185.57190476190476
185.34938775510204
185.11721088435374
184.88312925170067
184.67115646258503
184.46707482993196
184.15469387755104
183.7508163265306
183.44755102040818
183.2987074829932
183.17768707482995
182.96081632653062
182.71843537414966
182.39190476190478
182.06850340136054
181.6747619047619
181.3747619047619
181.15496598639456
180.98040816326528
180.67394557823133
180.24857142857144
179.82782312925173
179.49115646258502
179.16503401360544
178.85020408163265
178.5157142857143
178.22897959183675
177.95476190476194
177.66414965986394
177.3609523809524
177.02931972789114
176.7138775510204
176.34510204081633
176.00340136054422
175.69292517006804
175.36312925170068
174.95551020408163
174.57544217687075
174.24693877551022
173.81278911564627
173.44455782312923
173.1352380952381
172.9043537414966
172.49115646258502
172.1652380952381
171.82836734693876
171.62782312925168
171.24462585034013
170.80312925170068
170.3379591836735
170.01129251700678
169.59693877551018
169.21251700680273
168.81163265306122
168.4334693877551
167.98850340136053
167.70360544217687
167.40761904761905
167.16047619047617
166.81360544217685
166.48244897959182
166.03095238095239
165.5995918367347
165.2407482993197
164.87544217687076
164.47537414965984
164.09074829931973
163.76591836734693
163.4112925170068
162.9851700680272
162.7101360544218
162.38251700680271
161.96857142857147
161.46986394557825
161.13496598639458
160.71646258503404
160.27816326530615
159.82183673469387
159.42448979591836
159.07149659863944
158.721768707483
158.35687074829931
157.87673469387758
157.306462585034
156.80965986394557
156.45258503401362
156.1152380952381
155.64482993197277
155.27027210884353
154.8444217687075
154.39326530612243
153.83625850340138
153.37217687074832
152.87863945578232
152.4429931972789
152.00340136054425
151.58054421768708
151.0921088435374
150.55204081632655
149.99448979591835
149.57503401360543
149.2027210884354
148.72680272108846
148.05190476190478
147.52925170068028
147.10972789115647
146.7765306122449
146.30197278911567
145.80605442176872
145.28374149659862
144.87068027210884
144.34891156462584
143.75979591836733
143.1494557823129
142.77945578231294
142.3886394557823
141.874693877551
141.24115646258502
140.74387755102043
140.23142857142858
139.7661904761905
139.35714285714286
138.97863945578231
138.46993197278914
137.91775510204081
137.3704081632653
136.85578231292516
136.33625850340138
135.85401360544216
135.33850340136053
134.8425850340136
134.3808163265306
133.8757142857143
133.39931972789117
132.9861224489796
132.53034013605446
131.99489795918367
131.5165986394558
131.1083673469388
130.61265306122448
130.14326530612243
129.70829931972793
129.23755102040818
128.63721088435375
128.12673469387755
127.7921768707483
127.42462585034014
126.89414965986394
126.35217687074831
125.94551020408163
125.5695238095238
125.17299319727891
124.67136054421769
124.29891156462587
123.8831292517007
123.3978231292517
122.83006802721088
122.30265306122448
121.82204081632652
121.37931972789116
120.95040816326531
120.45897959183674
120.09258503401361
119.68319727891158
119.19047619047619
118.75496598639455
118.35034013605443
117.9248299319728
117.50346938775512
117.11190476190477
116.70054421768708
116.25877551020409
115.85197278911565
115.45489795918367
115.12857142857142
114.64319727891157
114.19278911564626
113.7561224489796
113.34666666666666
112.81551020408165
112.42489795918368
112.01
111.81986394557823
111.36551020408163
110.92231292517006
110.40428571428572
110.1187074829932
109.66557823129251
109.21401360544219
108.8074149659864
108.36224489795919
107.96272108843539
107.5839455782313
107.38006802721088
106.99387755102042
106.53666666666666
106.14224489795919
105.81170068027211
105.32408163265306
104.82931972789116
104.4234013605442
104.02768707482993
103.70680272108844
103.30993197278912
102.85714285714286
102.35374149659863
101.94836734693878
101.591768707483
101.26911564625851
100.92095238095239
100.52414965986395
100.2151700680272
99.86360544217686
99.55809523809523
99.16564625850341
98.69748299319728
98.23462585034014
97.84578231292518
97.58721088435374
97.3982993197279
97.09047619047621
96.63775510204083
96.3078231292517
96.0234693877551
95.64755102040816
95.27789115646259
94.96108843537414
94.5538775510204
94.08714285714287
93.68619047619048
93.24809523809525
92.83925170068028
92.58081632653062
92.22775510204082
91.77414965986397
91.30727891156462
91.06136054421768
90.80108843537417
90.5839455782313
90.2291156462585
89.78952380952381
89.40938775510205
89.16632653061225
88.87897959183674
88.44904761904763
88.00687074829932
87.66503401360545
87.38040816326532
87.00503401360544
86.58721088435374
86.35755102040818
86.12503401360544
85.90238095238097
85.5305442176871
85.2
84.93380952380953
84.69721088435375
84.43544217687074
84.10646258503402
83.73006802721088
83.35285714285715
83.12755102040816
82.90020408163267
82.49462585034014
82.23034013605442
82.01476190476191
81.85455782312926
81.59149659863948
81.43836734693878
81.14714285714287
80.89585034013606
80.71959183673471
80.61197278911565
80.35863945578232
80.02761904761904
79.7382993197279
79.4526530612245
79.0574149659864
78.83809523809524
78.6643537414966
78.4857142857143
78.16013605442177
77.89639455782313
77.65333333333334
77.56122448979592
77.47197278911565
77.26564625850341
76.98857142857142
76.68959183673469
76.38768707482993
76.13496598639456
76.05687074829932
75.91891156462586
75.78027210884355
75.67809523809524
75.6022448979592
75.43258503401361
75.16537414965987
75.05081632653061
74.9200680272109
74.70734693877552
74.44034013605443
74.37285714285714
74.30632653061224
74.22857142857143
74.0526530612245
73.82843537414965
73.56952380952382
73.42074829931974
73.31748299319727
73.15013605442176
72.98795918367347
72.85904761904762
72.83972789115646
72.72326530612246
72.66714285714286
72.62829931972789
72.51006802721088
72.31408163265306
72.17897959183674
72.12414965986395
71.93190476190478
71.596462585034
71.42319727891156
71.461768707483
71.4743537414966
71.22312925170068
71.12659863945578
71.16972789115646
71.15408163265306
71.13278911564626
71.09571428571428
70.98591836734694
70.79870748299321
70.75850340136056
70.70299319727891
70.701768707483
70.68455782312925
70.51945578231293
70.34258503401361
70.30809523809525
70.4270068027211
70.59646258503402
70.58013605442177
70.35108843537415
70.2304761904762
70.27340136054423
70.24931972789116
70.23401360544219
70.34374149659864
70.38013605442177
70.24945578231294
70.14523809523808
70.14721088435374
70.10598639455782
70.09666666666666
70.17401360544218
70.29340136054421
70.24319727891157
70.3339455782313
70.43809523809524
70.35748299319728
70.29299319727892
70.32503401360543
70.42190476190477
70.42272108843537
70.53142857142858
70.62680272108844
70.75632653061226
70.88312925170067
70.91292517006802
70.95585034013604
71.09027210884355
71.27625850340135
71.33843537414967
71.35013605442177
71.55904761904762
71.88734693877551
72.16394557823128
72.29537414965986
72.4108843537415
72.39748299319729
72.41081632653061
72.59632653061226
72.99231292517007
73.29598639455781
73.55013605442177
73.75632653061224
73.99945578231294
74.31680272108844
74.6639455782313
75.03197278911566
75.23646258503402
75.57503401360545
75.8647619047619
76.17136054421769
76.41333333333336
76.78564625850342
77.3152380952381
77.7673469387755
78.1865306122449
78.62836734693877
79.0509523809524
79.358231292517
79.59040816326531
79.9721768707483
80.36374149659864
80.85448979591837
81.29183673469387
81.65551020408164
81.92639455782314
82.30394557823129
82.79108843537415
83.27836734693878
83.62721088435374
83.93863945578231
84.30000000000001
84.7721768707483
85.1895238095238
85.55414965986395
85.85761904761907
86.17931972789115
86.5256462585034
87.0304081632653
87.51006802721089
87.88353741496599
88.00462585034015
88.22455782312925
88.70027210884354
89.27102040816327
89.58204081632654
89.85510204081635
90.24585034013606
90.62632653061225
90.9852380952381
91.32646258503401
91.5795918367347
91.8278231292517
92.1104761904762
92.43877551020408
92.80884353741496
93.29068027210883
93.62972789115648
93.86714285714287
94.13027210884354
94.43673469387757
94.69353741496599
94.82632653061225
95.02333333333333
95.40224489795919
95.8504761904762
96.18360544217687
96.27517006802721
96.48673469387755
96.721768707483
97.06904761904762
97.38802721088436
97.73680272108844
97.88938775510205
98.01646258503402
98.26931972789114
98.61421768707483
99.00775510204082
99.33408163265307
99.5656462585034
99.71197278911565
99.87523809523809
100.02000000000001
100.16741496598641
100.39428571428573
100.5682993197279
100.78190476190477
100.98850340136053
101.15639455782312
101.1712925170068
101.16945578231292
101.31455782312926
101.36986394557823
101.28632653061226
101.18659863945578
101.09455782312925
101.07605442176872
100.97469387755102
100.86360544217689
100.64843537414967
100.47850340136054
100.30285714285714
100.09510204081633
99.89714285714285
99.63775510204081
99.51156462585033
99.40074829931973
99.05748299319728
98.57183673469387
98.20040816326531
97.88496598639456
97.43142857142857
96.86843537414966
96.6043537414966
96.35931972789115
95.96789115646257
95.38374149659865
94.96013605442178
94.48605442176871
93.96088435374149
93.58925170068028
93.34068027210884
93.03034013605443
92.59163265306123
92.07367346938776
91.62714285714286
91.22721088435375
90.86278911564625
90.48673469387755
90.09319727891157
89.64102040816327
89.15761904761905
88.64312925170069
88.14360544217688
87.89068027210884
87.65578231292517
87.24857142857144
86.80993197278912
86.50578231292518
86.24537414965987
85.99061224489796
85.63020408163266
85.22013605442177
84.78292517006803
84.50931972789115
84.16972789115647
83.87721088435376
83.53877551020409
83.39204081632653
83.05496598639455
82.71210884353742
82.32292517006803
82.1734693877551
81.90857142857143
81.69931972789115
81.31156462585034
80.93857142857144
80.71292517006803
80.45360544217688
80.16979591836736
79.84210884353742
79.70421768707483
79.5221768707483
79.32863945578231
78.98551020408163
78.66408163265305
78.3712925170068
78.15455782312924
77.83136054421769
77.52761904761905
77.1578231292517
76.97401360544217
76.78380952380952
76.53367346938776
76.18884353741498
76.01544217687075
75.91081632653061
75.75
75.46693877551022
75.28884353741496
75.22972789115647
75.1491836734694
74.97204081632654
74.77244897959184
74.71319727891157
74.65843537414968
74.51081632653062
74.31795918367347
74.273537414966
74.23659863945579
74.04789115646258
73.82265306122449
73.77530612244897
73.80190476190477
73.75469387755102
73.58911564625852
73.46156462585034
73.42136054421769
73.34707482993197
73.30972789115646
73.23088435374149
73.13816326530612
73.0778231292517
73.23333333333333
73.32632653061225
73.3038775510204
73.24591836734695
73.29360544217688
73.22455782312926
73.18312925170068
73.13204081632652
73.12095238095239
73.06925170068028
73.03510204081634
73.16755102040818
73.27231292517007
73.24802721088435
73.12632653061226
73.18183673469389
73.25503401360544
73.23136054421768
73.29421768707483
73.35034013605443
73.43891156462584
73.56183673469388
73.68034013605441
73.78278911564627
73.8260544217687
73.89775510204082
73.91789115646259
74.01272108843538
73.98625850340136
74.06231292517006
74.20612244897958
74.3682993197279
74.4882993197279
74.64863945578232
74.97306122448978
75.13006802721088
75.29748299319729
75.29156462585034
75.33755102040816
75.41054421768709
75.74068027210885
76.0382993197279
76.22802721088436
76.30673469387756
76.32122448979592
76.3908843537415
76.67931972789114
76.97680272108843
77.11469387755102
77.21482993197279
77.3065306122449
77.48224489795918
77.62462585034014
77.71891156462586
77.87537414965986
78.11666666666667
78.23156462585034
78.23659863945579
78.32591836734693
78.51034013605442
78.69503401360544
78.86843537414967
79.08
79.2543537414966
79.36748299319727
79.63231292517007
79.9591156462585
80.1587074829932
80.28789115646259
80.6565306122449
80.97238095238096
81.05414965986395
81.0178231292517
81.25163265306122
81.59591836734694
81.87095238095237
81.92591836734694
82.12238095238095
82.18884353741497
82.45870748299319
82.66741496598641
82.82768707482994
82.79775510204082
82.95285714285714
83.23625850340136
83.36156462585035
83.42414965986396
83.36775510204082
83.47122448979592
83.6743537414966
83.95340136054422
84.15421768707483
84.3743537414966
84.58360544217688
84.75517006802721
84.96108843537415
85.18646258503402
85.3374149659864
85.4738775510204
85.6844217687075
85.8795918367347
86.06421768707483
86.15557823129254
86.33340136054422
86.56489795918368
86.76122448979592
86.94687074829932
87.27857142857142
87.63863945578231
87.92945578231293
88.24537414965985
88.62170068027211
88.91904761904763
89.1647619047619
89.40965986394558
89.81557823129252
90.33734693877551
90.84435374149659
91.16108843537415
91.53
91.85156462585033
92.34578231292517
92.83537414965986
93.48061224489796
93.98755102040816
94.36176870748301
94.7600680272109
95.37721088435373
96.1161224489796
96.75224489795919
97.38183673469388
98.0260544217687
98.84945578231293
99.85836734693879
100.91938775510204
101.76122448979592
102.84884353741498
104.14632653061224
105.64000000000001
107.11727891156463
108.79625850340135
110.46693877551022
112.03571428571429
113.68795918367347
115.45986394557822
117.37925170068027
119.1243537414966
120.76972789115646
122.18496598639456
123.40931972789116
124.3282993197279
125.07013605442177
125.45625850340137
125.64435374149662
125.6287074829932
125.84360544217687
126.00659863945579
126.45605442176871
126.83721088435374
127.0782993197279
127.05204081632654
127.1448299319728
127.31401360544217
127.47401360544217
127.72244897959185
127.9530612244898
128.14482993197282
128.41278911564626
128.84074829931973
129.21931972789116
129.4644217687075
129.8605442176871
130.27081632653062
130.74897959183673
130.8522448979592
130.71367346938774
130.30843537414967
130.22911564625852
130.45129251700683
130.91455782312926
131.35816326530613
131.63414965986394
131.8378911564626
132.13551020408164
132.2930612244898
132.2159863945578
132.03721088435373
131.80170068027212
131.37319727891156
130.781768707483
130.09795918367348
129.45938775510206
128.95897959183674
128.65986394557822
128.21802721088434
127.45632653061226
126.07183673469387
124.35197278911565
122.16748299319728
119.81530612244899
117.20170068027213
114.9078911564626
112.69578231292518
110.6391156462585
108.39768707482995
106.40006802721088
104.17448979591838
102.12346938775511
100.24904761904762
98.90095238095239
97.21510204081633
95.47625850340135
93.58068027210885
91.83367346938775
90.13367346938776
88.50863945578232
86.90387755102043
85.52517006802722
84.21836734693878
82.7808843537415
81.2531292517007
80.0212925170068
78.84727891156463
77.55346938775511
76.07489795918369
74.57639455782314
73.29530612244899
72.0747619047619
70.88972789115647
69.68149659863946
68.61571428571428
67.59170068027211
66.81993197278912
66.26591836734694
66.03408163265306
65.79238095238097
65.27190476190476
64.45360544217687
63.48680272108844
62.414897959183676
61.11843537414967
59.88319727891157
58.28639455782313
56.764965986394564
55.136054421768705
53.28265306122448
