140.2184693877551
140.35231292517003
140.52748299319728
140.75585034013605
140.8434693877551
140.76544217687078
140.64986394557826
140.73299319727892
140.84040816326532
140.8281632653061
140.79816326530613
140.54999999999998
140.2225850340136
139.87585034013605
139.73802721088438
139.6921768707483
139.70891156462585
139.80517006802722
139.84183673469389
139.9025170068027
139.78945578231293
139.66945578231292
139.47510204081635
139.28782312925173
139.19244897959183
139.16598639455785
139.25061224489798
139.2986394557823
139.2699319727891
139.25163265306122
139.34496598639456
139.3703401360544
139.29340136054424
139.16537414965984
139.0439455782313
138.8582993197279
138.70938775510206
138.62659863945578
138.701156462585
138.69102040816327
138.72687074829932
138.9587074829932
139.13095238095238
139.04755102040815
138.95632653061222
138.94829931972788
138.8021088435374
138.67802721088435
138.76727891156463
138.80945578231294
138.68197278911566
138.50904761904764
138.53979591836736
138.59938775510204
138.6061224489796
138.61843537414967
138.7282993197279
138.8708163265306
138.9891836734694
139.0740136054422
139.09816326530614
139.092925170068
139.06482993197278
139.07510204081632
139.11551020408163
139.10333333333332
139.10238095238094
139.16891156462586
139.2304081632653
139.15537414965988
139.0078911564626
138.81972789115645
138.69952380952384
138.74081632653062
138.9891836734694
139.26408163265305
139.40482993197278
139.40054421768707
139.368231292517
139.35972789115647
139.30836734693878
139.23809523809524
139.14591836734695
139.05238095238096
138.98115646258503
138.92653061224487
138.88755102040818
138.93646258503404
139.0095918367347
139.1121768707483
139.14646258503404
139.20455782312928
139.2425850340136
139.4705442176871
139.5163945578231
139.52544217687074
139.4955782312925
139.52931972789114
139.50979591836736
139.59176870748303
139.64115646258506
139.62619047619046
139.62081632653062
139.79292517006803
139.8878231292517
140.0070068027211
140.171768707483
140.5074149659864
140.80605442176872
141.11244897959182
141.42081632653063
141.7078231292517
142.006462585034
142.31707482993198
142.51197278911565
142.68380952380954
142.8961904761905
143.22326530612247
143.56353741496596
143.97510204081632
144.44197278911565
144.95999999999998
145.40244897959184
145.70721088435374
145.92843537414967
146.16897959183675
146.43993197278914
146.64884353741496
146.78272108843538
146.95931972789114
147.29224489795916
147.63319727891155
147.87
148.07911564625851
148.28476190476192
148.52843537414967
148.86068027210885
149.4073469387755
149.9374829931973
150.36986394557823
150.8370068027211
151.42442176870748
151.94095238095238
152.26544217687075
152.63326530612244
153.16149659863947
153.76074829931974
154.4474829931973
155.01979591836735
155.55163265306123
156.14170068027212
156.87285714285713
157.3973469387755
157.79367346938776
158.2286394557823
158.6590476190476
159.05564625850343
159.5690476190476
160.20843537414964
160.8414285714286
161.38129251700678
161.96714285714285
162.7087074829932
163.5981632653061
164.44707482993198
165.20231292517008
165.8674149659864
166.75707482993198
167.76489795918368
168.76149659863944
169.57659863945577
170.3934693877551
171.21972789115648
172.23619047619047
173.18517006802722
174.15829931972792
175.04945578231295
176.08374149659863
177.11272108843536
178.35904761904763
179.64238095238096
180.9455782312925
182.03469387755104
183.1770068027211
184.4121088435374
185.7604081632653
187.03598639455782
188.21047619047616
189.37027210884355
190.54210884353742
191.75469387755103
192.90850340136055
194.01809523809524
195.22115646258501
196.386462585034
197.53102040816327
198.52197278911564
199.67591836734692
200.76673469387757
201.83768707482992
202.73646258503402
203.76061224489797
204.78775510204082
205.74408163265306
206.6062585034014
207.49435374149664
208.40204081632655
209.23102040816326
210.01306122448983
210.84639455782312
211.63333333333333
212.37231292517006
213.10693877551017
213.85510204081632
214.558231292517
215.1578911564626
215.79448979591837
216.4093197278912
216.941768707483
217.44
218.00632653061226
218.57612244897962
218.9904081632653
219.35721088435375
219.70197278911564
220.10877551020408
220.47333333333333
220.86571428571432
221.22374149659868
221.50428571428571
221.69741496598638
221.85891156462586
222.08292517006802
222.24251700680273
222.41387755102045
222.4757142857143
222.45659863945576
222.41482993197278
222.46374149659866
222.47863945578231
222.38714285714286
222.3382993197279
222.25993197278916
222.0898639455782
221.84721088435373
221.58666666666667
221.3539455782313
221.13741496598638
220.9405442176871
220.60068027210886
220.1855782312925
219.77421768707487
219.3912925170068
218.9387074829932
218.44503401360544
218.03210884353743
217.61435374149664
217.07612244897962
216.5178231292517
216.01013605442176
215.46945578231293
214.8287074829932
214.20510204081634
213.55598639455783
212.97455782312926
212.40333333333336
211.74659863945578
211.05503401360542
210.40170068027209
209.73802721088435
208.99061224489793
208.2292517006803
207.56850340136054
206.96639455782312
206.3787074829932
205.621768707483
204.96979591836737
204.39142857142858
203.76809523809524
203.05591836734692
202.4726530612245
201.92210884353742
201.33081632653062
200.76591836734696
200.23374149659867
199.67959183673472
199.1687074829932
198.7622448979592
198.33346938775512
197.92891156462585
197.5512925170068
197.2217006802721
196.8303401360544
196.40700680272107
196.09870748299323
195.8636054421769
195.64163265306127
195.34721088435376
195.1057142857143
194.93081632653062
194.82775510204084
194.7360544217687
194.5687074829932
194.3486394557823
194.1969387755102
194.1095238095238
194.03666666666666
193.94979591836733
193.9297278911565
193.93619047619046
193.96251700680273
194.01945578231295
194.0587074829932
194.15632653061226
194.25884353741498
194.36333333333332
194.4959863945578
194.68802721088434
194.78687074829932
194.82666666666668
194.8722448979592
194.99693877551022
195.17448979591836
195.3478911564626
195.45312925170072
195.59238095238098
195.7248299319728
195.7692517006803
195.84006802721086
195.98544217687075
196.15176870748303
196.30727891156462
196.4887755102041
196.67013605442182
196.80054421768708
196.83965986394557
196.87163265306123
196.94768707482993
197.0521088435374
197.16108843537418
197.28061224489798
197.35979591836735
197.37979591836736
197.46163265306123
197.52870748299324
197.54857142857145
197.5691836734694
197.68210884353743
197.771768707483
197.81768707482996
197.92551020408163
198.00986394557825
198.01129251700684
198.00741496598638
198.00625850340134
198.02428571428572
198.01591836734696
198.04761904761907
198.09972789115645
198.16544217687076
198.2091156462585
198.26326530612246
198.21054421768707
198.16578231292516
198.1809523809524
198.20591836734695
198.14931972789114
198.1521088435374
198.2263945578231
198.24482993197282
198.2176870748299
198.19476190476195
198.14210884353744
198.15414965986395
198.13238095238094
198.1204761904762
198.03088435374153
197.99775510204086
197.960612244898
197.92925170068028
197.89775510204083
197.87149659863945
197.90408163265306
197.90136054421768
197.81823129251703
197.6827210884354
197.61034013605445
197.59945578231293
197.5448979591837
197.48421768707485
197.41244897959186
197.43380952380954
197.38115646258504
197.25278911564624
197.0557142857143
196.93877551020407
196.82523809523812
196.75217687074831
196.6648299319728
196.64687074829934
196.55340136054423
196.46768707482994
196.36761904761903
196.25204081632654
196.07122448979592
195.97183673469388
195.8726530612245
195.75551020408162
195.65197278911563
195.54782312925173
195.3747619047619
195.23217687074833
195.1474829931973
195.06850340136054
194.9361904761905
194.82462585034014
194.72775510204085
194.56510204081633
194.30258503401362
194.105306122449
194.04122448979592
193.99204081632655
193.84673469387752
193.68891156462584
193.52659863945578
193.38074829931972
193.1795238095238
192.92632653061224
192.6917006802721
192.54972789115646
192.40693877551018
192.27231292517007
192.12598639455783
191.9021768707483
191.65231292517007
191.42156462585032
191.24312925170068
191.02231292517007
190.90857142857143
190.73408163265307
190.50299319727893
190.22292517006804
189.9965306122449
189.82503401360543
189.5848299319728
189.306462585034
189.11081632653062
188.98353741496598
188.82455782312925
188.5957823129252
188.35476190476192
188.06285714285718
187.80897959183673
187.55197278911564
187.23680272108845
186.91897959183675
186.69707482993198
186.57306122448978
186.433537414966
186.20244897959185
185.79292517006803
185.4208163265306
185.19802721088433
184.95598639455784
184.60843537414968
184.24238095238096
183.99299319727893
183.65238095238098
183.33884353741496
182.9504761904762
182.60551020408164
182.22408163265308
181.95625850340136
181.6759863945578
181.43394557823126
181.21231292517007
180.91768707482996
180.54326530612246
180.12598639455783
179.82707482993197
179.56340136054422
179.26761904761906
178.84877551020412
178.41646258503403
178.05054421768708
177.7074829931973
177.47027210884355
177.14054421768708
176.8721768707483
176.50680272108843
176.10666666666668
175.6534693877551
175.41299319727892
175.15353741496602
174.71925170068027
174.2452380952381
173.85571428571427
173.49414965986395
173.12721088435373
172.69680272108843
172.33931972789117
172.09925170068027
171.76986394557824
171.3491156462585
170.94020408163266
170.6427210884354
170.23489795918368
169.87
169.51639455782313
169.19503401360544
168.79074829931972
168.41340136054424
168.00510204081633
167.65231292517007
167.30619047619047
166.97027210884352
166.6004081632653
166.19768707482996
165.85387755102042
165.43952380952385
165.04163265306124
164.6159863945578
164.27204081632655
163.9078911564626
163.51721088435374
163.08884353741496
162.67993197278912
162.30448979591836
161.9204081632653
161.503537414966
161.02972789115648
160.52625850340138
160.05687074829933
159.60517006802723
159.2152380952381
158.79462585034014
158.4200680272109
157.9195918367347
157.41551020408164
156.96197278911566
156.55326530612246
156.03299319727893
155.63945578231295
155.26721088435374
154.80680272108842
154.19333333333333
153.69367346938776
153.2199319727891
152.85238095238097
152.2995918367347
151.66034013605443
151.14088435374148
150.79585034013604
150.33687074829933
149.7826530612245
149.2805442176871
148.76122448979592
148.20163265306124
147.6760544217687
147.37251700680272
146.990612244898
146.48421768707482
145.90979591836737
145.44727891156464
145.0482993197279
144.60761904761904
144.07156462585033
143.5721768707483
143.14850340136053
142.7034693877551
142.18292517006802
141.68517006802722
141.15231292517007
140.65074829931973
140.05755102040814
139.55102040816325
139.05775510204083
138.56272108843538
138.04646258503402
137.54619047619047
137.10986394557824
136.62986394557822
136.17156462585035
135.71537414965985
135.3199319727891
134.91469387755103
134.4087755102041
133.9108843537415
133.46551020408162
133.04333333333335
132.60802721088436
132.1369387755102
131.78918367346938
131.45074829931974
131.03714285714287
130.56272108843538
130.0951020408163
129.62986394557822
129.2270068027211
128.9178911564626
128.55863945578233
128.10496598639457
127.61646258503403
127.13462585034014
126.67544217687075
126.22122448979593
125.77333333333334
125.38231292517007
125.07619047619049
124.63986394557824
124.15571428571428
123.75204081632654
123.42850340136053
123.05625850340137
122.58795918367348
122.08068027210885
121.65897959183673
121.3721768707483
121.0422448979592
120.5578911564626
120.1
119.71925170068027
119.3074149659864
118.87319727891158
118.50952380952381
118.2365306122449
117.80979591836736
117.30299319727891
116.78258503401361
116.40741496598639
116.0404761904762
115.69285714285715
115.31836734693877
114.94727891156462
114.59272108843538
114.19170068027212
113.75646258503401
113.32408163265308
113.01646258503402
112.64639455782314
112.29387755102042
111.88455782312926
111.4712925170068
111.02734693877551
110.71775510204083
110.3648299319728
109.8334693877551
109.42884353741498
109.05965986394558
108.70027210884355
108.19537414965987
107.75224489795917
107.28319727891156
106.95510204081633
106.65585034013606
106.23095238095237
105.86911564625852
105.5956462585034
105.31476190476192
104.94925170068026
104.52897959183673
104.07278911564626
103.59707482993197
103.34476190476192
103.10251700680273
102.71571428571428
102.26455782312925
102.03251700680272
101.84095238095237
101.531768707483
101.20564625850342
100.87802721088437
100.44265306122449
99.97755102040817
99.60149659863946
99.21176870748299
98.82843537414966
98.45183673469388
98.13292517006802
97.75013605442177
97.39428571428572
96.98333333333333
96.65564625850341
96.34442176870749
96.06625850340137
95.70380952380953
95.3313605442177
94.9404761904762
94.66687074829933
94.42537414965986
94.08700680272108
93.6530612244898
93.30088435374151
93.04591836734696
92.80163265306123
92.43734693877552
92.05510204081634
91.69904761904763
91.53204081632651
91.3108843537415
90.92020408163265
90.49884353741497
90.2078231292517
90.0665306122449
89.82843537414968
89.47755102040817
88.93285714285713
88.43639455782312
88.14068027210884
87.97537414965987
87.91775510204081
87.78775510204082
87.49136054421768
87.14108843537416
86.86639455782313
86.66469387755102
86.35891156462586
86.15850340136055
85.99673469387756
85.91816326530613
85.68768707482994
85.31183673469388
84.88829931972789
84.62789115646258
84.35775510204081
84.00721088435375
83.74972789115645
83.64360544217686
83.47707482993195
83.21523809523809
82.89659863945579
82.69843537414967
82.58557823129252
82.39809523809524
82.0260544217687
81.62687074829932
81.38537414965987
81.29360544217687
81.20795918367347
81.08292517006802
81.0074149659864
80.85129251700681
80.55142857142857
80.281768707483
80.16312925170068
80.13700680272109
79.98795918367347
79.8500680272109
79.68374149659864
79.58659863945579
79.39244897959183
79.24557823129251
79.01850340136055
78.78190476190477
78.66020408163266
78.50809523809524
78.28537414965987
78.18619047619048
78.14585034013605
77.99462585034013
77.83299319727891
77.84278911564627
77.79170068027211
77.67959183673472
77.55952380952381
77.43401360544217
77.29721088435375
77.08904761904763
76.89809523809524
76.71380952380952
76.60836734693878
76.46156462585034
76.41680272108844
76.46761904761905
76.4725850340136
76.29469387755103
76.16863945578231
76.06544217687076
76.00802721088436
76.00244897959185
75.98210884353742
75.86938775510204
75.76149659863947
75.82727891156463
75.87006802721089
75.73238095238096
75.65020408163267
75.70047619047618
75.80204081632652
75.69897959183673
75.56972789115648
75.41727891156464
75.28877551020409
75.30870748299321
75.34755102040816
75.33176870748301
75.35115646258504
75.57517006802722
75.78496598639455
75.78095238095239
75.64972789115646
75.525306122449
75.54727891156463
75.55823129251701
75.64863945578233
75.66469387755103
75.68891156462584
75.53292517006804
75.45755102040818
75.47605442176871
75.62591836734694
75.75462585034015
75.8713605442177
75.97816326530612
76.13952380952381
76.3230612244898
76.36156462585035
76.3560544217687
76.54979591836735
76.821768707483
76.83285714285714
76.79884353741497
77.03333333333335
77.3921768707483
77.67176870748301
77.8287074829932
77.97006802721089
78.05897959183673
78.18054421768707
78.31442176870749
78.5778231292517
78.998231292517
79.41700680272109
79.79251700680273
80.01272108843538
80.28673469387755
80.59006802721089
80.96931972789116
81.29551020408164
81.70544217687075
82.05755102040817
82.32312925170068
82.64993197278912
83.09945578231293
83.58551020408163
83.98156462585035
84.30979591836734
84.69013605442177
85.21897959183674
85.65142857142857
86.08238095238096
86.54020408163265
87.07448979591837
87.34578231292517
87.54619047619049
87.95149659863947
88.57326530612244
89.17972789115646
89.5074149659864
89.86204081632654
90.2712925170068
90.77530612244897
91.22231292517007
91.6748299319728
92.05401360544218
92.41482993197279
92.73292517006803
93.16149659863945
93.62272108843537
94.09768707482993
94.48408163265306
94.871768707483
95.1525850340136
95.38646258503401
95.79877551020408
96.30564625850339
96.73802721088435
97.06224489795918
97.53414965986394
97.86945578231293
98.18129251700681
98.58687074829932
99.04489795918369
99.29408163265306
99.40931972789116
99.59965986394558
99.94102040816327
100.39462585034013
100.77285714285713
101.09040816326532
101.40224489795919
101.70952380952382
101.8404081632653
102.12387755102041
102.46489795918367
102.85285714285715
103.15333333333334
103.48945578231293
103.6847619047619
103.85884353741496
104.10551020408164
104.39891156462585
104.6787074829932
105.05925170068028
105.33863945578233
105.46142857142857
105.54965986394558
105.93217687074831
106.34965986394559
106.63183673469388
106.8674149659864
107.00782312925169
107.183537414966
107.26319727891158
107.53380952380954
107.75448979591839
107.97244897959183
108.1078231292517
108.25183673469388
108.3487074829932
108.3961224489796
108.48401360544219
108.5808843537415
108.53768707482993
108.47421768707483
108.42217687074832
108.45408163265307
108.39367346938775
108.39108843537414
108.40034013605442
108.23510204081633
107.86721088435374
107.60306122448979
107.64326530612243
107.50251700680272
107.21666666666667
106.9391156462585
106.7765306122449
106.3438775510204
105.86095238095238
105.37666666666667
105.08891156462586
104.76755102040818
104.53972789115647
104.0739455782313
103.635306122449
103.22700680272109
103.02013605442176
102.67680272108845
102.24326530612245
101.54068027210886
101.00761904761904
100.58931972789117
100.2452380952381
99.8209523809524
99.44142857142857
99.07170068027212
98.61251700680272
98.18741496598639
97.83673469387756
97.63272108843537
97.21115646258504
96.67285714285715
96.01843537414966
95.53605442176871
95.1982993197279
95.03503401360544
94.77489795918368
94.32530612244898
93.88360544217687
93.38578231292517
92.88904761904763
92.57993197278913
92.33122448979593
92.07074829931973
91.63986394557824
91.39925170068028
91.07625850340135
90.6773469387755
90.3434693877551
90.01748299319729
89.69734693877551
89.45367346938775
89.33836734693878
88.92897959183674
88.44013605442177
88.02585034013606
87.86047619047619
87.68918367346939
87.38727891156464
86.9555782312925
86.7243537414966
86.55482993197279
86.2525850340136
85.98687074829932
85.76687074829933
85.53687074829932
85.12571428571428
84.79136054421768
84.43074829931973
84.08591836734692
83.76687074829933
83.51564625850341
83.34972789115646
83.09884353741495
82.91857142857143
82.60591836734694
82.38142857142859
82.15591836734694
81.86598639455784
81.64353741496598
81.5370068027211
81.5013605442177
81.30931972789116
81.16278911564626
81.09374149659862
80.95469387755102
80.73285714285714
80.53367346938776
80.53965986394559
80.53210884353743
80.39122448979592
80.12619047619047
80.02993197278911
79.98312925170067
79.95578231292518
79.84551020408162
79.77340136054421
79.63537414965987
79.61122448979592
79.53850340136056
79.38870748299321
79.30183673469388
79.33340136054422
79.37149659863945
79.39721088435374
79.33122448979591
79.25401360544217
79.26625850340136
79.44238095238094
79.43551020408162
79.31687074829932
79.11748299319729
79.11197278911565
79.16149659863946
79.21755102040817
79.20027210884354
79.19748299319727
79.18972789115647
79.1482993197279
79.18244897959184
79.29435374149661
79.47156462585033
79.54190476190476
79.5243537414966
79.53462585034015
79.6322448979592
79.77816326530612
79.7556462585034
79.721768707483
79.89061224489795
80.1143537414966
80.1521768707483
80.23
80.41482993197279
80.5604761904762
80.51034013605442
80.56897959183672
80.6621768707483
80.93952380952382
81.1674149659864
81.3199319727891
81.32972789115647
81.52931972789116
81.75401360544218
81.92476190476191
82.06034013605444
82.22884353741497
82.40102040816326
82.64795918367348
82.8213605442177
82.98448979591836
83.10598639455782
83.25136054421769
83.18619047619049
83.22510204081632
83.37870748299319
83.70068027210884
83.92578231292516
84.10068027210886
84.1734693877551
84.39544217687076
84.57476190476191
84.72530612244898
84.8121088435374
84.87408163265306
84.89136054421769
84.9782993197279
85.23503401360543
85.4612925170068
85.63074829931973
85.72034013605443
85.95421768707483
86.40918367346939
86.89326530612244
87.12197278911565
87.07687074829933
87.21469387755103
87.5195918367347
87.76591836734694
87.953537414966
88.16544217687076
88.31809523809524
88.39020408163265
88.54054421768708
88.70061224489797
88.8108843537415
88.94319727891157
88.99503401360545
89.04986394557822
89.27006802721088
89.37278911564627
89.41210884353742
89.45945578231293
89.79632653061225
90.00292517006804
90.16204081632654
90.27585034013606
90.53843537414966
90.75632653061226
90.93163265306124
91.04013605442177
91.24102040816327
91.43081632653062
91.62884353741498
91.76442176870748
91.91414965986394
92.00891156462585
92.28639455782312
92.49013605442177
92.60918367346939
92.77122448979591
93.171768707483
93.49585034013606
93.65748299319728
93.82102040816326
94.11993197278912
94.43632653061225
94.74367346938774
95.05925170068026
95.46095238095239
95.90006802721088
96.21197278911565
96.41482993197278
96.7556462585034
97.26272108843538
97.7274149659864
98.1256462585034
98.5452380952381
98.94435374149661
99.50761904761906
100.1478231292517
100.73013605442178
101.19782312925169
101.8265306122449
102.50278911564627
103.22523809523808
103.98707482993197
104.8078231292517
105.82006802721088
106.92367346938777
108.14027210884353
109.36761904761904
110.78095238095239
112.12863945578232
113.48374149659864
114.79238095238095
116.34340136054422
117.98224489795919
119.63251700680273
121.06238095238098
122.57346938775511
123.98421768707485
125.0425850340136
125.63394557823129
126.19789115646259
126.5708163265306
126.76476190476191
126.85816326530613
127.00068027210884
127.17312925170069
127.41380952380952
127.67510204081634
127.77727891156464
127.84197278911566
127.88816326530613
127.87965986394559
127.90013605442176
128.0594557823129
128.21346938775514
128.40571428571428
128.5081632653061
128.6970068027211
128.78190476190474
128.88251700680271
128.87755102040816
128.94795918367345
129.12
129.27687074829933
129.38
129.40285714285713
129.42972789115646
129.49843537414966
129.71945578231293
129.99775510204083
130.10721088435378
130.19734693877552
130.20816326530613
130.1061224489796
129.80551020408166
129.34965986394556
128.63095238095238
127.85891156462586
127.06850340136054
126.2525850340136
125.23775510204081
124.271768707483
123.45068027210884
122.84591836734694
122.01428571428572
120.83183673469388
119.47197278911565
117.74414965986395
115.81258503401361
113.75625850340137
112.01748299319729
110.34428571428573
108.79197278911565
107.15775510204082
105.37442176870748
103.67326530612245
102.0334693877551
100.63408163265308
99.22149659863945
97.89469387755102
96.47734693877553
95.09292517006804
93.67850340136054
92.18687074829931
90.82448979591837
89.4952380952381
88.33952380952383
87.05224489795918
85.89374149659865
84.48299319727892
83.22421768707484
82.03326530612246
81.01142857142857
79.78911564625851
78.50163265306122
77.21163265306123
76.16775510204081
74.93170068027212
73.78401360544217
72.78639455782312
71.89265306122448
71.04442176870748
70.50816326530612
70.32775510204081
70.03993197278912
69.49687074829933
68.75244897959185
67.93272108843537
66.9987755102041
65.76020408163265
64.23360544217687
62.614217687074834
60.893129251700685
59.18394557823124
57.274251700680225
