152.83476190476196
153.22523809523807
153.5442857142857
153.8465986394558
154.09687074829935
154.16034013605443
154.11292517006802
154.11115646258506
154.22210884353743
154.26367346938775
154.20938775510206
153.9822448979592
153.6695918367347
153.35741496598638
153.22979591836736
153.29972789115646
153.41108843537415
153.4587074829932
153.50823129251702
153.60462585034014
153.6168707482993
153.5225170068027
153.43659863945578
153.35013605442177
153.26088435374152
153.18217687074832
153.14068027210885
153.08557823129252
153.03469387755104
152.9948299319728
153.01238095238097
153.02204081632655
152.96904761904761
152.8934013605442
152.73285714285714
152.52272108843536
152.2643537414966
152.2379591836735
152.12197278911563
152.21204081632655
152.3548299319728
152.69972789115647
152.77802721088435
152.76
152.7022448979592
152.67965986394557
152.59598639455783
152.40639455782315
152.2443537414966
152.16054421768706
152.10884353741497
152.0831292517007
152.0969387755102
152.10299319727892
152.1218367346939
152.21625850340138
152.37768707482994
152.43680272108844
152.55170068027212
152.6759863945578
152.6794557823129
152.58993197278912
152.56414965986394
152.63482993197277
152.72285714285715
152.73897959183677
152.63795918367347
152.6261904761905
152.69972789115647
152.67244897959185
152.40843537414966
152.1551700680272
152.24367346938772
152.49346938775508
152.82068027210883
153.0148299319728
153.15578231292517
153.04850340136056
152.9421768707483
152.98503401360546
153.055306122449
152.98523809523812
152.79142857142858
152.6660544217687
152.63374149659865
152.5742857142857
152.7096598639456
152.78061224489795
152.8261224489796
152.8521088435374
153.13857142857142
153.23680272108845
153.22068027210884
153.2873469387755
153.36707482993197
153.33353741496597
153.28768707482993
153.35857142857145
153.3243537414966
153.37231292517006
153.40183673469386
153.48721088435377
153.51292517006803
153.7091836734694
153.88782312925173
153.9736734693878
154.16034013605443
154.51986394557827
154.88707482993198
155.10204081632654
155.31197278911566
155.46428571428572
155.6466666666667
155.94061224489795
156.19435374149657
156.285306122449
156.51503401360543
156.913537414966
157.3117006802721
157.6308843537415
158.0851700680272
158.57925170068026
159.00768707482993
159.28333333333336
159.59170068027208
159.97238095238097
160.30721088435376
160.4187074829932
160.59224489795918
160.8543537414966
161.14401360544218
161.44891156462586
161.7757142857143
162.02448979591838
162.29401360544216
162.6617006802721
163.1174149659864
163.65734693877553
164.19843537414965
164.67557823129252
165.2012925170068
165.81911564625852
166.33530612244897
166.77897959183673
167.20251700680274
167.69911564625852
168.33816326530615
169.13238095238097
169.82721088435375
170.4191156462585
171.02632653061224
171.72496598639458
172.34537414965988
172.8622448979592
173.29714285714286
173.7831292517007
174.38972789115647
175.0087074829932
175.64993197278915
176.20020408163265
176.71231292517007
177.26782312925172
178.07292517006803
178.86843537414964
179.6478911564626
180.53761904761905
181.54897959183674
182.4462585034014
183.23095238095237
184.09224489795918
184.97986394557824
185.82775510204084
186.63190476190476
187.54217687074828
188.37775510204085
189.17517006802723
189.96027210884353
190.81272108843538
191.67435374149662
192.6270068027211
193.51809523809527
194.37163265306123
195.23272108843537
196.21455782312927
196.9942857142857
197.68877551020407
198.43639455782312
199.3629931972789
200.26108843537418
201.19857142857143
202.0542857142857
202.92523809523811
203.70544217687075
204.6486394557823
205.4604761904762
206.30258503401362
207.063537414966
207.9975510204082
208.74224489795918
209.5421088435374
210.2574829931973
211.12571428571428
211.88598639455785
212.6827210884354
213.28857142857146
213.96360544217688
214.7281632653061
215.4853741496599
216.1495918367347
216.79238095238097
217.43564625850343
218.01891156462585
218.61952380952383
219.18591836734694
219.71299319727893
220.2112925170068
220.74142857142857
221.2700680272109
221.69238095238097
221.99870748299318
222.35972789115647
222.81891156462586
223.25727891156464
223.5617006802721
223.85108843537415
224.13843537414965
224.46081632653062
224.74904761904764
224.92986394557826
225.08659863945576
225.24897959183676
225.45646258503402
225.65340136054422
225.8117006802721
225.84013605442178
225.84081632653064
225.86904761904765
225.8565986394558
225.78646258503403
225.77428571428572
225.74965986394557
225.64816326530615
225.46666666666667
225.2800680272109
225.15115646258505
224.95299319727891
224.74897959183676
224.46285714285713
224.2103401360544
223.8870068027211
223.5695918367347
223.2121768707483
222.82612244897962
222.40571428571428
222.03306122448978
221.67755102040815
221.2104081632653
220.69544217687076
220.2365986394558
219.75551020408165
219.24394557823132
218.73911564625854
218.19680272108843
217.54414965986396
216.95108843537417
216.39244897959182
215.8625850340136
215.32585034013604
214.7830612244898
214.13299319727892
213.49578231292517
212.844693877551
212.2833333333333
211.66632653061222
211.03979591836733
210.38333333333335
209.84925170068027
209.32632653061228
208.70489795918368
208.12482993197278
207.58877551020407
207.06884353741498
206.4634693877551
205.96673469387756
205.53013605442175
205.07768707482995
204.59972789115648
204.1927210884354
203.8268707482993
203.4278911564626
203.0838775510204
202.69496598639455
202.33170068027212
202.01408163265307
201.8587755102041
201.70068027210885
201.441768707483
201.0471428571429
200.74149659863946
200.66802721088436
200.5159863945578
200.23523809523812
200.065306122449
200.00850340136054
199.8490476190476
199.6921768707483
199.6508843537415
199.63496598639455
199.5614285714286
199.54149659863944
199.50340136054422
199.47904761904763
199.45925170068026
199.5674149659864
199.70673469387756
199.80510204081634
199.8693197278912
199.9457142857143
199.9639455782313
200.10870748299322
200.27755102040817
200.36829931972787
200.3538775510204
200.54210884353745
200.77217687074832
200.88061224489797
200.78408163265308
200.75891156462586
200.86612244897958
201.02367346938775
201.06408163265309
201.15802721088437
201.2904081632653
201.38591836734696
201.42789115646258
201.52687074829933
201.5675510204082
201.6087755102041
201.6617006802721
201.76816326530616
201.80993197278912
201.9122448979592
201.94972789115647
201.98578231292518
201.95925170068028
202.01605442176867
202.070612244898
202.13782312925173
202.09108843537416
202.13115646258507
202.18319727891156
202.18360544217688
202.0740136054422
202.06149659863945
202.098231292517
202.18115646258502
202.19000000000003
202.19707482993198
202.2083673469388
202.33721088435374
202.38482993197277
202.37163265306123
202.32088435374152
202.35693877551023
202.30312925170068
202.27680272108842
202.2639455782313
202.30387755102043
202.2174829931973
202.27346938775514
202.36489795918368
202.36721088435374
202.2383673469388
202.20673469387754
202.1665306122449
202.00986394557822
201.91231292517006
201.93115646258502
201.9553741496599
201.97761904761904
201.99414965986395
201.93639455782312
201.84734693877553
201.77163265306126
201.69149659863947
201.56585034013605
201.55319727891157
201.53972789115647
201.56687074829932
201.52040816326533
201.46938775510205
201.32217687074828
201.19503401360546
201.1108843537415
201.02986394557823
200.90040816326533
200.79714285714283
200.741768707483
200.68142857142857
200.5652380952381
200.5174829931973
200.43857142857144
200.3196598639456
200.14380952380955
200.00843537414966
199.90306122448976
199.7833333333333
199.7119047619048
199.59795918367348
199.53761904761905
199.4078231292517
199.35775510204084
199.26782312925172
199.1509523809524
198.96000000000004
198.78020408163266
198.6312925170068
198.47673469387755
198.30551020408166
198.15544217687074
198.0473469387755
197.9487755102041
197.89224489795916
197.83258503401362
197.711768707483
197.50115646258507
197.33496598639456
197.14680272108842
196.93884353741498
196.7322448979592
196.58761904761906
196.4613605442177
196.29006802721088
196.0913605442177
195.88108843537412
195.7659863945578
195.6257142857143
195.41496598639455
195.15755102040816
194.97925170068027
194.83537414965986
194.66034013605443
194.42619047619047
194.14340136054423
193.90401360544217
193.7087755102041
193.5030612244898
193.30836734693878
193.1596598639456
192.9270068027211
192.6222448979592
192.37598639455783
192.18959183673468
191.94979591836736
191.65938775510205
191.4155102040816
191.28061224489795
191.1752380952381
190.93591836734697
190.58707482993196
190.26421768707485
189.92891156462585
189.66190476190476
189.42489795918368
189.2104081632653
188.87
188.50557823129253
188.19061224489795
187.93074829931973
187.64489795918365
187.2427210884354
186.94367346938776
186.6587755102041
186.36156462585035
186.0440136054422
185.76108843537415
185.48884353741497
185.21979591836734
184.94931972789118
184.55877551020407
184.22931972789115
183.94265306122446
183.58605442176872
183.17557823129252
182.87632653061226
182.58884353741496
182.22891156462586
181.92639455782313
181.68918367346942
181.33605442176872
180.88394557823128
180.556462585034
180.3170068027211
179.94816326530614
179.5069387755102
179.09319727891156
178.7234693877551
178.34122448979593
177.98693877551023
177.61843537414967
177.2378231292517
176.98095238095237
176.693537414966
176.36013605442176
175.98285714285714
175.66333333333336
175.28224489795917
174.88761904761904
174.5014285714286
174.15
173.7238095238095
173.35469387755103
173.01360544217687
172.68156462585034
172.22326530612247
171.86993197278912
171.57088435374146
171.2478231292517
170.905306122449
170.54965986394558
170.11414965986395
169.60557823129253
169.18102040816328
168.8042176870748
168.45904761904762
168.13149659863947
167.84190476190477
167.5425850340136
167.13238095238097
166.63646258503402
166.17863945578233
165.72707482993198
165.285306122449
164.90455782312927
164.57326530612247
164.17612244897958
163.81911564625852
163.43489795918367
162.98693877551023
162.48054421768708
162.09571428571428
161.66163265306122
161.2234693877551
160.81421768707483
160.4178911564626
159.91891156462583
159.4165306122449
158.89979591836735
158.42013605442176
157.96761904761905
157.56591836734697
157.00142857142856
156.50789115646256
156.0670068027211
155.63979591836735
155.18360544217688
154.8226530612245
154.36632653061224
153.79748299319726
153.34360544217688
153.0027210884354
152.5122448979592
151.93414965986395
151.4748979591837
151.15421768707483
150.73591836734695
150.19258503401363
149.67272108843537
149.25564625850342
148.8004081632653
148.3112244897959
147.84272108843538
147.37843537414966
146.87129251700682
146.3813605442177
145.86687074829933
145.4478911564626
145.02931972789116
144.5923129251701
144.07469387755106
143.68952380952382
143.2282993197279
142.74571428571429
142.39156462585035
142.01244897959182
141.40809523809523
140.75489795918367
140.35993197278913
140.0383673469388
139.55414965986395
139.1020408163265
138.70768707482995
138.4178911564626
138.04414965986396
137.6957823129252
137.30027210884356
136.9018367346939
136.46380952380952
136.10285714285715
135.7847619047619
135.40952380952382
134.9819047619048
134.59428571428572
134.26843537414965
133.89156462585032
133.4783673469388
133.02768707482994
132.64367346938775
132.27020408163264
131.96190476190475
131.62836734693877
131.23176870748298
130.83183673469387
130.50408163265305
130.23408163265307
129.86435374149664
129.50380952380954
129.13476190476192
128.77176870748298
128.37027210884355
128.03108843537416
127.6748299319728
127.28326530612244
126.94061224489798
126.61476190476192
126.19149659863946
125.84598639455783
125.5995918367347
125.26925170068029
124.73965986394559
124.31680272108844
123.99000000000001
123.73122448979592
123.38414965986394
123.0212925170068
122.66149659863946
122.21510204081633
121.83401360544218
121.60727891156463
121.4065306122449
121.08020408163267
120.6982993197279
120.35068027210885
119.9778231292517
119.58272108843538
119.14496598639457
118.6287755102041
118.2808843537415
117.94326530612244
117.46272108843537
117.03938775510204
116.76897959183674
116.53843537414966
116.11632653061224
115.7343537414966
115.30544217687074
114.99238095238096
114.79748299319728
114.50061224489795
114.1630612244898
113.88217687074831
113.56224489795918
113.15006802721088
112.87537414965986
112.59306122448979
112.15095238095239
111.69095238095238
111.35489795918369
111.07238095238095
110.74421768707484
110.39802721088436
110.12244897959184
109.84244897959184
109.43666666666667
108.9869387755102
108.53666666666666
108.12700680272108
107.81523809523809
107.57823129251702
107.26523809523809
106.8587074829932
106.48394557823129
106.27292517006804
106.05333333333333
105.71578231292517
105.24251700680271
104.84897959183674
104.5161224489796
104.3708843537415
104.20843537414966
103.89149659863946
103.48469387755102
103.17068027210885
102.87081632653063
102.52285714285715
102.14285714285715
101.88863945578231
101.64931972789117
101.36272108843539
101.0691836734694
100.86897959183673
100.5348299319728
100.06401360544218
99.79435374149661
99.59952380952382
99.26489795918367
98.9270068027211
98.72306122448981
98.43768707482992
98.06571428571428
97.78999999999999
97.50823129251701
97.29374149659866
97.2070068027211
97.05659863945579
96.79578231292518
96.54197278911565
96.37537414965988
96.21925170068027
96.07482993197279
95.80578231292517
95.4044217687075
95.05326530612244
94.72809523809524
94.4474149659864
94.22163265306123
94.03374149659864
93.78156462585034
93.52755102040818
93.35816326530613
93.16721088435375
92.97891156462586
92.75585034013605
92.5030612244898
92.17795918367347
91.90183673469389
91.76918367346939
91.65761904761905
91.52421768707484
91.36312925170068
91.22115646258504
91.04387755102042
90.90251700680273
90.74952380952381
90.6408843537415
90.41006802721088
90.18659863945578
89.98190476190477
89.96911564625852
89.79598639455783
89.62190476190477
89.43204081632652
89.27122448979591
88.99891156462586
88.89163265306122
88.91727891156462
88.73469387755102
88.49993197278913
88.30843537414967
88.30272108843538
88.23734693877552
88.29108843537415
88.24673469387756
88.121768707483
87.94789115646259
87.77027210884353
87.59278911564627
87.4356462585034
87.25013605442177
87.0852380952381
86.88795918367347
86.79965986394558
86.7070068027211
86.79598639455781
86.80809523809525
86.89605442176871
86.9113605442177
86.74659863945578
86.39775510204082
86.32646258503402
86.44462585034015
86.43857142857144
86.3609523809524
86.37605442176871
86.32836734693878
86.25414965986394
86.30034013605443
86.33823129251701
86.2648299319728
86.14170068027211
85.97190476190477
85.85231292517008
85.85054421768707
85.94142857142857
86.02809523809523
86.0200680272109
86.04006802721088
86.18367346938774
86.39993197278912
86.37632653061226
86.24068027210885
86.28666666666666
86.36877551020409
86.44027210884354
86.38183673469388
86.41074829931974
86.37258503401361
86.45244897959185
86.4587074829932
86.49680272108843
86.52442176870748
86.6739455782313
86.8326530612245
87.00612244897958
87.06557823129252
87.20564625850339
87.34952380952382
87.57108843537415
87.79421768707483
87.92605442176873
87.88142857142859
87.9438775510204
88.2838775510204
88.68074829931973
89.0704761904762
89.41034013605443
89.62210884353742
89.69938775510205
89.75551020408165
90.01714285714286
90.36448979591836
90.7821768707483
91.0243537414966
91.3056462585034
91.60544217687074
91.94272108843538
92.3330612244898
92.83122448979591
93.3826530612245
93.8074149659864
94.07360544217687
94.32462585034014
94.74666666666667
95.34374149659864
95.84891156462587
96.21231292517007
96.54292517006803
97.03639455782313
97.58469387755103
98.07598639455782
98.44578231292518
98.88333333333334
99.3443537414966
99.79863945578231
100.2100680272109
100.64224489795919
101.04503401360546
101.55530612244898
102.09625850340137
102.60659863945578
102.98163265306124
103.45612244897958
103.84156462585035
104.28802721088435
104.62346938775511
105.08319727891157
105.4886394557823
106.0121768707483
106.48816326530613
106.90428571428572
107.3539455782313
107.73938775510204
108.04068027210886
108.27700680272108
108.69918367346938
109.1625850340136
109.56163265306124
110.02170068027212
110.38170068027212
110.67734693877551
110.96993197278911
111.40054421768707
111.73571428571428
111.9922448979592
112.2495918367347
112.51462585034014
112.81877551020408
113.17319727891157
113.48877551020408
113.76156462585035
114.08897959183673
114.4595238095238
114.78843537414966
114.99258503401362
115.10054421768709
115.36251700680272
115.68448979591837
116.07414965986395
116.2582993197279
116.53163265306122
116.67292517006803
116.95510204081633
117.16768707482993
117.35380952380953
117.49108843537415
117.79401360544217
118.13183673469388
118.42013605442177
118.74380952380952
119.07163265306123
119.25843537414966
119.28680272108843
119.3812925170068
119.63401360544218
119.89578231292518
120.05680272108845
120.18210884353742
120.42904761904762
120.60299319727892
120.65095238095238
120.57414965986396
120.64496598639457
120.78469387755102
120.86068027210885
120.6465306122449
120.53489795918367
120.46598639455783
120.50687074829932
120.46190476190476
120.44340136054421
120.23775510204081
120.05755102040817
119.92034013605443
119.73013605442179
119.45074829931973
119.18068027210884
118.94857142857143
118.79673469387754
118.62877551020408
118.25272108843538
117.7247619047619
117.2874149659864
117.01761904761905
116.68455782312924
116.35278911564626
115.95006802721089
115.56
115.25455782312926
115.031768707483
114.60156462585036
114.0399319727891
113.49952380952382
113.08564625850342
112.62673469387755
112.19027210884354
111.77170068027212
111.44503401360544
111.07687074829931
110.77482993197279
110.44306122448981
110.06149659863947
109.49496598639456
108.95455782312925
108.46612244897959
108.10809523809523
107.77333333333334
107.43401360544217
107.11965986394559
106.69006802721088
106.2548979591837
105.84034013605442
105.52020408163264
105.09299319727891
104.67054421768708
104.39687074829932
104.08544217687074
103.76421768707482
103.3595918367347
103.02462585034014
102.61414965986395
102.30659863945579
102.03353741496599
101.76421768707483
101.38877551020407
101.15197278911566
100.84537414965986
100.65952380952382
100.33238095238097
100.10741496598641
99.8848299319728
99.4778231292517
99.1156462585034
98.7508843537415
98.62489795918368
98.27149659863946
97.98312925170069
97.64591836734695
97.35850340136055
97.04897959183674
96.80557823129253
96.46795918367347
96.04367346938776
95.67693877551021
95.49659863945578
95.35551020408164
95.08741496598638
94.72517006802721
94.36965986394559
94.25421768707483
94.13931972789116
93.92074829931974
93.59843537414966
93.40795918367347
93.20469387755102
93.1708843537415
93.17387755102041
93.19850340136054
92.97877551020409
92.73993197278912
92.49380952380952
92.34115646258505
92.1891156462585
92.1051700680272
91.99639455782314
91.93278911564627
91.87510204081633
91.88619047619048
91.74755102040817
91.55251700680273
91.39925170068027
91.30081632653061
91.11591836734694
91.03891156462585
91.06006802721089
91.10612244897959
91.08190476190477
91.15421768707483
91.10278911564626
91.04850340136056
90.92666666666668
90.87142857142857
90.81020408163265
90.92414965986394
90.97639455782313
90.87319727891158
90.69816326530614
90.7230612244898
90.80659863945579
90.80802721088435
90.89238095238096
90.98911564625851
90.97891156462586
90.88183673469389
90.9148299319728
90.92183673469387
90.89061224489797
90.90721088435374
90.98687074829932
91.10265306122449
91.16666666666666
91.2874149659864
91.44108843537416
91.65884353741497
91.6947619047619
91.74646258503401
91.8004081632653
91.91102040816327
92.15448979591837
92.4548299319728
92.61836734693877
92.67884353741496
92.78360544217688
92.87367346938775
92.99510204081632
93.22115646258504
93.43850340136053
93.57952380952382
93.66496598639456
93.73945578231292
93.85408163265306
94.15326530612244
94.44571428571429
94.56360544217686
94.56455782312926
94.58904761904763
94.6670068027211
94.77102040816327
94.98333333333333
95.20326530612246
95.38530612244898
95.56578231292517
95.70108843537416
95.7374149659864
95.76034013605442
95.92115646258505
96.13401360544218
96.25054421768706
96.2721088435374
96.28027210884352
96.47802721088436
96.76965986394558
97.01517006802722
97.15591836734694
97.40877551020408
97.79666666666667
98.14312925170069
98.26503401360544
98.386462585034
98.61040816326529
98.88224489795918
98.99884353741497
99.27748299319727
99.57789115646258
99.82945578231292
99.91612244897959
99.91027210884354
99.96285714285716
100.11673469387755
100.24061224489796
100.26380952380953
100.30238095238094
100.3061224489796
100.37489795918367
100.58823129251701
100.87061224489796
101.0434693877551
101.11503401360545
101.20809523809524
101.29823129251702
101.55020408163266
101.74625850340136
101.93047619047618
102.15714285714287
102.30945578231294
102.44401360544218
102.50829931972788
102.73047619047618
102.85972789115647
103.07857142857144
103.15911564625851
103.2765306122449
103.46013605442177
103.66027210884354
103.8574149659864
104.04727891156462
104.31244897959185
104.5217006802721
104.82877551020408
104.9587074829932
105.24585034013606
105.58462585034015
105.93802721088434
106.04367346938776
106.28748299319727
106.74904761904762
107.23421768707485
107.61727891156463
107.91755102040815
108.26448979591837
108.54061224489797
108.92374149659864
109.52544217687074
110.16176870748299
110.67299319727891
111.15863945578232
111.74659863945578
112.38775510204081
113.04455782312925
113.7948299319728
114.72170068027211
115.66965986394558
116.61326530612246
117.62006802721089
118.94170068027212
120.21646258503401
121.44108843537416
122.68027210884354
124.07448979591837
125.61857142857144
127.07523809523809
128.49979591836734
129.783537414966
131.10666666666668
132.22993197278913
133.04619047619047
133.5077551020408
133.70333333333335
133.8525850340136
133.9713605442177
134.0921768707483
134.19476190476192
134.49693877551022
134.80571428571432
134.92870748299322
134.8374149659864
134.86197278911564
134.89925170068028
134.96809523809523
134.96408163265306
135.0536054421769
135.14462585034016
135.20006802721088
135.12292517006804
135.05789115646257
134.9669387755102
134.83367346938775
134.64000000000001
134.55768707482991
134.47544217687073
134.22938775510204
133.99925170068028
133.89612244897958
133.98217687074833
134.01374149659864
133.9789115646259
133.79170068027213
133.66741496598638
133.6687074829932
133.51680272108842
133.21292517006805
132.73666666666668
132.0005442176871
131.080612244898
130.10931972789115
129.23360544217687
128.25537414965987
127.50659863945577
126.90258503401361
126.34986394557822
125.48489795918367
124.43891156462584
123.14979591836735
121.5138775510204
119.63367346938774
117.79292517006803
115.95292517006803
114.20673469387755
112.55979591836734
110.98034013605442
109.20190476190476
107.61931972789117
106.05891156462584
104.60319727891157
103.33204081632653
102.12142857142857
100.56761904761905
99.11265306122449
97.9239455782313
96.57721088435375
95.01006802721089
93.73714285714286
92.711768707483
91.69544217687076
90.61442176870747
89.42122448979592
88.20659863945579
87.17224489795919
86.3300680272109
85.39408163265307
84.19102040816327
82.8721088435374
81.7291836734694
80.78632653061224
79.75455782312926
78.63414965986394
77.73299319727892
77.0961224489796
76.5734693877551
76.18721088435373
75.91877551020407
75.50755102040816
74.7095918367347
73.67666666666666
72.49687074829933
71.10986394557824
69.43795918367347
67.69448979591837
66.09401360544217
64.5436734693877
62.834319727891106
