132.62343537414966
132.79673469387748
132.81204081632654
132.79333333333335
132.82204081632653
132.63952380952378
132.41462585034014
132.24489795918367
132.2404761904762
132.36142857142858
132.44537414965987
132.35190476190476
132.1182993197279
131.8308163265306
131.54108843537415
131.4882993197279
131.53394557823128
131.57625850340136
131.5025850340136
131.51503401360543
131.34727891156462
131.13190476190476
131.0548299319728
131.02680272108844
130.99197278911566
130.87496598639456
130.9052380952381
130.95074829931974
130.91551020408164
130.82088435374152
130.78421768707483
130.92625850340136
130.87367346938777
130.7891156462585
130.66850340136054
130.51374149659864
130.233537414966
130.15476190476193
130.1451700680272
130.22061224489795
130.4904081632653
130.9761224489796
131.12102040816325
131.08442176870747
131.02755102040817
131.1343537414966
131.02809523809526
130.95904761904762
130.92421768707484
130.99836734693878
130.95027210884354
130.83605442176872
130.73265306122448
130.67210884353744
130.73544217687072
130.7031292517007
130.7843537414966
130.88414965986397
131.02374149659863
130.94972789115647
130.95598639455784
130.914693877551
130.9922448979592
131.01911564625848
131.13312925170072
131.1291836734694
131.13605442176873
131.1800680272109
131.12027210884355
131.0216326530612
130.8583673469388
130.7695238095238
130.6821768707483
130.73299319727892
130.69639455782314
130.67979591836735
130.75687074829932
130.97965986394559
131.07068027210886
131.0804081632653
131.00836734693877
130.91823129251702
130.79061224489797
130.69659863945577
130.52448979591836
130.36272108843536
130.4178911564626
130.6543537414966
130.7301360544218
130.66380952380953
130.72965986394559
130.8356462585034
130.92911564625848
131.07428571428574
131.2477551020408
131.3122448979592
131.1596598639456
130.98863945578233
130.8856462585034
130.99346938775508
131.0847619047619
131.13632653061225
131.1418367346939
131.21755102040817
131.34857142857146
131.46802721088437
131.64197278911564
131.97367346938776
132.36204081632656
132.67517006802723
133.0744217687075
133.58319727891157
133.96843537414964
134.19918367346938
134.3752380952381
134.64578231292518
134.96816326530615
135.3327210884354
135.56639455782312
135.90414965986395
136.2687074829932
136.6544217687075
136.91272108843538
137.17666666666668
137.4938775510204
137.76714285714286
138.14442176870747
138.40115646258505
138.63462585034014
138.79857142857142
139.09700680272107
139.3991156462585
139.74965986394557
139.988231292517
140.1057142857143
140.3551700680272
140.75537414965987
141.15061224489796
141.51197278911565
141.9191156462585
142.34122448979593
142.82455782312928
143.3274829931973
143.81598639455783
144.30319727891157
144.78306122448978
145.24659863945578
145.73442176870748
146.19197278911562
146.71972789115648
147.21986394557825
147.74034013605444
148.07068027210886
148.45551020408163
148.77190476190475
149.1013605442177
149.45993197278912
149.9862585034014
150.5848299319728
151.04448979591837
151.47544217687073
152.06897959183675
153.01190476190476
153.8548979591837
154.62414965986397
155.41387755102045
156.31517006802721
157.0396598639456
157.73496598639454
158.50897959183675
159.31863945578232
160.15551020408162
160.95551020408163
161.83496598639454
162.767619047619
163.68761904761905
164.61115646258503
165.59108843537416
166.64142857142858
167.79102040816326
169.0809523809524
170.41251700680272
171.5690476190476
172.91931972789118
174.36768707482995
176.06108843537416
177.68061224489796
179.34312925170067
180.9378911564626
182.65326530612248
184.2313605442177
185.72224489795917
187.00795918367348
188.36578231292518
189.7530612244898
191.10285714285715
192.23714285714286
193.39353741496598
194.62163265306123
195.8647619047619
197.08108843537417
198.30374149659866
199.46428571428572
200.57707482993197
201.54823129251702
202.45204081632656
203.43884353741498
204.43387755102043
205.34244897959184
206.2046258503401
207.04748299319726
207.83591836734695
208.57632653061225
209.4097959183674
210.2031292517007
210.8961904761905
211.54843537414965
212.25591836734696
212.9356462585034
213.45578231292518
214.02108843537417
214.60374149659864
215.17666666666668
215.60258503401363
216.02129251700683
216.41469387755103
216.8281632653061
217.27802721088437
217.58727891156465
217.8704761904762
218.10074829931972
218.368231292517
218.53911564625852
218.77102040816328
219.01360544217687
219.24850340136055
219.33374149659863
219.24448979591835
219.15013605442175
219.18857142857144
219.24401360544218
219.20442176870748
219.106462585034
218.93367346938774
218.66448979591837
218.4148299319728
218.23170068027213
218.06591836734697
217.8074829931973
217.47659863945577
217.062925170068
216.65510204081636
216.26414965986396
215.81795918367348
215.35768707482995
214.9077551020408
214.43156462585034
213.86238095238093
213.2492517006803
212.67115646258503
212.1173469387755
211.48646258503402
210.89278911564625
210.26897959183674
209.69244897959186
208.99517006802722
208.3205442176871
207.6404081632653
207.0036054421769
206.2510884353742
205.53006802721092
204.7548299319728
204.11496598639457
203.44625850340137
202.80149659863946
202.02904761904762
201.2721088435374
200.6291156462585
200.0191836734694
199.3639455782313
198.69299319727892
198.00979591836736
197.37285714285719
196.78034013605443
196.3113605442177
195.7794557823129
195.3175510204082
194.84666666666666
194.38680272108843
193.93598639455783
193.50401360544217
193.0039455782313
192.6126530612245
192.3646258503401
192.11374149659864
191.8079591836735
191.47585034013605
191.21578231292517
191.0274829931973
190.9182993197279
190.665306122449
190.44646258503403
190.37142857142857
190.38272108843537
190.20210884353742
190.01156462585033
189.92244897959185
189.9952380952381
190.03333333333336
190.10217687074828
190.07299319727892
190.12721088435376
190.27204081632652
190.4770068027211
190.6065306122449
190.66585034013607
190.81163265306122
191.03231292517006
191.22870748299317
191.37938775510207
191.49122448979594
191.55925170068028
191.72102040816327
191.9675510204082
192.19931972789115
192.30755102040814
192.4130612244898
192.49748299319725
192.70727891156463
192.90979591836737
193.08340136054423
193.20149659863944
193.40414965986395
193.58108843537414
193.72632653061225
193.80292517006802
193.8286394557823
193.92496598639457
194.121768707483
194.23959183673472
194.36455782312927
194.45734693877552
194.58755102040817
194.66054421768706
194.71326530612248
194.68979591836734
194.72102040816327
194.86061224489796
194.97319727891158
195.04938775510206
195.09231292517006
195.10809523809525
195.17761904761903
195.30231292517004
195.3304761904762
195.30380952380955
195.26183673469387
195.2939455782313
195.3887074829932
195.5065306122449
195.53129251700682
195.5069387755102
195.48149659863947
195.46755102040817
195.48496598639454
195.51027210884354
195.4260544217687
195.37829931972786
195.41775510204084
195.54034013605443
195.58931972789117
195.56360544217688
195.49285714285716
195.46462585034016
195.44455782312926
195.4174149659864
195.3179591836735
195.2438775510204
195.18020408163267
195.23299319727892
195.25755102040816
195.25020408163266
195.17238095238093
195.1648979591837
195.11428571428573
195.04462585034014
194.9608843537415
194.92891156462585
194.84149659863948
194.76469387755103
194.76204081632653
194.78102040816327
194.67496598639457
194.59061224489795
194.56897959183672
194.48659863945576
194.2504761904762
194.03795918367348
193.9457823129252
193.9761224489796
194.03489795918367
193.9230612244898
193.79795918367347
193.6427210884354
193.49897959183673
193.28272108843538
193.23925170068028
193.186462585034
193.0638775510204
192.93551020408162
192.8804761904762
192.77421768707484
192.58476190476193
192.4236054421769
192.3214965986395
192.2440136054422
192.10530612244898
191.90190476190477
191.76333333333335
191.6896598639456
191.51986394557824
191.31013605442178
191.15421768707483
191.06285714285715
190.88333333333333
190.69707482993198
190.4830612244898
190.34795918367348
190.15714285714284
189.94979591836736
189.73027210884356
189.5591836734694
189.45680272108845
189.3687755102041
189.2322448979592
188.9627210884354
188.71027210884355
188.49068027210885
188.38952380952378
188.23380952380955
188.04591836734696
187.75809523809525
187.4887755102041
187.20374149659864
186.95469387755102
186.74598639455783
186.57578231292513
186.40238095238095
186.1957142857143
185.91462585034014
185.6207482993197
185.3822448979592
185.15197278911563
184.8526530612245
184.50326530612244
184.2426530612245
184.01938775510203
183.84544217687076
183.61938775510203
183.31755102040816
182.94816326530614
182.65238095238095
182.4591156462585
182.17142857142858
181.8187755102041
181.44108843537416
181.11619047619047
180.80782312925172
180.49285714285713
180.1339455782313
179.76435374149662
179.4529931972789
179.1823129251701
178.91238095238094
178.63680272108843
178.26755102040818
177.8991836734694
177.53061224489795
177.22598639455782
176.94
176.67551020408163
176.313537414966
175.88020408163266
175.4838775510204
175.18244897959184
174.89557823129252
174.57020408163265
174.1656462585034
173.79530612244898
173.43979591836734
173.118843537415
172.7704081632653
172.41040816326532
171.99551020408165
171.5891836734694
171.1760544217687
170.84251700680272
170.4860544217687
170.13537414965987
169.72687074829932
169.40564625850342
169.04442176870748
168.69707482993195
168.2643537414966
167.92673469387753
167.58795918367346
167.2757142857143
166.93891156462587
166.6234693877551
166.19904761904763
165.75931972789118
165.38836734693876
165.0319047619048
164.64380952380952
164.2161224489796
163.80238095238096
163.4821768707483
163.08020408163267
162.56428571428575
162.11795918367346
161.8877551020408
161.57285714285717
161.0978231292517
160.57482993197283
160.13904761904763
159.7295238095238
159.3391156462585
158.91421768707482
158.47149659863948
158.00673469387755
157.60897959183677
157.17965986394557
156.74394557823126
156.29727891156463
155.84659863945578
155.27455782312927
154.7942857142857
154.36360544217686
153.87136054421768
153.3781632653061
153.01081632653063
152.65006802721086
152.19530612244898
151.71931972789116
151.19061224489798
150.6952380952381
150.273537414966
149.84857142857143
149.33278911564625
148.64231292517007
148.0473469387755
147.60353741496598
147.3
146.7971428571429
146.28843537414966
145.79421768707482
145.39979591836737
144.88088435374152
144.35557823129253
143.80666666666667
143.32312925170066
142.7674829931973
142.335306122449
141.86258503401362
141.34517006802722
140.73170068027213
140.24061224489796
139.7930612244898
139.31455782312926
138.7901360544218
138.19727891156464
137.746462585034
137.34081632653061
136.8694557823129
136.2581632653061
135.78768707482993
135.33108843537417
134.7757142857143
134.28197278911563
133.78714285714284
133.32945578231295
132.86619047619047
132.4182993197279
131.8512925170068
131.4078231292517
131.01142857142858
130.50863945578232
129.91809523809525
129.53428571428572
129.1278231292517
128.59544217687073
128.07877551020408
127.7491156462585
127.29190476190477
126.74639455782314
126.32448979591837
125.8956462585034
125.30197278911565
124.77428571428571
124.36877551020407
124.00081632653061
123.5578231292517
123.09272108843538
122.5560544217687
122.0395918367347
121.53911564625852
121.04884353741497
120.55551020408163
120.08795918367346
119.67442176870748
119.21768707482994
118.75156462585034
118.3665306122449
118.06428571428572
117.72258503401362
117.29727891156463
116.85122448979592
116.3687074829932
115.89013605442177
115.3587074829932
114.96387755102042
114.59238095238095
114.19428571428573
113.74170068027212
113.35
112.89204081632654
112.47115646258503
112.06183673469388
111.67210884353742
111.19755102040816
110.81319727891156
110.3887074829932
109.99965986394557
109.5995918367347
109.21870748299321
108.86462585034013
108.50517006802721
108.14163265306124
107.7826530612245
107.45061224489795
107.00081632653063
106.50646258503403
106.09510204081633
105.69863945578233
105.15809523809523
104.62639455782313
104.17081632653061
103.85034013605443
103.56102040816327
103.20068027210884
102.65414965986395
102.20326530612245
101.92285714285714
101.63952380952382
101.15959183673469
100.67061224489797
100.40326530612246
100.10129251700681
99.82585034013606
99.34625850340137
98.87312925170069
98.41394557823129
98.13285714285716
97.77666666666666
97.40551020408164
97.11401360544218
96.76734693877552
96.47251700680273
96.25496598639455
95.96503401360545
95.44040816326532
95.0513605442177
94.67666666666666
94.31802721088437
93.848231292517
93.43870748299321
93.00163265306122
92.67789115646258
92.39877551020409
92.08367346938775
91.71965986394557
91.31489795918367
90.90408163265306
90.58163265306123
90.30551020408164
89.95428571428572
89.48625850340136
89.15979591836735
88.94666666666666
88.71598639455783
88.40755102040816
88.02108843537417
87.54156462585036
87.055306122449
86.7852380952381
86.65115646258504
86.41761904761906
86.13122448979591
85.8921768707483
85.61591836734695
85.19414965986394
84.82353741496598
84.4252380952381
84.1643537414966
83.90244897959184
83.67224489795919
83.29251700680271
83.00734693877551
82.70605442176871
82.37530612244899
82.20619047619047
82.08061224489796
81.85585034013606
81.56374149659864
81.37816326530611
81.1387074829932
80.81721088435376
80.54503401360545
80.3956462585034
80.11884353741496
79.89462585034013
79.62578231292517
79.37598639455783
79.17428571428572
79.02789115646259
78.76231292517006
78.45360544217687
78.188231292517
78.0173469387755
77.83340136054422
77.58761904761904
77.25197278911565
77.12761904761905
77.12857142857143
76.98265306122448
76.76639455782313
76.56469387755104
76.33503401360545
76.0995238095238
75.88972789115647
75.7291836734694
75.5260544217687
75.40517006802722
75.28476190476191
75.23163265306123
75.12272108843538
74.92204081632651
74.67006802721089
74.51959183673469
74.44945578231292
74.43986394557824
74.29755102040815
74.04285714285714
73.73285714285714
73.59897959183674
73.53408163265306
73.3857142857143
73.18891156462585
73.01448979591837
73.02945578231294
72.97748299319728
72.88938775510204
72.7342857142857
72.66544217687076
72.53027210884353
72.49020408163265
72.30061224489796
72.03421768707484
71.77544217687074
71.75551020408163
71.63714285714286
71.51251700680271
71.46537414965988
71.4370068027211
71.38884353741497
71.26986394557824
71.2404761904762
71.19040816326532
71.2247619047619
71.14197278911564
71.01687074829931
70.93312925170068
70.87183673469389
70.82734693877552
70.71530612244898
70.64768707482992
70.58027210884353
70.59993197278912
70.55877551020407
70.55795918367349
70.48258503401361
70.47795918367346
70.38693877551022
70.39523809523811
70.30408163265307
70.34897959183674
70.40809523809524
70.43394557823129
70.4221768707483
70.46183673469388
70.51897959183674
70.43258503401361
70.52707482993196
70.54714285714286
70.55319727891157
70.46782312925171
70.4530612244898
70.40272108843538
70.42
70.6147619047619
70.74068027210885
70.81428571428572
70.76863945578232
70.86734693877551
71.01673469387757
71.23496598639456
71.22972789115647
71.21183673469389
71.24326530612245
71.44027210884353
71.47761904761904
71.62122448979592
71.84782312925171
72.08551020408163
72.13163265306123
72.23748299319729
72.30353741496599
72.44299319727892
72.63918367346939
72.88659863945577
73.01938775510203
73.31693877551021
73.69721088435375
74.02877551020407
74.25918367346938
74.45727891156463
74.64727891156463
74.8874149659864
75.26251700680272
75.63625850340136
75.99224489795918
76.28707482993198
76.57068027210883
76.96122448979591
77.36020408163265
77.73598639455783
78.09489795918368
78.52360544217687
78.88142857142859
79.196462585034
79.54557823129252
79.9548299319728
80.37843537414966
80.84068027210884
81.19775510204082
81.6161224489796
81.96482993197279
82.43068027210886
82.81517006802721
83.1708843537415
83.38557823129253
83.76408163265306
84.1865306122449
84.57020408163265
84.78884353741498
85.12489795918367
85.47605442176871
85.92197278911564
86.2517006802721
86.66993197278913
87.06231292517006
87.4752380952381
87.66938775510204
87.99340136054423
88.46428571428572
88.97000000000001
89.20823129251701
89.49707482993198
89.87931972789116
90.26727891156463
90.42435374149659
90.69646258503403
91.07210884353742
91.49673469387756
91.79006802721089
92.10659863945578
92.50170068027211
92.84482993197278
93.14462585034013
93.41687074829932
93.76904761904763
93.91136054421769
94.07911564625851
94.28401360544218
94.66986394557824
94.95149659863947
95.37877551020408
95.6965306122449
95.91238095238097
96.04850340136055
96.36510204081632
96.70625850340137
97.06081632653061
97.27619047619048
97.52244897959184
97.67585034013607
97.88
98.21108843537415
98.6660544217687
98.95319727891157
99.09442176870749
99.2587074829932
99.42891156462585
99.5451700680272
99.80578231292516
100.06278911564625
100.20843537414966
100.25904761904764
100.48673469387755
100.69598639455782
100.76836734693877
100.7660544217687
100.82700680272109
100.83530612244897
100.79653061224491
100.74884353741498
100.59857142857143
100.5678911564626
100.51020408163265
100.36428571428571
100.13231292517008
100.06544217687076
99.92986394557823
99.77986394557823
99.47768707482993
99.17360544217688
98.90795918367347
98.82544217687074
98.61823129251701
98.2708163265306
97.85115646258504
97.44312925170068
97.03721088435375
96.69346938775512
96.38517006802722
95.97986394557824
95.4204761904762
94.98340136054422
94.71108843537417
94.36442176870747
93.86537414965986
93.38190476190476
92.94326530612246
92.48965986394558
92.06224489795919
91.57714285714286
91.09183673469389
90.70183673469387
90.47986394557824
90.13768707482994
89.81557823129252
89.3670068027211
88.83884353741497
88.25387755102041
87.78251700680272
87.49544217687074
87.12897959183674
86.77721088435375
86.35108843537415
86.08074829931974
85.7043537414966
85.3374149659864
84.95455782312925
84.66734693877552
84.40598639455783
84.15448979591837
83.86272108843539
83.62394557823129
83.38204081632652
82.99251700680273
82.5425850340136
82.233537414966
81.99122448979591
81.6704761904762
81.43231292517007
81.27319727891157
80.95986394557823
80.51183673469389
80.25353741496599
80.07571428571428
79.81775510204082
79.49884353741498
79.2787074829932
79.00278911564625
78.75952380952381
78.52401360544218
78.22809523809524
77.90088435374149
77.61197278911564
77.32693877551021
77.05414965986395
76.87802721088435
76.59074829931973
76.28142857142856
76.01843537414966
75.78367346938775
75.63054421768707
75.47163265306122
75.34571428571428
75.17020408163266
75.08428571428573
74.95034013605442
74.83503401360544
74.71034013605443
74.53387755102041
74.30727891156462
74.17925170068028
74.16707482993198
74.02394557823129
73.8474149659864
73.70190476190476
73.71782312925171
73.49122448979591
73.46204081632654
73.47748299319727
73.48530612244899
73.30843537414967
73.18748299319728
73.06503401360544
72.96360544217687
72.9608843537415
72.95013605442176
72.89040816326532
72.85142857142857
72.85571428571428
72.82000000000001
72.90353741496598
72.95428571428572
72.92326530612246
72.82299319727892
72.78292517006804
72.82231292517005
72.76503401360544
72.77585034013606
72.66047619047619
72.78530612244899
72.84979591836735
72.92761904761905
72.87421768707483
72.86068027210884
72.93693877551021
72.9991156462585
73.13666666666666
73.14911564625851
73.27115646258505
73.34414965986394
73.36265306122449
73.35081632653062
73.33482993197279
73.40857142857143
73.52734693877551
73.63360544217687
73.68673469387754
73.79095238095238
73.93408163265306
74.00455782312926
74.22204081632654
74.46183673469389
74.59367346938777
74.57632653061225
74.75401360544218
74.92462585034014
75.04632653061225
75.25734693877551
75.5260544217687
75.65163265306123
75.67108843537414
75.84394557823128
75.9956462585034
76.17646258503402
76.4043537414966
76.65863945578232
76.70591836734692
76.68442176870748
76.71142857142857
76.9538775510204
77.28693877551021
77.46755102040817
77.40414965986395
77.40469387755103
77.55625850340135
77.84142857142857
77.93836734693878
78.16585034013605
78.28891156462585
78.59986394557822
78.76367346938775
78.96414965986395
79.1570068027211
79.3578231292517
79.52843537414967
79.68244897959183
80.03401360544217
80.33442176870747
80.62
80.65891156462585
80.70945578231294
80.77598639455783
80.99843537414966
81.16687074829932
81.35557823129253
81.58469387755102
81.73972789115646
81.91999999999999
82.09319727891156
82.26074829931973
82.26619047619047
82.33591836734693
82.50734693877553
82.6761224489796
82.79809523809524
82.95544217687076
83.11523809523811
83.22931972789115
83.341768707483
83.53938775510204
83.80122448979593
84.01598639455781
84.21414965986395
84.48333333333333
84.74503401360545
84.89972789115646
85.07551020408164
85.32578231292517
85.49197278911564
85.6125170068027
85.7009523809524
85.81428571428572
85.88496598639456
86.12503401360543
86.40374149659863
86.75020408163266
87.0748299319728
87.40027210884352
87.5929931972789
87.84224489795918
88.07795918367347
88.48612244897959
88.89353741496598
89.40299319727892
89.81557823129252
90.27598639455783
90.59517006802722
91.03551020408163
91.43068027210884
91.87945578231293
92.28748299319727
92.83979591836734
93.32721088435375
93.87265306122448
94.48013605442178
95.08265306122449
95.82278911564627
96.51673469387755
97.14251700680273
97.8112244897959
98.656462585034
99.48843537414966
100.28428571428572
101.35210884353742
102.56462585034014
103.89142857142856
105.14061224489797
106.55319727891157
108.14462585034013
109.9522448979592
111.62680272108844
113.3230612244898
115.09061224489797
116.92360544217688
118.57945578231293
120.31721088435374
121.98054421768708
123.28285714285715
123.94489795918366
124.38081632653062
124.71482993197279
125.03727891156463
125.09693877551021
125.24537414965987
125.57142857142858
126.08755102040817
126.49027210884353
126.66462585034016
126.6147619047619
126.52054421768707
126.49503401360545
126.5234693877551
126.77292517006802
127.19598639455783
127.64775510204082
128.03938775510204
128.3283673469388
128.62027210884352
129.0720408163265
129.6729931972789
130.0221088435374
130.37231292517006
130.65326530612245
130.78653061224492
130.58353741496597
130.678231292517
130.89721088435374
131.2534693877551
131.54163265306124
131.98843537414967
132.32843537414965
132.70129251700683
132.82952380952383
132.81734693877553
132.55714285714285
132.2301360544218
131.62136054421768
130.9616326530612
130.2125850340136
129.6129931972789
129.1100680272109
128.68816326530614
128.15108843537416
127.33333333333334
126.18911564625851
124.56673469387755
122.5352380952381
120.10455782312926
117.67333333333332
115.28061224489795
113.17380952380952
111.17571428571428
109.28823129251701
107.18775510204082
105.15972789115646
103.1900680272109
101.39380952380954
99.71904761904763
98.15401360544217
96.35598639455782
94.54557823129251
92.72979591836736
91.00285714285715
89.15197278911565
87.55639455782313
86.09170068027211
84.68095238095238
83.12340136054422
81.47952380952381
80.03054421768708
78.6887755102041
77.40163265306123
75.9456462585034
74.4208163265306
72.86707482993197
71.50795918367346
70.18714285714286
69.0948299319728
68.00741496598638
67.0329931972789
66.12224489795918
65.6565306122449
65.32149659863946
65.0034693877551
64.27809523809525
63.48863945578231
62.517959183673476
61.3821768707483
60.01210884353742
58.661768707483
57.165306122448975
55.48755102040816
53.855918367346895
52.34316326530609
