135.19289115646262
135.57843537414962
135.82163265306122
135.8504081632653
135.75761904761902
135.5768707482993
135.46210884353744
135.4375510204082
135.52904761904762
135.6708843537415
135.6112925170068
135.32006802721088
135.06299319727893
134.8621088435374
134.74884353741496
134.56061224489795
134.45959183673472
134.47666666666666
134.5382993197279
134.52959183673468
134.38734693877552
134.19857142857143
134.10408163265305
134.01510204081634
133.98
133.85238095238094
133.8555782312925
133.83176870748298
133.8892517006803
133.77380952380952
133.8869387755102
133.86632653061224
133.78231292517006
133.6051700680272
133.61047619047616
133.45482993197277
133.29496598639457
133.21197278911566
133.11884353741496
133.06435374149657
133.33408163265307
133.62959183673468
133.77755102040817
133.69972789115647
133.68659863945578
133.57204081632653
133.44768707482996
133.40122448979594
133.3961224489796
133.28897959183672
133.23925170068026
133.31782312925168
133.36272108843536
133.28687074829935
133.26292517006803
133.3291836734694
133.45891156462585
133.6230612244898
133.79496598639454
133.77598639455783
133.70074829931974
133.70999999999998
133.85224489795917
133.89891156462585
133.84326530612248
133.85768707482993
133.82122448979592
133.8194557823129
133.74714285714288
133.77993197278914
133.62340136054422
133.50306122448978
133.4061904761905
133.5112925170068
133.72387755102042
133.89142857142858
134.02945578231294
134.01625850340133
134.1508843537415
134.20775510204084
134.18108843537414
133.933537414966
133.77945578231294
133.71959183673468
133.78809523809525
133.81149659863948
133.73952380952383
133.6874829931973
133.79367346938778
133.85741496598638
133.88244897959186
134.01897959183674
134.1626530612245
134.16680272108843
134.15448979591838
134.2074829931973
134.20238095238096
134.0987755102041
133.92714285714288
133.95734693877552
134.08972789115649
134.3378911564626
134.51632653061225
134.56707482993198
134.45972789115646
134.44408163265308
134.75972789115647
135.16292517006804
135.53476190476192
135.7763945578231
136.11891156462588
136.4086394557823
136.69272108843538
136.97795918367348
137.2895238095238
137.49401360544218
137.59006802721092
137.8595918367347
138.30374149659863
138.88081632653058
139.32850340136054
139.6547619047619
139.8639455782313
140.12632653061223
140.5132653061225
140.80619047619047
141.0878231292517
141.27938775510205
141.48632653061225
141.61993197278912
141.91095238095238
142.19931972789118
142.30238095238096
142.40639455782315
142.58986394557826
143.02238095238096
143.3638775510204
143.85054421768706
144.2339455782313
144.66795918367347
145.0491156462585
145.6596598639456
146.19272108843538
146.71653061224492
147.03979591836736
147.4239455782313
147.8351700680272
148.38428571428574
148.88557823129253
149.43544217687074
149.96775510204083
150.43238095238095
150.88272108843537
151.32
151.73414965986396
152.15448979591835
152.59748299319727
153.0687755102041
153.5326530612245
154.0321768707483
154.48857142857145
155.12775510204082
155.86414965986395
156.69265306122446
157.37632653061223
158.11047619047622
158.9297278911565
159.93789115646257
160.7861224489796
161.47707482993198
162.1727210884354
163.09027210884352
163.98517006802723
164.87857142857143
165.69306122448978
166.5413605442177
167.46632653061226
168.53292517006804
169.53925170068027
170.57517006802723
171.7187755102041
173.09462585034015
174.42673469387756
175.77625850340138
177.04537414965986
178.51727891156463
180.05904761904765
181.56360544217688
183.01938775510206
184.50687074829932
185.9051020408163
187.14585034013606
188.26496598639454
189.4678911564626
190.63734693877552
191.86020408163267
193.0300680272109
194.21911564625853
195.35197278911565
196.41469387755106
197.4212925170068
198.45428571428573
199.53102040816327
200.59278911564627
201.4943537414966
202.3678231292517
203.256462585034
204.1030612244898
204.86163265306124
205.6831292517007
206.54333333333332
207.34102040816327
208.09278911564624
208.85843537414968
209.4979591836735
210.10938775510203
210.74034013605444
211.43904761904764
212.01238095238097
212.57251700680274
213.09115646258505
213.57408163265305
213.99503401360545
214.47693877551018
214.9231292517007
215.300612244898
215.64183673469387
216.02925170068028
216.38360544217684
216.66061224489798
216.88823129251702
217.13462585034014
217.3484353741497
217.5157142857143
217.65061224489799
217.8287755102041
217.9487074829932
217.98394557823133
217.96646258503404
217.9912244897959
218.0004761904762
217.84068027210884
217.6648299319728
217.53931972789113
217.4230612244898
217.17510204081634
216.9883673469388
216.7547619047619
216.50333333333333
216.14115646258503
215.7656462585034
215.3391836734694
214.94238095238097
214.5151700680272
214.01408163265307
213.59843537414966
213.13421768707485
212.65285714285716
212.06632653061226
211.56408163265309
211.03496598639458
210.4639455782313
209.85843537414965
209.21013605442175
208.56149659863948
207.86646258503401
207.20408163265304
206.4905442176871
205.82462585034014
205.24190476190478
204.65884353741495
204.04210884353742
203.38802721088436
202.6446258503401
201.89700680272108
201.20680272108845
200.6194557823129
199.99646258503407
199.41176870748302
198.7482993197279
198.18340136054422
197.53353741496596
196.8973469387755
196.31585034013608
195.88911564625852
195.4201360544218
194.93285714285713
194.45904761904762
194.06952380952382
193.657074829932
193.24503401360545
192.828231292517
192.5600680272109
192.2512244897959
191.95714285714286
191.6672789115646
191.42183673469387
191.15591836734697
190.95768707482992
190.896462585034
190.79108843537415
190.60401360544216
190.41224489795917
190.312925170068
190.22816326530614
190.11
189.98870748299322
189.928843537415
189.9565306122449
189.98448979591836
190.0244217687075
190.1027891156463
190.21578231292517
190.37244897959184
190.5257142857143
190.63843537414965
190.76537414965986
190.88891156462586
191.03244897959183
191.18714285714285
191.30727891156462
191.39142857142858
191.57809523809524
191.848231292517
191.98972789115646
192.0992517006803
192.20414965986393
192.32877551020408
192.44843537414965
192.63455782312923
192.7487074829932
192.88693877551023
193.11312925170068
193.3161224489796
193.4409523809524
193.4921088435374
193.5095918367347
193.52836734693878
193.7260544217687
193.892380952381
193.90680272108844
193.9286394557823
194.07272108843537
194.27986394557823
194.31687074829932
194.3052380952381
194.3186394557823
194.44408163265308
194.5256462585034
194.54836734693876
194.62061224489796
194.69510204081632
194.7083673469388
194.65625850340138
194.74884353741498
194.86244897959182
194.85564625850338
194.83353741496597
194.8762585034014
194.97986394557822
195.02027210884356
194.98142857142858
194.9218367346939
194.93156462585034
194.90809523809526
194.8560544217687
194.83544217687074
194.91591836734696
194.89625850340136
194.9412925170068
194.9325850340136
194.91965986394558
194.84156462585034
194.84272108843538
194.83258503401362
194.80081632653062
194.74789115646257
194.69938775510207
194.70578231292518
194.6874829931973
194.7044217687075
194.72197278911565
194.7165306122449
194.59367346938774
194.53938775510204
194.47414965986397
194.45000000000002
194.3244217687075
194.31591836734697
194.22503401360547
194.25598639455785
194.1778231292517
194.12714285714287
193.99557823129254
193.86877551020407
193.71251700680276
193.59659863945578
193.5061224489796
193.42210884353744
193.41163265306122
193.39931972789114
193.32870748299322
193.2252380952381
193.11891156462588
192.93782312925168
192.78510204081635
192.7200680272109
192.65224489795918
192.5482993197279
192.40401360544217
192.2796598639456
192.15714285714284
192.0729931972789
192.01469387755103
191.8595918367347
191.6723129251701
191.49755102040817
191.35693877551023
191.20768707482995
191.16795918367345
191.11999999999998
190.93462585034013
190.69646258503403
190.54163265306124
190.40680272108844
190.2287755102041
189.99312925170068
189.7626530612245
189.6108843537415
189.4882993197279
189.31625850340134
189.1282993197279
188.96761904761905
188.80278911564625
188.58986394557823
188.4043537414966
188.25591836734696
188.1131292517007
187.89333333333335
187.68680272108844
187.47721088435372
187.28448979591835
187.03163265306122
186.87149659863948
186.7005442176871
186.4559863945578
186.13156462585033
185.91496598639458
185.7520408163265
185.46585034013606
185.24102040816325
185.01448979591837
184.80639455782313
184.48346938775512
184.24972789115645
183.9539455782313
183.72578231292516
183.50632653061226
183.31183673469388
183.04047619047617
182.70727891156463
182.39115646258503
182.10931972789115
181.8277551020408
181.46380952380954
181.12272108843536
180.80646258503404
180.52074829931973
180.14598639455784
179.76537414965986
179.45884353741496
179.2313605442177
178.93530612244896
178.63122448979593
178.40068027210884
178.10632653061225
177.69557823129253
177.34986394557825
177.08591836734695
176.79387755102042
176.4352380952381
176.07897959183674
175.65768707482994
175.31972789115648
175.04224489795916
174.68748299319728
174.361768707483
174.01632653061225
173.67285714285714
173.23428571428573
172.85748299319727
172.56108843537416
172.26367346938775
171.8444897959184
171.3830612244898
171.03272108843538
170.7291156462585
170.36897959183673
170.001768707483
169.66469387755103
169.34006802721086
168.97979591836736
168.5021768707483
168.18
167.88149659863947
167.61401360544215
167.11571428571432
166.75000000000003
166.39258503401362
166.1101360544218
165.71999999999997
165.37360544217688
165.0013605442177
164.5591156462585
164.10047619047617
163.7465306122449
163.45993197278912
163.11843537414967
162.7260544217687
162.27380952380952
161.95068027210885
161.59074829931973
161.17421768707482
160.678231292517
160.32095238095238
159.9481632653061
159.53455782312926
159.12578231292517
158.76496598639454
158.321768707483
157.88428571428574
157.4269387755102
157.07986394557824
156.5817006802721
156.06183673469388
155.67278911564625
155.36258503401362
154.89136054421772
154.37891156462587
153.9108163265306
153.39938775510205
152.916462585034
152.4725850340136
152.10700680272106
151.68163265306123
151.20993197278912
150.61115646258503
150.12918367346936
149.71326530612245
149.20068027210883
148.69476190476192
148.21727891156462
147.7786394557823
147.28414965986394
146.7646258503401
146.3012925170068
145.87428571428572
145.38183673469388
144.8429931972789
144.42108843537417
144.08231292517007
143.58278911564625
142.91108843537415
142.2729931972789
141.84292517006804
141.48285714285714
141.06931972789118
140.6005442176871
140.1374829931973
139.56687074829932
139.00136054421768
138.50319727891156
138.0886394557823
137.61278911564625
137.13163265306122
136.5816326530612
136.1019047619048
135.57639455782316
135.12122448979594
134.64591836734692
134.17319727891157
133.60571428571427
133.1082993197279
132.7318367346939
132.36775510204083
131.89414965986396
131.38408163265308
130.86170068027212
130.3682993197279
129.90156462585034
129.44850340136054
129.0948979591837
128.71489795918367
128.29598639455781
127.8504761904762
127.4842857142857
127.09312925170067
126.60285714285715
126.1382993197279
125.69367346938776
125.3573469387755
124.98081632653061
124.48387755102041
123.82693877551021
123.31129251700682
122.83965986394558
122.40047619047618
121.99897959183674
121.69190476190477
121.30224489795917
120.89884353741496
120.45489795918367
120.02340136054421
119.566462585034
119.13034013605443
118.71537414965985
118.33074829931974
117.93918367346939
117.47952380952381
117.0965306122449
116.72850340136054
116.3208843537415
115.77748299319728
115.25714285714287
114.84816326530613
114.43653061224491
114.0839455782313
113.75183673469388
113.41
112.91360544217687
112.43959183673469
111.95054421768708
111.63034013605443
111.35244897959186
110.9596598639456
110.42571428571429
110.04414965986395
109.66972789115647
109.32340136054422
108.97700680272109
108.67156462585035
108.22972789115647
107.77925170068028
107.35326530612244
106.94292517006802
106.52333333333334
106.05210884353741
105.6712925170068
105.27707482993198
104.79061224489796
104.32659863945578
104.00122448979592
103.69653061224489
103.44585034013606
103.05510204081632
102.65176870748299
102.23714285714287
101.94238095238094
101.52591836734695
101.20081632653061
100.86312925170068
100.45156462585034
99.98197278911564
99.54748299319728
99.2374149659864
98.94775510204083
98.65986394557824
98.23238095238096
97.9113605442177
97.57904761904761
97.24537414965988
96.88952380952381
96.57190476190476
96.1961224489796
95.74197278911565
95.29734693877553
94.86721088435374
94.42918367346938
94.15068027210884
93.92925170068028
93.68081632653062
93.23448979591838
92.77462585034014
92.3882993197279
92.13680272108843
91.81809523809525
91.3957142857143
90.97721088435375
90.69115646258504
90.43197278911566
90.10489795918369
89.75054421768708
89.48673469387757
89.16306122448981
88.77081632653062
88.29714285714286
88.00530612244899
87.8413605442177
87.60571428571428
87.24367346938777
86.87714285714286
86.63993197278911
86.36013605442176
86.15666666666668
85.8982993197279
85.50027210884355
84.98707482993197
84.6178231292517
84.4647619047619
84.30510204081634
84.04836734693879
83.73537414965988
83.4987074829932
83.24312925170068
83.02054421768707
82.79707482993199
82.55408163265307
82.39469387755102
82.20503401360546
81.97557823129252
81.67292517006803
81.43816326530612
81.12367346938777
80.78353741496599
80.48176870748301
80.36517006802721
80.20823129251701
79.93551020408164
79.51673469387755
79.2104081632653
78.9978231292517
78.8991156462585
78.71761904761905
78.47442176870749
78.19176870748299
78.00775510204082
77.86489795918366
77.76006802721089
77.60034013605443
77.34360544217688
77.13891156462586
76.97306122448981
76.83646258503401
76.73190476190476
76.69857142857143
76.61537414965987
76.41612244897959
76.2165306122449
76.17061224489797
76.10360544217687
75.92299319727891
75.68442176870748
75.38374149659865
75.05047619047619
74.83646258503401
74.8174149659864
74.73945578231292
74.53210884353743
74.33795918367348
74.25428571428571
74.27272108843538
74.2595918367347
74.10340136054421
73.95653061224489
73.93843537414966
73.88714285714286
73.63278911564626
73.28891156462585
73.0887074829932
72.97836734693878
72.88979591836735
72.79659863945578
72.74224489795918
72.85585034013606
72.85278911564626
72.73523809523812
72.53374149659864
72.49979591836734
72.53659863945578
72.4665306122449
72.44666666666667
72.39714285714287
72.34401360544217
72.213537414966
72.1543537414966
72.13965986394558
72.06115646258503
72.06619047619049
72.02707482993198
72.03115646258505
71.88204081632654
71.68149659863946
71.58074829931974
71.6695918367347
71.74925170068028
71.71108843537417
71.71802721088436
71.85163265306124
71.90462585034014
71.89442176870747
71.79904761904761
71.87503401360544
71.89544217687074
71.94414965986395
71.85761904761905
71.72020408163266
71.65585034013606
71.7291836734694
71.8860544217687
71.87163265306123
71.88442176870748
72.00292517006802
72.1770068027211
72.22537414965987
72.27163265306122
72.40782312925171
72.52639455782312
72.57687074829933
72.65231292517007
72.6756462585034
72.72367346938776
72.89877551020408
73.24421768707484
73.50238095238096
73.70000000000002
73.92020408163268
74.0256462585034
74.08163265306123
74.19863945578231
74.47585034013605
74.65619047619047
74.90258503401361
75.21251700680273
75.51061224489796
75.66721088435374
75.97170068027212
76.35088435374149
76.6739455782313
76.93897959183674
77.33700680272109
77.7304761904762
78.03666666666668
78.3831292517007
78.9021768707483
79.31034013605444
79.51965986394558
79.74673469387756
80.30789115646259
80.876462585034
81.29170068027211
81.65863945578232
82.08380952380952
82.54972789115646
82.93748299319728
83.21503401360545
83.48986394557824
83.85551020408163
84.34625850340137
84.75183673469388
85.17673469387755
85.55557823129253
85.96775510204083
86.3378231292517
86.68707482993196
87.05088435374151
87.34421768707483
87.72965986394557
88.22714285714287
88.74108843537415
89.05775510204083
89.49551020408164
89.89571428571429
90.26605442176871
90.51170068027211
90.87639455782313
91.24911564625852
91.76224489795918
92.21707482993199
92.56061224489797
92.81809523809524
93.11224489795919
93.43632653061223
93.85299319727892
94.18503401360545
94.45
94.71374149659864
94.99013605442178
95.24829931972789
95.61673469387756
95.99340136054421
96.32122448979592
96.59741496598639
96.9078911564626
97.0412925170068
97.19034013605443
97.5891156462585
98.08040816326532
98.44523809523811
98.60251700680273
98.7756462585034
99.00414965986394
99.33571428571429
99.66666666666667
99.86006802721089
100.046462585034
100.24863945578232
100.59489795918368
100.97006802721089
101.30666666666666
101.51986394557824
101.75755102040817
101.94081632653061
102.12639455782312
102.32408163265306
102.6504761904762
102.86292517006802
102.88047619047619
102.96095238095239
103.17367346938777
103.34040816326532
103.35435374149661
103.47931972789115
103.54700680272111
103.46122448979591
103.34054421768708
103.32292517006803
103.41442176870748
103.5030612244898
103.38639455782314
103.1121768707483
102.81578231292518
102.65476190476191
102.50047619047619
102.39816326530612
102.12074829931973
101.87496598639456
101.68959183673469
101.58231292517007
101.21727891156463
100.69823129251701
100.29020408163265
100.04258503401361
99.75857142857143
99.36115646258503
99.00585034013605
98.59115646258503
98.19115646258503
97.77891156462586
97.35346938775511
96.77809523809525
96.26278911564626
95.90530612244899
95.66442176870748
95.31666666666668
94.79816326530612
94.30367346938776
93.89204081632656
93.49503401360545
93.07204081632653
92.77414965986395
92.48625850340136
92.02299319727892
91.47857142857143
90.99190476190478
90.54802721088436
90.18394557823129
89.85789115646259
89.55517006802721
89.19176870748299
88.8647619047619
88.46646258503402
88.0029931972789
87.57877551020408
87.25448979591837
86.96000000000001
86.6074149659864
86.32231292517007
86.07829931972789
85.78333333333333
85.45408163265304
85.0291156462585
84.62537414965988
84.30176870748299
84.22761904761904
84.21074829931975
83.8874149659864
83.3761224489796
83.01789115646258
82.86088435374148
82.60891156462586
82.32319727891156
82.08081632653061
81.86897959183673
81.64925170068027
81.3487074829932
81.01251700680272
80.7121768707483
80.30755102040816
79.86639455782313
79.54210884353742
79.35816326530613
79.09986394557824
78.93217687074832
78.75061224489797
78.54904761904763
78.21285714285715
77.99333333333334
77.77816326530612
77.71591836734694
77.5525850340136
77.22251700680272
77.0038775510204
76.98258503401361
76.95707482993197
76.72353741496599
76.58795918367346
76.4743537414966
76.38938775510204
76.22204081632654
76.06693877551021
76.04870748299321
76.03387755102041
75.87462585034014
75.79714285714286
75.68068027210884
75.47530612244898
75.32340136054422
75.32680272108844
75.25680272108843
75.13244897959184
75.10292517006803
75.14836734693878
75.1647619047619
75.19414965986395
75.193537414966
75.21469387755103
75.22891156462585
75.16489795918368
75.1495918367347
75.15034013605441
75.10068027210885
74.99448979591835
74.91000000000001
74.91530612244898
74.81605442176871
74.84931972789116
74.92319727891157
74.97414965986394
75.08210884353741
75.1608843537415
75.22027210884353
75.16156462585033
75.18904761904761
75.21095238095239
75.23605442176871
75.3774149659864
75.45659863945579
75.39632653061224
75.37231292517008
75.5208843537415
75.66238095238096
75.7321768707483
75.8465306122449
75.99102040816328
76.09809523809523
76.15564625850341
76.30170068027212
76.48972789115646
76.78585034013605
76.92380952380952
77.0743537414966
77.041768707483
77.15857142857142
77.3525850340136
77.6408843537415
77.8047619047619
78.08326530612244
78.26081632653062
78.32612244897959
78.26986394557824
78.49115646258502
78.6687074829932
78.86605442176871
78.96272108843539
79.19544217687076
79.28
79.44102040816327
79.49435374149661
79.69972789115647
79.78585034013605
79.85340136054421
79.92142857142858
80.16639455782312
80.39802721088435
80.5626530612245
80.80224489795918
80.99836734693878
81.07517006802722
81.14292517006803
81.37775510204082
81.64755102040816
81.89455782312926
81.98863945578232
82.22632653061225
82.45408163265307
82.73979591836735
82.89931972789114
83.22748299319727
83.45061224489795
83.68904761904763
83.88598639455782
84.00605442176871
83.94326530612244
84.1182993197279
84.35374149659864
84.54496598639456
84.52748299319728
84.73149659863947
84.89503401360544
85.13925170068026
85.1704761904762
85.15428571428572
85.19122448979593
85.44823129251702
85.72591836734694
85.9560544217687
86.18319727891156
86.38557823129253
86.58163265306122
86.90489795918369
87.0670068027211
87.08734693877551
87.20136054421769
87.5069387755102
87.7948299319728
87.88374149659865
88.13979591836735
88.3060544217687
88.4842857142857
88.5682993197279
88.80768707482994
89.06210884353742
89.33367346938776
89.75217687074831
90.11979591836734
90.43979591836737
90.59068027210884
90.78462585034012
91.12598639455781
91.6374149659864
92.09210884353742
92.45931972789117
92.78108843537416
93.20231292517008
93.64931972789115
94.10238095238095
94.58163265306123
95.1117006802721
95.57843537414966
95.97006802721089
96.47374149659865
97.1800680272109
97.9565306122449
98.60802721088436
99.10285714285715
99.71517006802722
100.66680272108844
101.55421768707484
102.52931972789116
103.50272108843538
104.80897959183673
106.04714285714286
107.50585034013605
108.82489795918367
110.31911564625851
111.99598639455783
113.90619047619047
115.69625850340135
117.34931972789116
118.97931972789115
120.58918367346938
122.23646258503402
123.74510204081633
125.0121768707483
125.86857142857143
126.45387755102041
126.89537414965986
127.03496598639455
127.05231292517007
127.17768707482995
127.52285714285713
127.85503401360545
128.14333333333332
128.4795918367347
128.61142857142858
128.61244897959185
128.57789115646258
128.8468707482993
129.16380952380953
129.47503401360544
129.65979591836734
129.85183673469385
130.10047619047617
130.39442176870747
130.59945578231293
130.72448979591837
130.84659863945578
131.0543537414966
131.15884353741495
131.0530612244898
130.7960544217687
130.6608843537415
130.8861904761905
131.3625850340136
131.75074829931972
131.77333333333334
131.86244897959185
132.11605442176872
132.4674149659864
132.67639455782313
132.66231292517006
132.36231292517004
131.97884353741497
131.60061224489795
130.995306122449
130.3504761904762
129.83537414965986
129.4439455782313
128.84829931972791
128.03986394557825
126.96374149659866
125.37312925170068
123.14034013605442
120.59877551020409
118.12380952380954
115.81312925170069
113.71489795918367
111.80414965986395
109.76938775510204
107.59931972789116
105.42931972789117
103.53156462585035
101.67986394557825
100.13149659863947
98.38183673469388
96.64054421768708
94.89129251700682
93.37326530612245
91.69571428571429
90.06585034013605
88.52238095238096
87.11680272108843
85.84074829931973
84.49482993197279
82.94360544217687
81.50013605442177
80.32319727891156
79.07251700680273
77.69040816326532
76.29448979591837
75.0087074829932
73.66795918367347
72.38931972789116
71.22904761904762
70.10435374149661
69.0878231292517
68.33401360544218
67.98333333333333
67.7474149659864
67.31
66.62210884353742
65.79108843537415
64.92551020408163
63.91020408163266
62.575646258503404
60.957074829931976
59.3952380952381
57.97442176870749
56.44006802721083
54.53938775510196
