165.64863945578236
165.96258503401359
166.34183673469386
166.73414965986396
167.04156462585036
167.2570068027211
167.4105442176871
167.56850340136054
167.65564625850342
167.76721088435374
167.85537414965984
167.76666666666668
167.52931972789116
167.24510204081633
167.08000000000004
167.01000000000005
167.18680272108844
167.37897959183675
167.52224489795918
167.53523809523813
167.4504081632653
167.26938775510203
167.07244897959183
167.05163265306123
167.09102040816327
167.1712925170068
167.11122448979592
167.08020408163267
167.05693877551022
167.0130612244898
166.92755102040815
166.8769387755102
166.75585034013608
166.58619047619044
166.58496598639454
166.68292517006802
166.64938775510205
166.45476190476194
166.34034013605444
166.27714285714285
166.44727891156464
166.68557823129254
166.72034013605443
166.56727891156464
166.4695918367347
166.47918367346938
166.34414965986394
166.29945578231295
166.28551020408165
166.19891156462586
166.11278911564625
166.1161224489796
166.1839455782313
166.26068027210883
166.39993197278915
166.5799319727891
166.6776190476191
166.78632653061226
166.81537414965987
166.87659863945578
166.7965986394558
166.6960544217687
166.63163265306122
166.70469387755102
166.76537414965986
166.70653061224493
166.56102040816327
166.4813605442177
166.5474149659864
166.6821768707483
166.68884353741495
166.5655782312925
166.46755102040817
166.59884353741495
166.77551020408163
166.85931972789115
166.8774829931973
166.94687074829932
167.0442857142857
167.05020408163267
167.0261904761905
167.0199319727891
166.92578231292515
166.83231292517007
166.8438775510204
166.98006802721088
167.1229931972789
167.3175510204082
167.43462585034013
167.35925170068026
167.29374149659864
167.41414965986394
167.52714285714285
167.59510204081633
167.56755102040816
167.55340136054423
167.5031292517007
167.502925170068
167.51190476190476
167.56891156462586
167.6683673469388
167.81972789115648
167.97095238095238
168.14544217687074
168.31721088435376
168.49517006802722
168.7307482993197
169.04904761904766
169.37952380952382
169.63197278911565
169.84414965986394
170.0860544217687
170.22299319727892
170.34285714285716
170.3590476190476
170.52952380952382
170.7155782312925
171.00986394557822
171.35285714285715
171.79414965986396
172.31884353741498
172.87319727891156
173.27700680272108
173.5768707482993
173.83401360544218
174.20326530612243
174.45823129251704
174.75727891156464
174.96659863945578
175.1947619047619
175.43414965986398
175.81666666666666
176.14380952380952
176.50496598639455
176.73517006802723
177.15122448979594
177.55632653061224
178.08979591836737
178.56925170068027
179.1434013605442
179.65768707482994
180.19061224489798
180.77115646258505
181.39122448979592
181.93544217687074
182.58068027210885
183.3012925170068
184.01802721088436
184.7381632653061
185.5660544217687
186.38585034013605
187.18993197278914
187.91537414965987
188.60578231292521
189.2257142857143
189.94843537414965
190.61904761904765
191.33448979591836
192.06462585034015
192.85190476190476
193.50278911564627
194.16496598639455
194.94231292517006
195.76238095238097
196.56931972789118
197.3889115646259
198.2757142857143
199.14503401360543
199.97795918367348
200.8557142857143
201.62632653061223
202.45727891156463
203.201768707483
203.92170068027212
204.57367346938776
205.32904761904763
206.09272108843538
206.85734693877552
207.621768707483
208.33748299319728
208.99088435374148
209.6505442176871
210.35238095238097
211.07625850340136
211.69122448979593
212.26251700680274
212.89088435374148
213.63115646258504
214.30224489795918
214.9701360544218
215.57727891156466
216.14367346938775
216.66068027210886
217.30836734693878
217.9083673469388
218.4695918367347
219.0257142857143
219.60278911564626
220.14482993197277
220.66013605442174
221.2125850340136
221.7291836734694
222.28476190476192
222.78625850340137
223.20020408163265
223.61163265306124
224.07442176870748
224.56979591836736
224.98
225.34986394557825
225.74197278911566
226.19421768707485
226.56081632653064
226.8499319727891
227.0757142857143
227.3343537414966
227.70000000000002
228.04775510204084
228.27238095238098
228.42442176870748
228.59775510204082
228.82108843537415
229.0574149659864
229.27503401360542
229.37897959183672
229.52503401360542
229.6914285714286
229.83054421768708
229.9291156462585
230.0612925170068
230.14374149659864
230.11680272108845
230.1461904761905
230.21503401360545
230.263537414966
230.2940136054422
230.23421768707482
230.05340136054423
229.92020408163265
229.91632653061225
229.783537414966
229.5765306122449
229.40326530612242
229.23006802721088
228.99721088435376
228.81244897959184
228.59455782312926
228.37238095238095
228.13367346938776
227.9031292517007
227.58380952380952
227.28891156462583
226.95931972789117
226.58469387755102
226.24972789115648
225.96850340136058
225.6808843537415
225.3217006802721
224.94748299319727
224.56149659863945
224.22197278911565
223.87972789115645
223.51945578231292
223.09768707482993
222.63972789115647
222.20448979591833
221.82884353741497
221.45850340136053
220.97938775510204
220.4429931972789
220.0647619047619
219.69503401360544
219.31136054421768
218.80278911564625
218.43986394557825
217.97850340136057
217.5003401360544
217.02884353741496
216.65312925170068
216.28707482993195
215.8813605442177
215.46741496598642
215.09476190476192
214.74408163265306
214.33952380952383
213.91326530612247
213.5744897959184
213.2439455782313
212.84891156462584
212.54224489795916
212.31503401360544
212.07591836734696
211.7617006802721
211.41619047619048
211.17734693877551
211.06510204081633
210.90632653061226
210.5987755102041
210.35999999999999
210.28027210884358
210.17612244897958
209.9701360544218
209.78462585034015
209.63938775510206
209.54238095238097
209.42272108843537
209.33455782312927
209.2003401360544
209.0744897959184
208.98163265306124
208.87156462585034
208.80312925170068
208.80639455782313
208.90510204081636
209.02326530612248
209.08319727891154
209.09585034013605
209.11156462585032
209.15285714285716
209.218231292517
209.27027210884356
209.3469387755102
209.37251700680272
209.4534013605442
209.57727891156463
209.70768707482995
209.79387755102042
209.80040816326533
209.86272108843536
209.8542857142857
209.80612244897958
209.7674149659864
209.84360544217688
209.84795918367345
209.90979591836737
209.94721088435375
209.95721088435377
209.88122448979593
209.90061224489796
209.98374149659864
210.11319727891157
210.16034013605443
210.10299319727892
210.04925170068026
209.97911564625852
209.99727891156462
210.02380952380955
210.03312925170067
210.0404081632653
210.08020408163264
210.15795918367348
210.1990476190476
210.16367346938776
210.0457142857143
210.0192517006803
210.03340136054422
210.01319727891158
210.04285714285717
210.0923129251701
210.0660544217687
210.06210884353743
210.0867346938776
210.04748299319726
209.98843537414967
209.9469387755102
209.89197278911567
209.83421768707484
209.84666666666666
209.86714285714288
209.85095238095238
209.84367346938774
209.85931972789115
209.86353741496598
209.83666666666664
209.73367346938775
209.63612244897962
209.51761904761906
209.49836734693878
209.44721088435375
209.48421768707485
209.41204081632654
209.408231292517
209.33836734693878
209.4173469387755
209.4178911564626
209.3508163265306
209.16183673469388
209.0591836734694
208.98585034013604
208.93061224489796
208.9191836734694
208.9043537414966
208.88850340136057
208.8265986394558
208.68659863945578
208.46857142857144
208.30455782312924
208.19034013605446
208.10857142857145
208.06278911564624
208.01850340136056
207.96340136054422
207.84918367346938
207.69108843537413
207.57585034013607
207.45904761904762
207.27904761904762
207.17530612244897
207.17639455782313
207.11353741496598
206.9108843537415
206.8391156462585
206.79034013605445
206.69823129251702
206.5408163265306
206.49217687074827
206.4260544217687
206.31952380952384
206.2091156462585
206.08251700680273
205.8900680272109
205.70231292517008
205.5836054421769
205.45469387755102
205.27687074829936
205.02741496598642
204.80251700680276
204.678231292517
204.58727891156462
204.39462585034013
204.22979591836736
204.05639455782313
203.93115646258505
203.75183673469388
203.6308843537415
203.4208163265306
203.26374149659864
203.09326530612248
202.93986394557822
202.61659863945582
202.27054421768707
201.96108843537417
201.8112244897959
201.61102040816328
201.45816326530615
201.29904761904763
201.15054421768707
200.96278911564627
200.80809523809526
200.5765306122449
200.32843537414968
200.08326530612246
199.94659863945577
199.6852380952381
199.4287755102041
199.13809523809525
198.9704761904762
198.77639455782315
198.54210884353742
198.1951700680272
197.86156462585035
197.59088435374153
197.38816326530616
197.14809523809527
196.83639455782313
196.5096598639456
196.24
195.96503401360548
195.677074829932
195.39530612244897
195.0961224489796
194.72755102040819
194.44034013605443
194.11707482993197
193.77034013605441
193.36816326530615
193.09986394557825
192.8084353741497
192.5325850340136
192.23108843537415
191.8755782312925
191.48802721088438
191.18156462585037
190.8870068027211
190.52802721088437
190.1804081632653
189.934693877551
189.53884353741495
189.21129251700683
188.89775510204083
188.6270068027211
188.35925170068026
188.10666666666668
187.70210884353742
187.25034013605443
186.87972789115648
186.4703401360544
185.9579591836735
185.63319727891155
185.33401360544218
185.06074829931976
184.66557823129253
184.41285714285715
184.14102040816326
183.85625850340136
183.46721088435373
183.08952380952383
182.6655782312925
182.2104761904762
181.76680272108845
181.41843537414968
181.1152380952381
180.87564625850342
180.51850340136056
180.04931972789117
179.56251700680275
179.24319727891157
178.84687074829932
178.47074829931975
178.0739455782313
177.72197278911565
177.256462585034
176.89891156462588
176.52231292517007
176.19931972789115
175.79884353741497
175.41272108843538
174.99176870748298
174.68517006802722
174.26653061224488
173.78469387755104
173.2843537414966
172.95993197278912
172.60591836734693
172.18748299319728
171.76537414965986
171.4499319727891
171.04700680272109
170.51034013605442
170.01292517006803
169.73700680272108
169.488231292517
169.02027210884353
168.4643537414966
167.99102040816328
167.55544217687077
167.05285714285716
166.57605442176873
166.14653061224493
165.6665986394558
165.1277551020408
164.64000000000001
164.16918367346938
163.7287755102041
163.29265306122448
162.8577551020408
162.41823129251702
161.87585034013608
161.4165986394558
160.92816326530613
160.58414965986395
160.14496598639454
159.7455782312925
159.2523129251701
158.8161224489796
158.3417006802721
157.88850340136054
157.39006802721087
156.9856462585034
156.49367346938777
156.01952380952383
155.47850340136057
155.1052380952381
154.60809523809525
154.06959183673473
153.4787755102041
153.0699319727891
152.60897959183674
152.09108843537416
151.69972789115644
151.30081632653062
150.82598639455784
150.2347619047619
149.8056462585034
149.38857142857142
149.01068027210886
148.5140136054422
148.02170068027212
147.55714285714288
147.1165986394558
146.67190476190478
146.33006802721087
145.98537414965986
145.54455782312925
145.0603401360544
144.60646258503402
144.17727891156463
143.82727891156463
143.5273469387755
143.24163265306123
142.86517006802723
142.38510204081632
141.973537414966
141.47979591836736
141.04625850340136
140.59204081632652
140.26517006802723
139.83108843537417
139.46795918367349
139.15231292517007
138.81972789115648
138.43278911564624
138.00979591836736
137.58802721088438
137.22292517006804
136.8484353741497
136.54707482993197
136.25659863945577
135.98768707482992
135.62285714285713
135.32312925170072
134.96081632653062
134.66197278911565
134.2886394557823
133.89183673469387
133.51530612244898
133.24551020408163
132.89557823129252
132.47510204081632
132.19421768707483
131.9055782312925
131.480612244898
131.03986394557825
130.72931972789115
130.45414965986393
130.11448979591836
129.77551020408163
129.47639455782314
129.2374829931973
128.93081632653062
128.6191836734694
128.29986394557824
127.92523809523809
127.49040816326531
127.12850340136055
126.85789115646259
126.47224489795919
126.14578231292518
125.79523809523809
125.35530612244898
124.82455782312925
124.4731292517007
124.2121768707483
123.87632653061226
123.53748299319729
123.22768707482994
122.97605442176871
122.56721088435374
122.17176870748301
121.79448979591838
121.5426530612245
121.25897959183675
120.89897959183673
120.4348299319728
120.00809523809525
119.7325850340136
119.47469387755102
119.15346938775511
118.73319727891158
118.41380952380953
118.16884353741496
117.91537414965987
117.55251700680273
117.1300680272109
116.79129251700681
116.37925170068029
115.98442176870748
115.57176870748299
115.30605442176869
114.97197278911565
114.66448979591837
114.29142857142857
113.9756462585034
113.6647619047619
113.34571428571428
112.97809523809525
112.59823129251701
112.1978231292517
111.86292517006802
111.64319727891156
111.50156462585034
111.28680272108843
110.90979591836734
110.46340136054422
110.16884353741497
109.80741496598641
109.43088435374149
109.19020408163266
109.12598639455783
108.94904761904762
108.60816326530612
108.21054421768709
107.90802721088437
107.66612244897959
107.34904761904762
106.96877551020407
106.60612244897959
106.29768707482994
106.1312925170068
105.93360544217686
105.67891156462585
105.45183673469388
105.28727891156463
105.04850340136053
104.85170068027212
104.65863945578232
104.41789115646259
104.17020408163265
103.98455782312925
103.78380952380954
103.6061224489796
103.33884353741497
102.94054421768706
102.52428571428571
102.29897959183675
102.09183673469389
101.92544217687076
101.66122448979593
101.47428571428571
101.27632653061227
101.05272108843539
100.79809523809526
100.67734693877551
100.59503401360544
100.37190476190477
100.05605442176872
99.86557823129252
99.65761904761904
99.55714285714285
99.43197278911563
99.34285714285713
99.15578231292517
98.9543537414966
98.8544217687075
98.73952380952383
98.63687074829932
98.41789115646259
98.28707482993197
98.25748299319727
98.18278911564624
97.98061224489797
97.78333333333335
97.69680272108843
97.65870748299321
97.42231292517006
97.16278911564626
96.90129251700682
96.9
96.79387755102042
96.8565986394558
96.75925170068028
96.68918367346939
96.63965986394558
96.72238095238095
96.7056462585034
96.6626530612245
96.54823129251702
96.23469387755101
95.91374149659865
95.74673469387754
95.67693877551021
95.65251700680271
95.68972789115647
95.71340136054422
95.68122448979592
95.61795918367346
95.58074829931974
95.52612244897959
95.5238775510204
95.52374149659863
95.46000000000001
95.44775510204082
95.5070068027211
95.54931972789115
95.48972789115646
95.54687074829933
95.54292517006803
95.42571428571429
95.41428571428571
95.48653061224489
95.39938775510205
95.25238095238095
95.20428571428572
95.3234693877551
95.26020408163266
95.36489795918368
95.4909523809524
95.78421768707483
95.86795918367346
95.84802721088437
95.84244897959184
95.9265306122449
96.10374149659864
96.13687074829932
96.11442176870749
96.0765306122449
96.17013605442177
96.27918367346939
96.30972789115646
96.36714285714287
96.56489795918367
96.72700680272109
96.81748299319729
96.93993197278913
97.21972789115647
97.53639455782314
97.74585034013606
97.8942857142857
98.06394557823131
98.3091156462585
98.36238095238096
98.56945578231293
98.92462585034014
99.38714285714288
99.71993197278913
100.06938775510204
100.3061904761905
100.43510204081633
100.6243537414966
101.02068027210885
101.52183673469386
101.96619047619046
102.31850340136054
102.62013605442178
103.00054421768708
103.43061224489797
103.90489795918369
104.33176870748301
104.77102040816328
105.21897959183674
105.62619047619047
106.02319727891157
106.43421768707483
107.1247619047619
107.77904761904763
108.17238095238096
108.53503401360544
109.07700680272109
109.67272108843538
110.14959183673469
110.62897959183674
111.06843537414966
111.65068027210884
112.20503401360544
112.62095238095239
113.01013605442176
113.55374149659865
114.15612244897959
114.63993197278913
115.11333333333333
115.79571428571428
116.49795918367349
116.97918367346938
117.33482993197279
117.70836734693879
118.10727891156462
118.54850340136055
119.165306122449
119.70721088435376
120.2196598639456
120.66183673469388
121.08401360544218
121.41884353741497
121.68836734693878
122.1278911564626
122.67551020408165
123.18530612244899
123.56829931972788
124.00115646258504
124.44619047619048
124.91768707482994
125.3143537414966
125.60551020408163
125.75394557823128
126.02027210884353
126.32891156462586
126.70401360544219
127.1439455782313
127.44632653061225
127.69047619047619
127.93346938775511
128.368231292517
128.69666666666666
129.03578231292516
129.2947619047619
129.65891156462587
130.03421768707483
130.3929931972789
130.5269387755102
130.68170068027212
130.96068027210885
131.27591836734695
131.4048299319728
131.46836734693875
131.62802721088437
131.88374149659862
132.2234693877551
132.58455782312927
132.93938775510205
133.21829931972792
133.4391836734694
133.6670068027211
133.83768707482992
134.00673469387755
134.24027210884356
134.5269387755102
134.6265306122449
134.71244897959184
134.8626530612245
135.0051700680272
134.99163265306126
134.94210884353743
134.95578231292518
135.01891156462585
134.9717006802721
134.88285714285718
134.86333333333334
134.87489795918367
134.81843537414966
134.75619047619045
134.55693877551022
134.2674829931973
134.07557823129252
133.9565986394558
133.75755102040816
133.4212925170068
133.23551020408163
133.11108843537414
132.85462585034014
132.37224489795918
131.88183673469388
131.41380952380956
131.01414965986393
130.73585034013604
130.46489795918367
130.05625850340138
129.7248979591837
129.39673469387753
128.96523809523808
128.5251020408163
128.11034013605445
127.61292517006804
127.11102040816327
126.66190476190476
126.17659863945579
125.75013605442179
125.37863945578232
124.92326530612246
124.44081632653061
124.09068027210884
123.72659863945579
123.19251700680272
122.6426530612245
122.13510204081632
121.61891156462585
121.09102040816327
120.65517006802722
120.31993197278912
119.96714285714286
119.5095918367347
118.98238095238096
118.4826530612245
118.10333333333334
117.72217687074831
117.31414965986396
116.96326530612245
116.64027210884353
116.28938775510204
115.80272108843538
115.34802721088437
114.99251700680273
114.67034013605442
114.31571428571428
113.8721768707483
113.58510204081632
113.32380952380954
113.06755102040816
112.72700680272108
112.44659863945577
112.12965986394558
111.74734693877552
111.36068027210885
111.13503401360545
110.93421768707483
110.54802721088436
110.09476190476191
109.7878231292517
109.4961224489796
109.1891836734694
108.74292517006802
108.32367346938776
107.88761904761904
107.65557823129252
107.40034013605442
107.15380952380951
106.77789115646259
106.45374149659865
106.18727891156462
105.9408843537415
105.65360544217688
105.42374149659864
105.2843537414966
105.00789115646259
104.74068027210885
104.49054421768709
104.36666666666667
104.16639455782312
103.96755102040817
103.77979591836736
103.74666666666668
103.72210884353741
103.6365306122449
103.44625850340135
103.34102040816326
103.20727891156463
103.0804081632653
102.95557823129252
102.9600680272109
102.82476190476191
102.55142857142857
102.34462585034014
102.12278911564626
101.95850340136055
101.86360544217686
101.97455782312926
101.95802721088435
101.98755102040815
101.89585034013606
101.88231292517005
101.78884353741496
101.76884353741497
101.71517006802722
101.70013605442176
101.72455782312926
101.68544217687074
101.63904761904762
101.62666666666667
101.76367346938777
101.87278911564626
101.83721088435374
101.89
101.99578231292516
102.02115646258504
101.78374149659865
101.68367346938777
101.80714285714285
101.87061224489796
101.78272108843538
101.78346938775512
101.96374149659863
102.08455782312924
102.1478231292517
102.13122448979593
102.31272108843538
102.4521088435374
102.60795918367347
102.66462585034013
102.79632653061223
102.97482993197278
103.16210884353742
103.30129251700681
103.33986394557823
103.5430612244898
103.79394557823129
103.98020408163265
104.1425850340136
104.34197278911566
104.57054421768707
104.5925850340136
104.70040816326531
104.82503401360546
104.99619047619048
105.07027210884354
105.18326530612245
105.2443537414966
105.34244897959184
105.49136054421768
105.67598639455784
105.78333333333333
105.86251700680272
105.96190476190475
106.12448979591836
106.2987755102041
106.36387755102042
106.44938775510205
106.6300680272109
106.81197278911566
106.863537414966
106.93142857142858
107.0491836734694
107.09142857142858
107.2139455782313
107.52278911564626
107.96380952380953
108.29278911564626
108.52952380952382
108.59904761904762
108.77122448979591
109.15625850340136
109.61843537414964
109.71646258503402
109.731768707483
109.7660544217687
110.03965986394557
110.12176870748299
110.36503401360545
110.39795918367348
110.57700680272109
110.64870748299319
110.90081632653062
110.87741496598639
110.97843537414965
111.04523809523809
111.25136054421769
111.44244897959183
111.62510204081633
111.63006802721088
111.70340136054422
111.96408163265308
112.25353741496598
112.39945578231294
112.52272108843538
112.65489795918367
112.92795918367348
113.08802721088436
113.14911564625851
113.17013605442177
113.44061224489796
113.71714285714286
113.87700680272108
113.9747619047619
114.24142857142857
114.47925170068027
114.69136054421769
114.89585034013605
115.1860544217687
115.42707482993198
115.66442176870748
115.91408163265308
116.28340136054423
116.6800680272109
116.90836734693877
117.20891156462585
117.47863945578231
117.90850340136055
118.1969387755102
118.71673469387756
119.13646258503402
119.59333333333333
119.92857142857143
120.29775510204081
120.76523809523809
121.35979591836734
122.11401360544218
122.72
123.28687074829932
123.91278911564626
124.67455782312925
125.6082993197279
126.70312925170069
127.79040816326531
128.6894557823129
129.69455782312923
131.05551020408163
132.52904761904762
134.07088435374152
135.46156462585031
136.95537414965986
138.4461224489796
140.10013605442174
141.6461224489796
143.12292517006804
144.40938775510205
145.3840136054422
146.04755102040815
146.6413605442177
147.10299319727892
147.30918367346936
147.20551020408163
147.19986394557822
147.1860544217687
147.15068027210884
147.16918367346938
147.44068027210884
147.66061224489795
147.72619047619048
147.80700680272108
148.05544217687077
148.30074829931974
148.56931972789118
148.6957142857143
148.82074829931975
148.9108843537415
148.99680272108844
148.82455782312925
148.41333333333336
148.06040816326532
147.82013605442177
147.8478231292517
147.94938775510204
148.03571428571428
147.99612244897958
148.0917006802721
148.24149659863943
148.37455782312924
148.38469387755103
148.45258503401362
148.63068027210886
148.95680272108842
149.14380952380952
149.1857142857143
148.94408163265308
148.51421768707482
147.94619047619048
147.21360544217688
146.26204081632653
145.26877551020408
144.50911564625852
143.8366666666667
142.87292517006804
141.5838775510204
139.9939455782313
138.10421768707482
135.6865306122449
133.26312925170066
131.12251700680272
129.23387755102038
127.24204081632654
125.29278911564626
123.29768707482994
121.38721088435373
119.60265306122449
118.09551020408165
116.6922448979592
115.25768707482993
113.7369387755102
112.23115646258503
110.84544217687075
109.54095238095238
108.10659863945577
106.75170068027211
105.63707482993198
104.63197278911564
103.45414965986394
102.29972789115646
101.26326530612245
100.15034013605441
99.13802721088436
97.92421768707484
96.58925170068028
95.02809523809523
93.89136054421769
92.64938775510205
91.43142857142858
90.15571428571428
89.20319727891157
88.35809523809523
87.69482993197278
87.23911564625851
86.7739455782313
85.88931972789116
84.88224489795918
83.65952380952382
82.55836734693878
81.20639455782313
79.52925170068028
77.55455782312924
75.66707482993198
73.93306122448973
72.10125850340128
