88.53489795918371
89.46517006802719
89.13557823129251
88.89047619047619
88.93340136054422
88.89272108843538
88.3839455782313
88.39156462585034
88.49544217687074
88.60102040816327
88.1225850340136
87.89285714285715
87.36204081632653
87.57387755102042
87.29673469387757
87.21925170068027
86.78816326530611
86.9073469387755
86.54938775510205
86.26353741496601
86.18251700680273
86.26020408163265
85.96829931972789
85.64646258503402
85.83435374149661
86.1047619047619
86.25904761904762
86.20217687074829
86.00510204081633
85.74142857142857
85.62877551020408
85.79863945578231
85.58469387755102
85.45204081632653
85.17632653061224
85.31102040816326
85.21482993197279
85.44156462585033
85.35564625850341
85.27122448979591
85.3030612244898
85.87258503401361
86.03204081632654
86.06360544217688
86.07904761904763
86.09244897959185
85.78578231292518
85.82435374149661
86.07210884353742
86.19272108843538
85.97238095238095
86.03707482993198
85.99190476190478
86.05102040816327
85.64891156462586
85.68795918367347
85.93455782312927
86.18503401360545
86.02027210884354
86.08972789115646
86.00632653061226
86.08204081632653
85.82918367346937
85.92448979591836
86.10013605442177
86.37299319727892
86.45612244897961
86.34421768707483
86.51115646258503
86.34836734693877
86.45163265306124
86.40659863945578
86.3860544217687
86.10136054421768
85.83693877551019
85.85244897959184
86.15448979591837
86.2830612244898
86.15904761904761
85.98312925170069
86.12598639455783
86.11374149659864
86.0582993197279
85.83387755102041
85.75993197278912
85.90489795918367
85.86054421768706
85.78387755102041
85.49721088435373
85.36244897959185
85.07687074829931
85.12462585034014
85.20278911564627
85.15462585034014
85.0365306122449
84.75965986394559
84.57020408163265
84.51850340136055
84.84551020408165
84.90666666666667
84.68210884353742
84.56333333333333
84.72149659863946
84.82891156462586
84.7556462585034
84.53761904761905
84.52891156462584
84.57108843537415
84.85503401360543
85.04380952380953
85.37768707482992
85.60503401360543
86.11374149659864
86.56006802721089
86.74482993197279
86.71585034013606
87.15965986394559
87.64462585034013
87.91972789115647
87.77816326530612
87.91748299319727
88.03292517006804
88.3112925170068
88.47421768707483
88.57054421768709
88.79761904761905
89.19850340136054
89.65068027210884
89.79666666666668
89.90163265306123
89.96789115646258
90.4378911564626
90.71557823129253
90.84183673469389
90.82755102040817
91.18414965986395
91.46510204081633
92.01299319727892
92.36244897959185
92.46414965986395
92.40585034013606
93.23945578231293
93.67687074829932
93.99959183673471
93.98476190476191
95.05061224489795
95.35789115646259
96.09959183673469
96.41102040816327
96.89775510204082
96.96496598639455
97.20469387755102
97.36027210884355
97.5040136054422
98.18530612244899
98.56258503401361
99.0699319727891
99.49945578231294
100.1860544217687
100.72013605442177
101.38360544217687
101.85210884353742
102.73775510204082
103.4952380952381
104.15632653061225
104.24
104.98625850340136
105.81360544217688
106.51231292517008
107.12625850340136
107.95952380952382
108.81986394557823
109.18319727891156
109.80272108843538
110.73646258503402
111.97210884353741
112.93639455782312
113.5560544217687
114.19183673469388
115.5560544217687
117.06034013605444
118.64551020408163
119.93585034013606
121.45482993197278
122.81598639455783
124.16061224489796
125.43972789115647
127.3187074829932
129.9182993197279
132.58700680272108
134.4869387755102
136.2348299319728
138.0286394557823
140.32503401360543
142.48408163265304
144.83367346938775
147.1587755102041
149.41027210884354
151.47292517006804
153.371768707483
155.43952380952382
157.49931972789116
159.4905442176871
161.44687074829932
163.4491836734694
165.32197278911565
166.95176870748298
168.68197278911566
170.67442176870748
172.64353741496598
174.36306122448983
176.09979591836736
177.66027210884354
179.30224489795918
180.63
182.11544217687077
183.5504761904762
185.11061224489796
186.30972789115646
187.34190476190477
188.5873469387755
189.79755102040815
190.66530612244895
191.28401360544217
192.00619047619048
193.00938775510204
193.88442176870745
194.5547619047619
195.1139455782313
195.92292517006803
196.49564625850343
196.98401360544216
197.2339455782313
197.39999999999998
197.55965986394557
198.09870748299318
198.48802721088435
198.6547619047619
198.7225850340136
198.92993197278912
199.10027210884357
199.17489795918368
199.05108843537417
198.92462585034014
198.76612244897962
198.60204081632654
198.3077551020408
197.92557823129252
197.50129251700682
197.05027210884353
196.62265306122447
195.9539455782313
195.33292517006805
194.71659863945578
194.13122448979593
193.3938775510204
192.56714285714287
191.77605442176872
191.14061224489797
190.3891836734694
189.46952380952382
188.30836734693878
187.20401360544216
186.1903401360544
185.12312925170068
183.9374829931973
182.561768707483
181.57190476190476
180.68380952380954
179.64496598639457
178.3195918367347
177.02319727891154
175.86122448979592
174.63965986394558
173.55761904761906
172.5995918367347
171.62462585034015
170.6073469387755
169.6852380952381
168.80319727891157
167.82272108843537
166.99476190476193
166.4038775510204
165.686462585034
164.92993197278912
164.08904761904762
163.5799319727891
163.0513605442177
162.62802721088434
161.8836054421769
161.54578231292516
161.31360544217688
161.0787074829932
160.7592517006803
160.47489795918366
160.24544217687074
160.09285714285716
160.14190476190475
159.99748299319728
159.9333333333333
159.93401360544215
160.00564625850342
159.97340136054422
160.10925170068026
160.6218367346939
161.02836734693878
161.1404761904762
161.3525170068027
161.88938775510206
162.2125850340136
162.48761904761903
162.82659863945577
163.49693877551022
164.014693877551
164.89775510204083
165.49517006802722
166.2434693877551
166.66455782312926
167.34768707482993
167.82802721088436
168.50272108843538
169.10353741496598
169.95142857142855
170.55102040816325
171.29789115646258
171.96149659863949
172.7229931972789
173.20006802721088
173.93755102040816
174.59945578231293
175.23448979591836
175.73326530612246
176.35496598639457
176.83965986394557
177.43374149659863
178.09176870748297
178.6042857142857
178.981768707483
179.40578231292517
179.7834693877551
180.20340136054423
180.73027210884356
181.1262585034014
181.41074829931975
181.68795918367348
182.18115646258502
182.60231292517008
182.97408163265305
183.1538775510204
183.35360544217687
183.57986394557827
183.8456462585034
184.0904761904762
184.36809523809524
184.49564625850343
184.7874829931973
184.92829931972793
185.34544217687076
185.50061224489798
185.7978911564626
185.84537414965985
186.06761904761902
186.27687074829933
186.43020408163267
186.4108843537415
186.48700680272108
186.7081632653061
187.0978911564626
187.28863945578232
187.5425850340136
187.44006802721088
187.43013605442178
187.36761904761906
187.6912925170068
187.95149659863944
188.066462585034
188.065306122449
188.07931972789117
188.05687074829933
188.16714285714284
188.39006802721087
188.46680272108844
188.53530612244896
188.64931972789117
188.60598639455785
188.67666666666668
188.9091156462585
189.00503401360544
188.83469387755105
188.76605442176873
188.66068027210886
188.54748299319726
188.50374149659865
188.6265986394558
188.4831292517007
188.26979591836735
188.17027210884353
188.3242857142857
188.34639455782315
188.23938775510206
188.1148299319728
188.08244897959185
188.00360544217688
187.97
187.88231292517008
187.8131972789116
187.588231292517
187.4862585034014
187.32965986394555
187.1442857142857
187.09571428571428
187.24741496598642
187.13244897959183
186.737074829932
186.52795918367346
186.6504761904762
186.63666666666668
186.43163265306123
186.18979591836734
186.2126530612245
185.98238095238094
185.77027210884353
185.34163265306123
185.27251700680273
184.99884353741498
185.0083673469388
184.82421768707485
184.73734693877552
184.69374149659865
184.60244897959183
184.32530612244898
184.065306122449
183.97312925170067
183.893537414966
183.6113605442177
183.3262585034014
182.94646258503403
182.7747619047619
182.55544217687074
182.5530612244898
182.34299319727893
182.15884353741495
181.63496598639458
181.3857823129252
181.07374149659864
181.0978231292517
180.87455782312927
180.6648299319728
180.55707482993196
180.58326530612243
180.2456462585034
179.75061224489798
179.5034693877551
179.3196598639456
179.07068027210886
178.7208843537415
178.43632653061223
178.08557823129252
177.77965986394557
177.39768707482995
176.95829931972793
176.6670068027211
176.61102040816326
176.52782312925171
176.2708163265306
175.81258503401358
175.3481632653061
174.96544217687074
174.73911564625848
174.4148979591837
173.8765306122449
173.4974829931973
173.20517006802723
172.85278911564626
172.49918367346942
172.1963945578231
171.80802721088435
171.39068027210882
171.18768707482994
171.027074829932
170.7221088435374
170.13102040816327
169.5681632653061
169.14551020408163
168.8469387755102
168.3438095238095
168.03482993197278
167.64272108843537
167.3075510204082
166.8374149659864
166.3431972789116
165.94156462585033
165.5522448979592
165.12040816326532
164.618231292517
164.32231292517008
163.89299319727888
163.33632653061224
162.73904761904762
162.27687074829936
161.71857142857144
161.31401360544217
160.89176870748298
160.31619047619049
159.6947619047619
159.253537414966
158.99564625850343
158.423537414966
157.99952380952382
157.31183673469388
156.58020408163267
155.9392517006803
155.57979591836735
155.27380952380952
154.54272108843537
153.85238095238097
153.02061224489796
152.57666666666665
152.01972789115646
151.49414965986395
150.64789115646258
150.00360544217688
149.5539455782313
149.2051020408163
148.61918367346942
147.78578231292516
147.0456462585034
146.6952380952381
146.3125850340136
145.50312925170067
144.66108843537415
144.01095238095235
143.40204081632652
142.83034013605442
142.28734693877553
141.59122448979593
141.13027210884354
140.77870748299318
140.0770068027211
139.0170068027211
138.31761904761902
137.89360544217686
137.64782312925172
137.0626530612245
136.1413605442177
135.21115646258505
134.5395238095238
133.8974829931973
133.3496598639456
132.6601360544218
131.9996598639456
131.32965986394558
130.7203401360544
129.90197278911563
129.4634693877551
128.9324489795918
128.36238095238096
127.54925170068029
126.92149659863946
126.17775510204083
125.49666666666667
124.55095238095237
123.96714285714287
123.41408163265307
122.98517006802722
122.06156462585034
121.37884353741498
120.82034013605443
120.51619047619047
119.72605442176871
119.10965986394557
118.53639455782312
117.81469387755102
117.02707482993198
116.4995918367347
116.25326530612246
115.56721088435374
114.79619047619049
113.6930612244898
113.08551020408163
112.45190476190477
111.88802721088436
111.32693877551021
110.89020408163266
110.45666666666668
109.77816326530612
109.13142857142856
108.53272108843537
108.05836734693877
107.54142857142858
106.99619047619048
106.38061224489795
105.71884353741497
104.96183673469389
104.3965986394558
103.70183673469387
103.2365306122449
102.61707482993197
102.33959183673468
102.09789115646258
101.77721088435375
100.74938775510205
99.77503401360545
99.34795918367348
99.13843537414968
98.44680272108843
97.47476190476189
96.79469387755103
96.29190476190477
95.93163265306123
95.53074829931973
95.08034013605442
94.44789115646259
94.07401360544219
93.80775510204083
93.33802721088436
92.69972789115646
92.21108843537415
91.74605442176872
91.24204081632654
90.75061224489795
90.33693877551022
89.97585034013606
89.18897959183673
88.60054421768707
87.9812925170068
87.78
87.42959183673469
87.27394557823129
86.24632653061224
85.59598639455783
85.15183673469389
84.69680272108843
84.00931972789115
83.50340136054422
83.45340136054422
83.08197278911565
82.62081632653062
81.74034013605441
81.256462585034
80.83993197278912
80.47877551020409
80.34877551020409
79.7030612244898
79.11523809523808
78.65714285714286
78.31326530612246
77.55204081632655
76.91340136054421
76.69489795918368
76.4243537414966
75.9812925170068
75.488231292517
74.9865306122449
74.52938775510204
74.25068027210885
73.8874149659864
73.05761904761904
72.60421768707484
72.47884353741497
72.30299319727891
71.55272108843538
71.29102040816326
70.74659863945578
70.51394557823129
70.0239455782313
69.7761224489796
69.1430612244898
68.93918367346939
68.68278911564626
68.25496598639455
67.86591836734694
67.64632653061224
67.18585034013606
66.7413605442177
66.63469387755103
66.2508843537415
65.58387755102041
65.128231292517
64.80408163265307
64.3030612244898
64.05013605442177
63.970272108843545
63.64714285714286
63.12829931972789
62.86619047619048
62.622517006802724
62.36265306122449
62.048571428571435
61.70231292517007
61.46346938775511
61.13755102040817
60.671360544217684
60.05278911564625
60.14585034013605
60.199047619047626
60.04142857142857
59.619455782312926
59.418775510204085
59.21714285714286
58.76598639455783
58.04734693877552
57.92693877551021
58.14340136054422
57.945034013605444
57.21251700680272
56.806326530612246
56.90068027210884
56.93918367346939
56.783197278911565
56.478027210884356
56.1534693877551
55.936122448979596
55.40224489795919
55.54965986394558
55.32795918367347
55.22183673469388
54.67911564625851
54.98122448979592
54.60741496598639
54.54605442176871
54.36224489795919
54.742040816326536
54.27292517006803
53.972857142857144
53.50496598639456
53.64108843537415
53.683197278911564
53.70925170068027
53.23428571428572
52.94598639455783
52.67625850340136
52.546734693877546
52.14632653061224
52.02292517006803
52.07360544217688
52.227210884353745
51.95040816326531
51.63197278911565
51.410816326530615
51.15816326530613
51.21061224489796
51.067687074829934
50.89632653061225
50.76238095238096
51.120952380952374
50.83857142857143
50.742176870748295
50.48571428571429
50.50707482993198
50.15156462585034
50.230272108843536
50.0187074829932
50.12605442176871
49.9808843537415
49.82666666666667
49.55204081632653
49.72544217687075
49.55285714285715
49.28353741496599
48.87081632653061
48.66673469387755
48.64278911564625
48.9221768707483
48.93040816326531
48.87673469387755
48.802925170068036
48.5591156462585
48.14904761904762
48.09265306122449
48.2378231292517
47.96557823129251
48.08721088435375
47.94748299319728
47.981972789115645
47.7138775510204
47.950204081632656
47.92442176870748
47.94843537414966
47.76040816326531
47.58136054421769
47.485510204081635
47.54482993197279
47.55394557823129
47.671292517006805
47.89455782312925
48.14115646258504
47.89530612244897
47.60265306122449
47.4887074829932
47.69986394557824
47.83714285714285
47.589659863945585
47.3843537414966
47.3387074829932
47.33537414965986
47.173877551020404
46.96972789115646
46.967687074829925
47.04353741496598
47.201292517006806
46.98448979591837
46.98183673469387
47.43380952380952
47.489047619047625
47.20231292517006
47.17442176870748
47.162789115646255
47.300068027210884
47.26877551020408
47.5030612244898
47.40877551020408
47.46510204081633
47.4143537414966
47.414149659863945
47.2291156462585
47.00904761904762
46.96027210884354
47.15414965986395
47.17986394557824
47.458231292517006
47.317346938775515
47.52666666666667
47.40530612244898
47.49163265306122
47.563605442176865
47.60585034013606
47.78414965986394
47.81387755102041
47.966462585034016
47.86163265306122
48.17789115646258
48.253945578231296
48.28197278911564
48.241020408163266
48.270476190476195
48.42176870748299
48.766190476190474
48.82748299319728
48.842993197278915
49.02727891156463
49.24224489795919
49.54421768707483
49.80312925170068
49.967823129251705
49.75911564625851
49.87755102040816
50.16755102040816
50.64761904761905
50.75823129251701
51.07272108843537
51.32238095238095
51.582585034013604
51.67299319727891
52.04748299319728
52.37421768707483
52.3652380952381
52.660204081632656
52.680340136054426
53.06482993197279
53.07693877551021
53.47401360544218
53.207346938775515
53.35625850340136
53.16836734693878
53.43816326530613
53.599047619047624
53.939727891156465
53.50156462585034
53.41244897959183
53.30176870748299
53.79775510204082
53.53578231292517
53.52387755102041
53.3856462585034
54.10251700680272
54.54666666666667
54.92414965986395
54.93074829931973
54.954149659863944
54.87102040816327
54.83231292517007
55.00700680272109
55.52265306122449
55.48482993197279
55.34265306122449
55.38142857142857
55.87755102040816
55.900612244897964
55.99074829931973
55.93326530612246
55.99557823129252
56.08408163265307
56.08993197278912
56.12231292517007
56.198095238095235
56.18741496598639
56.1356462585034
56.49496598639456
56.8751700680272
56.88918367346939
56.697755102040816
56.59897959183674
56.86265306122449
57.272448979591836
57.48646258503401
57.59809523809525
57.74278911564626
57.72462585034014
57.71768707482994
57.94761904761904
58.1812925170068
58.14251700680272
58.05510204081632
58.25571428571429
58.53115646258503
58.61802721088436
58.5330612244898
58.323129251700685
58.491088435374145
58.55204081632654
58.65102040816326
58.55040816326531
58.97496598639456
58.891768707482996
58.697959183673476
58.45836734693878
58.663265306122454
59.10448979591837
59.2521768707483
59.022380952380956
58.41068027210885
58.26897959183673
58.34285714285714
58.27204081632654
58.028231292517006
57.912244897959184
57.93489795918367
57.499319727891155
56.88258503401361
56.73360544217687
56.793673469387755
57.16231292517007
57.05510204081633
57.06102040816327
56.50578231292517
56.36190476190477
55.99639455782314
56.22442176870749
55.95142857142858
55.749863945578234
55.12598639455783
55.26850340136055
55.07108843537415
55.18102040816327
54.8978231292517
55.13734693877551
54.905782312925176
54.9265306122449
54.41544217687075
54.09238095238096
53.80020408163264
54.03904761904762
53.59931972789116
53.26918367346939
52.88625850340136
52.83959183673469
52.589455782312925
52.76367346938776
52.85632653061225
52.55156462585035
52.09469387755102
51.80768707482993
51.95122448979592
51.798707482993194
51.84115646258503
51.64687074829932
51.74340136054422
51.48421768707484
51.452653061224495
51.22455782312925
51.247414965986394
50.88727891156463
50.421564625850344
50.131904761904764
50.1982993197279
50.26823129251701
50.14687074829932
50.347755102040814
50.28510204081633
50.23353741496598
49.896802721088434
50.15190476190476
50.21986394557824
50.13013605442177
49.81401360544218
49.61047619047619
49.502108843537414
49.44210884353742
49.36795918367347
49.197959183673476
49.37918367346939
49.77095238095237
49.675170068027214
49.360408163265305
49.40408163265307
49.189727891156465
49.065170068027214
48.949727891156456
49.17306122448979
49.02367346938775
49.049387755102046
48.93714285714286
48.918843537414965
48.999863945578234
48.91517006802721
48.877006802721084
48.73244897959184
48.785714285714285
48.94027210884354
48.93421768707483
48.64142857142857
48.45693877551021
48.32414965986395
48.30353741496599
48.66619047619047
49.299523809523805
49.22986394557823
49.14054421768708
48.820680272108845
49.13904761904762
49.20095238095238
49.73925170068028
49.506326530612256
49.729183673469386
49.70136054421769
49.584965986394565
49.30721088435374
49.3356462585034
49.33700680272109
49.295918367346935
49.57666666666666
49.78333333333333
49.876870748299325
49.86231292517007
49.58020408163265
49.58367346938775
49.943265306122456
50.18843537414966
50.10823129251701
50.315170068027214
50.73244897959184
51.015578231292515
51.04156462585034
51.19346938775511
51.12360544217687
51.06938775510205
51.23510204081633
51.56040816326531
51.72312925170068
51.712312925170075
51.736598639455785
51.712993197278905
51.860612244897965
51.94727891156463
52.064557823129256
52.53761904761905
52.83945578231293
53.11727891156463
53.16204081632653
53.23707482993197
53.09353741496599
53.26986394557824
53.53380952380952
53.9847619047619
54.321496598639456
54.654625850340146
54.984693877551024
55.15095238095238
55.03442176870749
55.324557823129254
55.6265306122449
55.71414965986395
55.67673469387755
55.967551020408166
56.25319727891157
56.53965986394559
56.99108843537415
57.16312925170069
57.552721088435376
58.152857142857144
58.368299319727896
58.21721088435374
58.37748299319728
59.07530612244898
59.65646258503402
59.87993197278911
59.83993197278912
59.98714285714286
60.38462585034014
61.12823129251701
61.370000000000005
61.40244897959183
61.13414965986395
61.42027210884355
61.72265306122449
61.613129251700684
61.02625850340136
61.14965986394558
61.779591836734696
61.93605442176871
61.92013605442177
62.08047619047619
62.59190476190477
63.04489795918367
63.52843537414966
63.84476190476191
63.97619047619048
63.999863945578234
64.10727891156463
64.5952380952381
65.03571428571429
65.16285714285715
65.233537414966
65.30489795918368
65.42183673469388
65.83442176870749
66.37857142857143
66.97857142857143
67.09625850340136
67.22210884353741
67.32537414965986
67.91544217687074
68.59578231292517
69.37884353741497
69.56034013605444
70.12598639455783
70.34387755102041
70.78068027210885
71.0031292517007
71.88034013605443
72.45244897959185
73.03510204081633
73.31857142857143
74.16476190476192
75.11312925170068
76.30102040816328
77.081768707483
77.7474149659864
78.44537414965987
79.36687074829932
80.51108843537415
81.22047619047619
81.75489795918368
82.11680272108843
82.7491156462585
83.49170068027212
84.22925170068027
85.32367346938776
86.28959183673469
87.52122448979591
88.39585034013606
89.76850340136055
91.16149659863945
92.77054421768706
93.63333333333333
95.0165986394558
96.24102040816328
98.25551020408163
100.25367346938775
102.39387755102041
103.65938775510205
105.31238095238096
107.46081632653062
109.68238095238095
112.00884353741498
114.51367346938775
116.93687074829933
118.80469387755103
121.03380952380952
122.8965306122449
124.6674149659864
126.11170068027212
128.01074829931974
129.07877551020408
130.0261904761905
131.23489795918368
132.63387755102042
133.5860544217687
134.42231292517005
134.91251700680272
135.41380952380953
135.85687074829934
136.681768707483
136.90673469387755
137.3571428571429
137.76027210884354
138.58142857142857
139.19680272108846
139.82149659863947
140.15727891156462
140.66734693877552
141.21272108843536
141.68095238095236
142.0239455782313
142.5704081632653
143.01496598639454
143.59394557823128
144.12027210884355
144.7347619047619
145.13727891156464
145.70775510204084
145.8700680272109
146.0373469387755
146.15136054421768
146.5200680272109
146.611768707483
146.73897959183677
146.52659863945578
146.47551020408162
146.23945578231292
145.77585034013606
145.15013605442175
144.66238095238094
144.32455782312928
143.7470068027211
143.4300680272109
143.20333333333335
142.99435374149658
142.38761904761904
141.76102040816326
141.2308843537415
140.48591836734695
139.6827210884354
138.57571428571427
137.5368707482993
136.41761904761904
135.16741496598638
133.78578231292516
132.25625850340137
130.66231292517006
128.96972789115645
127.80197278911564
126.46367346938776
125.01585034013605
123.12530612244899
121.25680272108845
119.17190476190476
116.85197278911565
114.44231292517006
112.53687074829932
110.72435374149661
108.50843537414966
105.9804761904762
103.57755102040817
101.32210884353742
98.8439455782313
96.1665986394558
93.29979591836735
90.97517006802721
88.73231292517008
87.08714285714287
85.15183673469389
82.93292517006803
80.25979591836736
77.63544217687075
75.43326530612245
73.60999999999999
72.70489795918368
71.23972789115646
69.7922448979592
67.90251700680273
66.22326530612246
64.31972789115646
62.469863945578226
60.75197278911564
58.832789115646264
57.25965986394558
55.734829931972754
54.372244897959106
