92.11190476190477
91.98333333333329
91.33095238095238
90.66537414965987
90.89605442176871
90.9960544217687
90.92619047619047
90.67204081632653
90.50183673469388
90.228231292517
90.12142857142858
89.97421768707483
89.72013605442177
89.20054421768707
89.22986394557823
88.89353741496598
89.07319727891156
88.91346938775511
89.15469387755103
88.7552380952381
88.99693877551022
88.61639455782313
88.67721088435374
88.35768707482993
88.43435374149661
87.99081632653062
88.17789115646258
88.18435374149661
88.38421768707482
88.38925170068028
88.43884353741495
88.29401360544216
88.2025850340136
88.1195238095238
87.9230612244898
87.83925170068028
87.77843537414967
87.88700680272109
87.84843537414966
87.95965986394557
88.10979591836735
88.06503401360544
88.10197278911565
88.24734693877551
88.54442176870748
88.35408163265306
88.1352380952381
88.11523809523811
88.12102040816328
88.62272108843538
88.59578231292517
88.70870748299319
88.15224489795918
88.3678231292517
88.09551020408165
88.25809523809525
88.34108843537415
88.3891836734694
88.05979591836734
88.13068027210885
88.29639455782313
88.35285714285715
88.38040816326532
88.79734693877552
89.15591836734694
89.21578231292517
89.18013605442177
89.14884353741496
89.08578231292516
89.08088435374151
89.26972789115646
88.95687074829931
88.18863945578231
88.02578231292517
88.41006802721088
88.6226530612245
88.62190476190476
88.3808163265306
87.95088435374151
87.8578231292517
88.09217687074829
88.4656462585034
88.36136054421769
88.38965986394558
88.03142857142856
88.07006802721088
88.03353741496599
88.27360544217687
88.26666666666667
88.16755102040817
88.0474149659864
87.97537414965987
87.74292517006803
87.61353741496599
87.52204081632654
87.26027210884354
87.0304081632653
87.11925170068027
87.08462585034013
86.86557823129252
86.61353741496599
86.95074829931973
87.23238095238095
87.36517006802721
87.1274149659864
87.06108843537416
87.0525850340136
87.16360544217687
87.59197278911566
87.97823129251701
88.3465306122449
88.46918367346939
88.75238095238095
89.04863945578232
89.46285714285715
89.65585034013606
89.72387755102042
89.8217006802721
90.11340136054422
90.32299319727892
90.15843537414966
90.38836734693878
90.94469387755103
91.38972789115647
91.27136054421769
91.3557142857143
91.63755102040818
92.02918367346939
92.29435374149661
92.44
92.53469387755102
92.69061224489796
93.22068027210884
93.62687074829931
93.88945578231292
93.85469387755103
94.09714285714286
94.43374149659866
94.96748299319728
95.26061224489797
95.72272108843538
96.18721088435375
96.62748299319728
96.42619047619047
96.79843537414966
97.56693877551021
98.25863945578232
98.71632653061225
99.258231292517
99.78367346938776
99.77653061224491
100.15346938775511
100.48619047619049
100.99557823129254
101.26163265306123
101.82925170068026
102.10687074829933
102.57802721088436
103.30272108843536
104.0221768707483
104.37965986394559
104.90517006802723
105.73068027210886
106.43360544217687
107.02639455782314
107.7734693877551
108.48360544217688
109.17625850340136
109.74972789115648
110.54408163265306
111.21775510204081
111.89346938775512
112.58877551020407
113.3134693877551
114.29374149659864
115.16544217687076
116.18625850340136
117.04632653061225
118.28816326530612
119.31081632653061
120.3204761904762
121.28945578231293
122.70979591836735
124.15197278911566
125.80380952380952
127.74027210884354
129.55959183673468
131.36374149659866
133.4052380952381
135.9823129251701
138.09210884353743
140.16693877551023
142.23238095238096
144.62340136054422
146.70027210884354
148.8578231292517
150.73965986394558
152.75013605442177
154.62197278911566
156.77761904761905
158.7738775510204
160.76653061224488
162.87632653061223
165.00741496598638
166.85918367346937
168.41557823129253
170.23632653061225
172.2505442176871
174.13265306122446
175.66238095238097
177.367074829932
179.2308163265306
180.95292517006806
182.56775510204085
184.06306122448984
185.6034693877551
186.83054421768708
188.0275510204082
189.1548979591837
190.37333333333336
191.2629931972789
192.11319727891157
193.12054421768707
194.1818367346939
195.01238095238097
195.80870748299319
196.48727891156463
197.07183673469387
197.53734693877556
198.13870748299323
198.7178231292517
199.33258503401362
199.7130612244898
200.00061224489795
200.23319727891158
200.57142857142858
200.79959183673472
201.02680272108842
201.04693877551023
201.03687074829932
201.0426530612245
201.01149659863944
200.9713605442177
200.96972789115645
200.74510204081633
200.4117006802721
200.1826530612245
200.14231292517007
199.94823129251702
199.6008163265306
199.10027210884354
198.53306122448978
197.9427891156463
197.14993197278912
196.48557823129252
195.9195238095238
195.33891156462585
194.32836734693876
193.29557823129252
192.42809523809524
191.82027210884354
191.11108843537414
190.29278911564626
189.2625170068027
188.1694557823129
187.0956462585034
185.96176870748303
184.76455782312928
183.5474149659864
182.5008843537415
181.27374149659863
180.05319727891154
178.97176870748297
177.9438775510204
176.79761904761907
175.77149659863946
174.74517006802725
173.75319727891159
172.74884353741498
172.05972789115646
171.26176870748301
170.38510204081635
169.41986394557824
168.47551020408162
167.74972789115645
166.98585034013604
166.40244897959184
165.86863945578233
165.56360544217688
165.20680272108842
164.88462585034014
164.5348299319728
164.30816326530612
163.88108843537415
163.68340136054422
163.3578231292517
163.0383673469388
162.66462585034014
162.87795918367345
163.02224489795918
162.92272108843537
162.76306122448977
162.89136054421766
162.98163265306124
163.29238095238097
163.69537414965987
164.13380952380953
164.55632653061224
164.6777551020408
164.85986394557824
165.18040816326533
165.9417006802721
166.35074829931972
166.78945578231293
167.28448979591838
168.0344217687075
168.76557823129252
169.43367346938777
170.03857142857143
170.77190476190475
171.52068027210885
172.40809523809523
172.9171428571429
173.52673469387756
174.0465986394558
174.84632653061226
175.39238095238096
175.94061224489798
176.14707482993197
176.6448299319728
177.43551020408165
178.41108843537418
179.00823129251702
179.3774829931973
179.7083673469388
180.2056462585034
180.6439455782313
180.9748979591837
181.4565986394558
182.01925170068026
182.28285714285715
182.63326530612244
183.04272108843537
183.68768707482994
183.87448979591835
184.1456462585034
184.30170068027212
184.6695918367347
184.8307482993197
185.20734693877552
185.44598639455785
185.66408163265308
185.64714285714288
186.01585034013607
186.1229931972789
186.35387755102042
186.58149659863946
187.05020408163264
187.23503401360546
187.33122448979591
187.43959183673468
187.7163945578231
187.8552380952381
187.893537414966
187.86843537414967
188.0986394557823
188.4348299319728
188.40149659863948
188.4043537414966
188.53340136054425
188.9596598639456
189.06857142857143
189.13829931972788
189.2475510204082
189.32278911564626
189.50428571428574
189.54564625850344
189.70625850340136
189.68326530612245
189.69156462585036
189.59129251700682
189.7508163265306
189.95367346938775
189.99891156462587
189.88428571428574
189.86156462585035
190.01816326530613
189.94557823129253
189.97938775510204
189.88857142857142
189.93108843537416
189.63448979591837
189.6922448979592
189.67979591836735
189.84183673469389
189.74367346938774
189.73809523809524
189.7004761904762
189.59591836734697
189.44523809523807
189.47047619047618
189.63680272108843
189.44897959183675
189.18775510204082
189.09748299319727
189.01054421768708
188.93190476190478
188.85061224489795
188.79503401360543
188.47823129251702
188.3440816326531
188.37421768707483
188.42503401360545
188.27884353741496
187.87598639455783
187.74782312925169
187.68639455782315
187.72034013605443
187.4651700680272
187.46251700680276
187.2103401360544
187.0670068027211
186.7891156462585
186.83931972789117
186.57122448979592
186.34197278911566
186.07612244897962
186.0453741496599
185.93380952380954
185.86938775510208
185.7034693877551
185.4174829931973
185.23965986394558
185.27013605442176
185.2038775510204
184.99292517006805
184.74163265306123
184.4742857142857
184.02843537414967
183.8127210884354
183.5512244897959
183.4942857142857
183.17680272108845
183.09993197278914
182.7470068027211
182.53639455782314
182.19734693877552
182.20292517006803
181.88557823129253
181.63068027210883
181.20802721088438
181.01619047619047
180.72755102040816
180.58979591836734
180.26462585034014
179.98680272108845
179.7614965986395
179.59108843537413
179.28190476190474
179.06272108843535
178.7191156462585
178.38374149659865
178.01278911564629
177.72993197278913
177.39544217687074
177.22857142857143
177.0074829931973
176.61360544217686
176.33149659863946
175.91074829931975
175.49292517006802
175.0248299319728
174.8884353741497
174.555306122449
174.15496598639456
173.4996598639456
172.94414965986397
172.75408163265305
172.70319727891157
172.48612244897961
172.12115646258505
171.5991156462585
170.95646258503402
170.57374149659864
170.23938775510206
169.89761904761906
169.42680272108845
169.23986394557824
168.8309523809524
168.37897959183672
167.82816326530613
167.48142857142858
167.23748299319732
166.77993197278914
166.35673469387757
165.62142857142857
165.07931972789117
164.51088435374152
164.34591836734694
163.96891156462587
163.57945578231295
163.0052380952381
162.34544217687076
161.99768707482994
161.71292517006805
161.126462585034
160.29142857142855
159.78204081632654
159.37244897959187
158.8073469387755
158.3027210884354
157.9974149659864
157.48489795918368
156.66421768707482
155.8756462585034
155.38850340136054
154.86190476190478
154.4331972789116
153.95537414965986
153.49340136054423
152.86768707482995
152.17380952380955
151.61258503401362
151.10918367346937
150.75557823129253
150.07034013605443
149.42551020408163
148.66632653061225
148.16401360544216
147.4813605442177
146.5378911564626
145.8109523809524
145.4160544217687
145.1212244897959
144.48278911564626
143.84646258503403
143.02653061224493
142.35551020408164
141.76088435374152
141.1991836734694
140.65952380952382
140.15285714285713
139.47394557823128
138.83931972789117
138.11748299319729
137.46285714285713
136.58034013605442
135.9708843537415
135.09421768707483
134.3109523809524
133.5938095238095
133.12013605442175
132.5334693877551
132.04054421768706
131.10761904761904
130.34646258503403
129.63775510204084
129.138231292517
128.3904761904762
128.04986394557824
127.5274149659864
126.7695238095238
126.01523809523809
125.483537414966
124.74884353741497
123.94632653061225
123.28537414965987
122.8213605442177
122.281768707483
121.85557823129251
121.15251700680273
120.46489795918367
119.5656462585034
119.12170068027211
118.5061224489796
118.16639455782314
117.26673469387755
116.6261224489796
115.74496598639456
115.17054421768708
114.37707482993197
114.15326530612244
113.62666666666667
113.16816326530612
112.3668707482993
111.71687074829933
110.8408843537415
110.17496598639457
109.77380952380953
109.27496598639456
108.68006802721088
107.798231292517
107.43462585034014
106.82421768707482
106.12680272108844
105.32102040816328
104.88619047619049
104.4639455782313
104.1248299319728
103.61285714285715
103.24312925170068
102.64319727891157
102.00795918367348
101.15578231292517
100.81938775510204
100.37782312925171
99.67714285714285
99.07979591836735
98.79537414965986
98.34340136054422
97.63700680272109
97.18421768707483
96.71639455782312
96.38224489795918
96.0326530612245
95.51775510204082
94.49496598639456
93.92959183673469
93.60544217687075
93.44374149659865
93.01537414965988
92.61367346938776
92.03367346938776
91.33809523809524
90.48346938775511
89.84979591836735
89.52333333333334
89.40034013605444
88.89238095238096
87.99945578231294
87.3017006802721
87.31006802721089
86.9799319727891
86.22993197278913
85.58312925170068
85.39013605442179
84.85734693877552
84.12489795918367
83.67448979591836
83.54244897959182
83.02884353741497
82.16557823129253
81.84979591836733
81.6112925170068
81.29680272108843
80.4043537414966
79.64931972789117
79.12428571428572
79.07836734693878
78.79979591836735
78.20435374149659
77.6521768707483
76.87707482993197
76.64047619047619
76.5474149659864
76.25571428571429
75.45408163265306
75.11387755102041
74.68190476190476
74.15829931972789
73.58088435374148
73.34884353741496
72.79244897959182
72.33442176870747
71.9
71.79836734693879
71.2734693877551
70.86646258503401
70.5226530612245
70.1874149659864
69.69843537414965
69.62278911564626
69.71591836734693
69.25442176870749
68.74925170068028
67.99401360544218
67.45857142857143
66.86795918367346
66.88074829931973
66.48972789115646
66.28244897959183
65.90795918367347
65.71238095238097
65.33068027210885
65.20380952380953
64.75809523809524
64.1051700680272
63.45877551020408
63.57149659863946
63.315986394557825
63.079251700680274
62.66102040816327
62.614693877551026
62.35612244897959
62.34965986394559
61.77816326530613
61.15816326530612
60.88156462585034
60.77278911564626
60.456802721088444
60.09448979591837
59.615102040816325
59.326802721088434
59.447891156462596
59.3152380952381
58.55789115646259
57.84251700680272
57.87496598639456
57.98312925170068
58.31551020408163
58.019115646258506
57.66843537414965
57.312380952380956
57.36136054421769
56.94210884353741
56.627210884353744
56.58952380952382
56.87755102040816
56.841020408163274
56.523265306122454
56.021904761904764
55.79231292517007
55.656462585034014
55.43632653061224
55.28122448979592
55.33054421768708
55.15455782312925
54.80707482993198
54.66006802721088
54.326190476190476
53.91544217687075
53.662244897959184
53.81687074829932
53.70136054421769
53.59204081632654
53.06197278911565
52.9108843537415
52.994353741496596
52.91897959183673
52.682312925170066
52.49925170068027
52.58931972789116
52.315170068027214
52.085782312925176
51.92666666666666
51.98292517006803
52.16653061224489
51.864285714285714
51.9991156462585
51.943265306122456
52.08857142857143
51.5695918367347
51.48333333333334
51.152244897959186
51.19197278911565
50.9543537414966
50.93857142857143
50.70197278911565
50.428979591836736
50.479931972789124
50.32292517006803
50.23340136054422
50.0148299319728
50.130476190476195
50.09285714285715
50.01789115646258
49.903673469387755
49.82272108843537
49.614761904761906
49.56639455782313
49.805578231292515
49.9660544217687
49.72408163265306
49.357278911564634
48.98952380952382
48.88394557823129
49.10727891156463
49.13578231292517
48.884149659863944
48.649727891156466
48.557414965986396
48.923197278911566
49.07761904761905
49.1487074829932
48.71197278911564
48.96789115646259
48.651156462585035
48.525374149659875
48.52673469387756
49.121360544217694
49.03224489795918
48.648979591836735
48.4225850340136
48.397823129251705
48.24108843537415
48.57333333333333
48.82993197278912
48.801972789115645
48.46272108843537
48.53945578231293
48.47231292517007
48.591972789115644
48.58965986394557
48.75857142857143
48.60482993197279
48.401496598639454
48.29945578231293
48.31061224489796
48.38319727891157
48.33523809523809
48.34734693877551
48.38496598639456
48.57367346938776
48.576734693877555
48.640612244897966
48.44857142857143
48.46578231292517
48.419115646258504
48.90469387755103
48.84210884353741
48.41891156462585
48.375510204081635
48.663265306122454
48.92
48.84537414965987
48.93986394557823
48.72748299319728
48.85013605442177
49.222244897959186
49.28755102040816
49.181768707482995
49.16408163265306
49.15448979591837
49.3282993197279
49.34149659863946
49.14272108843538
49.41700680272109
50.1739455782313
50.77204081632652
50.9091156462585
50.85748299319728
50.53639455782314
50.74931972789116
50.9091156462585
50.97163265306122
51.09761904761905
51.495918367346945
51.641292517006804
51.999863945578234
52.46442176870748
52.77891156462585
52.806870748299325
52.90102040816327
53.250340136054426
53.69156462585035
53.90517006802721
53.82687074829932
54.10585034013606
54.43326530612245
54.88829931972789
54.84843537414966
54.933197278911564
54.897823129251705
54.90632653061225
54.70646258503402
54.898095238095244
55.00986394557823
55.216734693877555
55.00925170068027
55.25027210884355
55.40537414965986
55.54986394557824
55.387959183673466
55.333401360544215
55.66176870748299
55.68333333333334
55.950544217687074
56.08666666666667
56.35170068027212
56.36768707482994
56.47544217687075
56.69068027210884
56.758979591836734
56.80918367346939
56.9043537414966
56.96421768707483
57.27278911564626
57.42170068027211
57.61278911564626
57.40278911564626
57.7382993197279
57.69421768707483
57.97687074829932
58.12891156462586
58.46904761904762
58.35632653061224
58.34755102040817
58.23401360544218
58.268843537414966
58.464285714285715
58.75285714285714
58.85721088435375
58.56469387755102
58.639251700680276
58.80020408163266
59.071768707482995
59.12428571428572
59.48700680272109
59.471496598639455
59.592448979591836
59.47156462585034
59.87993197278912
60.04591836734694
60.15571428571429
59.88068027210884
60.054149659863945
60.177959183673465
60.332585034013604
60.15829931972789
60.522993197278915
60.632380952380956
60.74775510204082
60.32272108843538
60.52993197278912
60.66897959183673
60.68272108843537
60.67789115646258
60.77687074829932
60.817074829931975
60.682857142857145
60.49945578231292
60.21408163265306
60.08068027210884
60.103809523809524
60.035782312925164
60.01931972789116
59.935646258503404
59.866122448979596
59.368707482993194
59.435034013605446
59.602925170068026
59.61884353741496
58.86931972789115
58.50877551020408
58.34197278911565
58.37190476190476
58.06034013605443
57.94394557823129
57.686938775510214
57.68551020408163
57.41809523809524
57.08210884353741
57.03925170068028
56.79136054421768
56.644013605442176
56.233061224489795
56.41544217687075
56.039591836734694
55.91496598639456
55.60414965986395
55.573061224489805
55.37843537414966
55.19877551020409
55.00197278911564
54.92061224489796
55.05455782312926
54.82027210884354
54.472789115646265
54.18598639455783
54.177074829931975
53.854897959183674
53.29632653061224
53.07585034013606
53.124965986394564
53.26170068027211
52.738027210884354
52.7161224489796
52.54707482993197
52.72102040816327
52.67802721088436
52.572040816326535
52.22380952380953
52.2361224489796
52.07986394557824
51.77421768707483
51.41836734693878
51.56748299319728
51.28972789115647
51.63095238095239
51.631768707483
51.78380952380953
51.79489795918367
51.92156462585034
51.80496598639456
51.809387755102044
51.55006802721089
51.17340136054422
51.00278911564626
51.01149659863946
50.56863945578232
50.573945578231296
50.62204081632653
51.032925170068026
50.88605442176871
50.773809523809526
50.372721088435384
50.61768707482994
50.60557823129252
50.667210884353736
50.58734693877551
50.36442176870749
49.95761904761905
50.03374149659864
50.30448979591837
50.48789115646259
50.34931972789116
50.20367346938775
50.02333333333334
50.2130612244898
50.33721088435375
50.39557823129252
50.01272108843537
49.81197278911565
50.076802721088434
50.10965986394557
50.027142857142856
50.15054421768708
50.63755102040817
50.619183673469394
50.56666666666668
50.71687074829933
50.7178231292517
50.67095238095238
50.55047619047619
50.74136054421769
50.78197278911564
50.589115646258506
50.27285714285715
50.54428571428572
50.83877551020408
51.00598639455783
50.83265306122449
50.76591836734694
51.20061224489796
51.56360544217688
51.56755102040816
51.27761904761905
51.55843537414966
51.69857142857143
51.79714285714286
51.72265306122449
52.095782312925174
52.26374149659864
52.475034013605445
52.14442176870749
52.22578231292517
52.08251700680272
52.47054421768707
52.54442176870749
52.7
52.9887074829932
53.06959183673469
52.854217687074836
53.034829931972794
53.5608843537415
53.645918367346944
53.45244897959184
53.92993197278912
54.4825850340136
54.41789115646258
54.129931972789116
54.38612244897959
54.93047619047619
54.941088435374155
55.28122448979592
55.4378231292517
55.8452380952381
55.95945578231293
56.28326530612246
56.37965986394558
56.72700680272109
57.118231292517
57.35034013605443
57.66319727891156
57.487414965986396
57.73639455782313
58.19904761904762
58.549659863945585
58.81238095238095
59.035714285714285
59.50462585034014
59.45292517006802
59.9174149659864
60.204829931972796
60.91251700680272
60.729455782312925
60.664421768707484
60.94061224489796
61.96027210884354
62.20775510204083
62.58231292517007
62.86884353741497
63.2169387755102
62.961020408163265
62.92285714285715
62.99965986394558
63.07380952380953
62.85986394557823
62.93047619047619
63.37816326530612
63.830272108843545
63.75809523809524
64.32741496598639
64.51972789115646
64.53748299319729
64.40891156462585
65.12823129251701
65.36122448979593
65.75965986394559
65.91401360544218
66.1708843537415
66.376462585034
66.81027210884352
66.8734693877551
67.00571428571429
67.55748299319728
68.01312925170069
68.2957142857143
68.6878911564626
69.09170068027211
69.17122448979592
69.64360544217686
70.22863945578231
70.8004081632653
70.97489795918368
71.21823129251702
71.3674149659864
71.80904761904762
72.46340136054422
72.95870748299319
73.50326530612244
73.79557823129252
74.4408843537415
75.22557823129253
76.14292517006804
77.01183673469389
77.97755102040816
78.91673469387754
79.4725850340136
80.00387755102041
80.71707482993197
81.82340136054422
82.83802721088435
83.44210884353743
84.20455782312925
84.82666666666668
85.69857142857143
86.27863945578231
87.23884353741497
88.00285714285715
89.3734693877551
90.5291156462585
91.91102040816327
93.12850340136055
94.54843537414966
95.8296598639456
97.28571428571429
98.56061224489797
100.1447619047619
102.12013605442176
104.13972789115647
105.86727891156463
107.78789115646259
110.1287074829932
112.29108843537415
114.3934693877551
116.57210884353742
118.72204081632654
120.81142857142856
122.88176870748299
124.8186394557823
126.59843537414966
128.41204081632657
130.24632653061224
131.30503401360545
132.26231292517008
132.98979591836735
134.30870748299319
135.0804761904762
136.01136054421767
136.35258503401363
137.17027210884356
137.81496598639455
138.76319727891158
139.13727891156464
139.6631292517007
139.79571428571427
140.17619047619047
140.6377551020408
141.50945578231293
142.13993197278913
142.8534693877551
143.5425850340136
144.11190476190478
144.47646258503403
144.97591836734694
145.5857142857143
146.29544217687075
146.58972789115649
146.71401360544218
147.17721088435377
147.70857142857145
148.23857142857145
148.5965306122449
149.10061224489795
149.07979591836735
149.27530612244897
149.39238095238096
149.26625850340136
149.32680272108846
149.2648299319728
149.0108843537415
148.3508843537415
147.60741496598638
146.91408163265305
146.38843537414965
145.96727891156462
145.3795238095238
145.15945578231293
144.98850340136053
144.36047619047622
143.74476190476193
143.15448979591838
142.44292517006807
141.15340136054425
139.85210884353742
138.56421768707486
137.41
136.19857142857143
134.74136054421768
133.24020408163267
131.7112925170068
130.2144217687075
128.61857142857144
126.87115646258503
124.94163265306122
122.94673469387754
120.98972789115646
119.11142857142858
117.04353741496598
114.80183673469386
112.28918367346938
110.31367346938777
108.42925170068028
105.96537414965987
103.16816326530612
100.43503401360545
98.17476190476191
95.48632653061223
93.01455782312925
90.28823129251701
88.0121768707483
85.74346938775511
83.94544217687076
81.51054421768708
78.94421768707483
76.84877551020409
75.80360544217686
74.67333333333333
72.96081632653062
71.0943537414966
69.14931972789115
67.21142857142857
65.3470068027211
63.71142857142858
62.0769387755102
60.12870748299319
58.384081632653064
56.48918367346935
53.956870748299295
