93.20632653061229
93.60564625850338
93.16891156462586
92.90102040816326
92.91877551020409
92.89768707482993
92.9482993197279
93.02714285714285
92.7369387755102
92.30251700680273
91.84972789115646
91.89360544217686
91.8956462585034
91.83163265306123
91.29061224489796
90.99163265306123
90.63884353741497
90.75346938775512
90.65768707482994
90.58979591836734
90.27673469387756
90.28768707482993
90.21884353741497
90.49074829931973
90.42265306122448
90.34034013605442
90.28054421768708
90.21367346938776
89.87448979591838
89.7574149659864
90.13768707482993
90.12551020408165
89.97387755102042
89.7904761904762
89.9487074829932
89.59557823129252
89.50469387755102
89.35625850340138
89.47374149659865
89.36204081632653
89.58231292517007
89.56714285714287
89.70605442176871
89.71809523809524
89.8987074829932
89.98517006802722
90.05136054421769
90.14
90.30979591836736
90.66265306122449
90.32278911564626
90.31278911564625
90.2386394557823
90.49299319727892
90.04013605442177
90.20020408163266
90.06557823129252
90.47401360544218
90.38809523809525
90.63448979591837
90.30326530612246
90.20108843537415
90.10108843537417
90.26204081632653
90.71401360544218
90.6595918367347
90.52394557823129
90.40027210884355
90.70312925170069
90.56850340136056
90.43680272108844
90.35578231292519
90.71761904761905
90.8060544217687
90.60843537414966
90.19421768707484
90.34904761904761
90.65319727891156
90.75333333333333
90.6134693877551
90.24816326530612
90.06034013605442
89.9557142857143
89.9208843537415
89.76176870748299
89.93047619047618
90.16020408163266
89.68646258503402
89.16632653061225
89.3234693877551
89.5712925170068
89.35666666666665
89.33557823129252
89.6774149659864
89.51197278911566
89.32510204081633
88.68653061224491
88.46312925170068
88.58931972789115
89.0491836734694
89.02068027210885
88.88482993197279
88.59884353741498
88.53142857142858
88.72884353741496
89.02761904761905
89.10183673469389
89.21544217687075
89.24721088435373
89.56775510204082
89.8221768707483
90.17836734693878
90.43340136054422
90.54428571428572
90.7321768707483
91.28510204081633
91.67292517006804
91.51285714285714
91.4956462585034
92.08863945578233
92.4078231292517
92.94442176870749
93.14285714285714
93.23768707482992
93.15115646258502
93.3421088435374
93.72428571428571
93.79857142857144
94.32632653061225
94.69517006802722
94.98714285714287
95.21102040816326
95.62755102040816
95.92659863945579
96.16068027210883
96.34707482993197
96.52843537414967
96.70442176870749
97.4169387755102
97.7904761904762
98.10625850340136
98.32204081632653
98.86170068027212
99.34517006802722
99.74448979591837
100.13809523809525
100.39632653061224
100.97605442176871
101.49095238095238
102.07408163265306
102.2465306122449
102.44938775510205
102.8148299319728
103.3112925170068
104.01721088435374
104.2942857142857
104.69312925170068
105.03816326530614
105.6730612244898
106.06891156462585
106.81054421768708
107.5912925170068
108.52115646258504
109.25891156462586
110.02789115646257
110.20748299319729
110.9300680272109
111.8317006802721
112.9548299319728
113.29809523809524
113.97136054421769
114.81326530612246
115.72605442176871
116.39326530612244
117.05802721088435
117.94462585034015
118.82795918367347
119.8431292517007
121.02870748299321
122.20163265306122
123.39238095238095
124.555306122449
126.07646258503402
127.36115646258503
128.9939455782313
130.83639455782316
132.9627210884354
134.77258503401362
136.52360544217686
138.4839455782313
140.69183673469388
142.97972789115647
144.9048299319728
147.03027210884355
149.34503401360544
151.6444217687075
153.84122448979593
156.07122448979592
158.26816326530616
160.20238095238096
162.31965986394562
164.3525850340136
166.25163265306122
167.9627210884354
169.8212925170068
171.6978911564626
173.55312925170068
175.31292517006804
177.07639455782314
178.8874829931973
180.6669387755102
182.3804761904762
183.90632653061223
185.4669387755102
186.91551020408164
188.57605442176873
189.8391836734694
190.8718367346939
191.6195238095238
192.64442176870747
193.63040816326532
194.6913605442177
195.68204081632655
196.67870748299322
197.37537414965988
198.1291836734694
198.73795918367347
199.16965986394555
199.52972789115648
200.3026530612245
200.97251700680272
201.31312925170067
201.50564625850342
201.7804761904762
202.09768707482993
202.48891156462585
202.71183673469392
202.65802721088437
202.65523809523813
202.95687074829934
203.18231292517007
203.0931292517007
203.00775510204082
203.0395238095238
202.82122448979592
202.2861224489796
201.971768707483
201.9890476190476
202.03115646258502
201.64380952380952
201.0408163265306
200.38510204081632
199.88292517006803
199.40421768707483
198.77843537414964
198.02721088435374
197.40598639455783
196.8747619047619
196.09727891156464
195.3157142857143
194.49312925170068
193.36210884353744
192.2796598639456
191.51802721088433
190.70469387755102
189.61768707482995
188.53108843537416
187.54074829931974
186.5391156462585
185.51557823129252
184.46666666666664
183.28210884353743
181.9666666666667
180.81442176870752
179.64931972789117
178.59136054421768
177.4470068027211
176.62034013605444
175.46857142857144
174.50931972789115
173.5538095238095
172.678231292517
171.98238095238096
171.4879591836735
170.9587074829932
169.88149659863947
169.1248299319728
168.64625850340138
168.44986394557822
167.90238095238095
167.4056462585034
166.96843537414966
166.83034013605442
166.41639455782314
166.05537414965985
165.71374149659863
165.66469387755103
165.47768707482993
165.50149659863945
165.24891156462584
165.180612244898
165.26938775510206
165.7653741496599
165.7912925170068
165.8321768707483
165.93442176870752
166.3339455782313
166.48680272108845
166.65244897959184
167.1278231292517
167.59251700680272
168.07170068027213
168.63979591836735
169.26578231292515
169.77462585034013
170.41965986394558
170.91374149659862
171.3886394557823
172.1634013605442
172.9347619047619
173.59367346938777
174.0739455782313
174.80258503401362
175.47972789115647
176.44068027210886
177.03632653061226
177.54074829931972
178.0372789115646
178.7639455782313
179.16034013605446
179.45210884353745
179.928843537415
180.59646258503403
181.15272108843538
181.47802721088436
181.98619047619047
182.44904761904763
182.83408163265307
183.09979591836736
183.46993197278914
183.86040816326533
184.23714285714289
184.46544217687077
184.6723129251701
184.92469387755102
185.38020408163266
185.63979591836735
185.97986394557824
186.20462585034014
186.39217687074833
186.47802721088436
186.67442176870748
186.8513605442177
187.15591836734697
187.3082993197279
187.58108843537414
187.69319727891158
188.01258503401363
188.1465986394558
188.4665306122449
188.48204081632653
188.62108843537416
188.7022448979592
189.0412925170068
189.05462585034013
189.2613605442177
189.375306122449
189.6636734693878
189.81734693877553
189.95122448979592
189.96170068027214
189.98448979591836
190.27374149659863
190.5372789115646
190.5660544217687
190.32068027210886
190.3723129251701
190.62034013605444
190.6531972789116
190.5974829931973
190.73993197278912
190.94843537414965
191.07455782312928
191.04462585034014
191.08646258503398
190.904693877551
191.00578231292516
190.8304081632653
190.90442176870746
190.86034013605445
190.94027210884357
190.8021088435374
190.72367346938776
190.7744217687075
190.79156462585033
190.7487074829932
190.67789115646258
190.6204761904762
190.52857142857144
190.3983673469388
190.42850340136056
190.43034013605444
190.20414965986396
189.935306122449
189.89700680272108
189.83469387755105
189.83190476190475
189.8643537414966
189.91319727891158
189.65755102040816
189.50850340136054
189.32666666666668
189.12680272108844
188.78326530612247
188.75707482993198
188.75333333333333
188.79700680272109
188.6682993197279
188.47564625850342
188.273537414966
188.21292517006805
188.1352380952381
187.86870748299322
187.6691836734694
187.63714285714286
187.5117006802721
187.29197278911568
186.9491836734694
186.9213605442177
186.70068027210885
186.43891156462584
186.05687074829933
185.97884353741495
185.94061224489798
186.00714285714287
185.936462585034
185.55170068027212
185.1561904761905
184.96204081632655
184.8082993197279
184.6025850340136
184.2613605442177
184.0495238095238
183.7944897959184
183.58965986394557
183.23326530612243
183.1265986394558
183.04877551020408
182.84414965986394
182.54578231292518
182.3791836734694
182.221768707483
181.8721768707483
181.40020408163264
181.31632653061226
181.24721088435376
180.9813605442177
180.53027210884352
180.2887755102041
179.8344897959184
179.593537414966
179.4013605442177
179.08870748299321
178.54251700680274
178.28408163265306
177.97367346938776
177.68952380952382
177.36278911564625
177.12544217687076
176.74727891156465
176.42265306122448
176.0804761904762
175.81013605442178
175.42639455782313
175.17503401360545
174.71455782312927
174.1549659863946
173.7699319727891
173.42108843537414
173.00591836734696
172.7544217687075
172.61564625850343
172.08945578231294
171.48857142857142
171.44326530612247
171.11414965986393
170.57734693877552
169.97102040816327
169.87156462585034
169.40945578231293
169.01605442176873
168.43197278911566
168.06462585034015
167.6614285714286
167.42088435374149
166.87938775510207
166.25795918367348
165.73081632653063
165.40632653061226
165.16897959183672
164.63374149659865
164.14197278911564
163.71224489795918
163.24755102040814
162.67537414965986
162.2755782312925
161.9695918367347
161.47020408163266
160.77863945578233
160.01557823129252
159.30666666666667
159.22190476190477
158.87809523809523
158.3500680272109
157.28238095238095
156.95421768707484
156.45503401360543
156.0999319727891
155.30380952380952
154.8820408163265
154.4068707482993
153.93428571428572
153.15761904761908
152.501768707483
151.97462585034015
151.2430612244898
150.5808843537415
149.8682993197279
149.39
148.67115646258503
148.25027210884355
147.6561224489796
147.11551020408166
146.26605442176873
145.52292517006802
144.9318367346939
144.56727891156464
143.81081632653064
142.87122448979594
142.10238095238097
141.7330612244898
141.29707482993197
140.72965986394559
140.00836734693877
139.0948299319728
138.53850340136057
137.9669387755102
137.23680272108845
136.49666666666667
136.0587074829932
135.37244897959187
134.46231292517007
133.96176870748297
133.62646258503403
133.06551020408165
132.39333333333332
131.62496598639456
130.84755102040816
130.10523809523812
129.61326530612246
129.01755102040818
128.3304081632653
127.53054421768708
126.8334693877551
126.2274149659864
125.63108843537415
124.99292517006803
124.31129251700682
123.83102040816327
123.41768707482994
122.78863945578232
121.73204081632652
121.0056462585034
120.54469387755101
119.87047619047618
119.31646258503403
118.8765306122449
118.40020408163267
117.55571428571429
117.29775510204082
116.67619047619048
115.9299319727891
114.76544217687075
114.22843537414967
113.7313605442177
113.27653061224491
112.5830612244898
111.98367346938775
111.40707482993197
110.64965986394557
110.27517006802722
109.80585034013605
109.18659863945578
108.30904761904763
107.89061224489797
107.42904761904762
107.14204081632653
106.27000000000001
105.68564625850341
105.14136054421769
104.85115646258504
103.88095238095238
103.32299319727892
102.88217687074831
102.39619047619048
101.48054421768707
101.00170068027211
100.62680272108842
100.3552380952381
99.68448979591837
98.72367346938775
98.07775510204083
97.75149659863946
97.43197278911566
96.92448979591836
96.72598639455782
95.92346938775509
95.26306122448979
94.96210884353741
94.78231292517007
94.27986394557823
93.93061224489796
93.54931972789115
92.76102040816328
92.04673469387755
91.5230612244898
91.21374149659864
90.7874149659864
90.33006802721088
89.83102040816325
89.27891156462586
88.73857142857143
88.3948299319728
87.75938775510205
86.95938775510206
86.49353741496599
86.39190476190475
85.72945578231293
85.09156462585034
84.92673469387756
84.73244897959184
84.1456462585034
83.5478911564626
82.89414965986396
82.18102040816328
81.73034013605442
81.52197278911565
81.23863945578232
80.5934693877551
80.00312925170068
79.34190476190477
78.7095238095238
78.05489795918368
78.02102040816327
77.87448979591836
77.32238095238095
76.57673469387757
76.14231292517007
75.95537414965987
75.53190476190477
75.08646258503401
74.48666666666668
74.27700680272108
73.68197278911563
73.54251700680274
72.99877551020408
72.67530612244899
72.01911564625851
72.05863945578233
71.49054421768707
71.01319727891156
70.62714285714287
70.64149659863946
69.98687074829932
69.51074829931973
69.17054421768708
68.8857142857143
68.28585034013607
67.97551020408163
67.5478231292517
67.38571428571429
67.01414965986395
66.75503401360544
66.29714285714286
66.0204081632653
65.51299319727892
65.16823129251702
64.65448979591837
64.45659863945579
64.32836734693878
64.22360544217688
63.75591836734694
63.355442176870746
63.10530612244898
62.815646258503406
62.6030612244898
62.23700680272109
62.371768707483
62.25197278911565
62.01068027210884
61.363197278911564
61.341428571428565
61.00285714285714
60.585102040816324
60.333401360544215
60.39353741496599
60.00136054421769
59.662176870748304
59.44319727891157
59.07931972789115
58.93292517006803
58.84891156462585
58.68136054421768
58.16721088435375
58.347687074829935
58.16285714285714
58.151972789115646
58.016190476190474
57.87952380952381
57.471156462585036
57.23054421768708
56.90224489795918
56.55836734693878
56.47312925170068
56.515034013605444
56.3425850340136
56.19027210884354
55.81442176870748
55.37408163265306
54.75013605442177
54.62585034013606
54.383877551020404
54.74047619047619
54.430340136054426
54.33761904761906
54.16931972789116
54.69149659863946
54.4678231292517
54.1838775510204
53.88292517006803
53.8395918367347
53.87503401360544
53.962312925170075
53.70585034013605
53.29816326530613
52.96632653061225
52.756802721088434
52.866462585034014
53.17884353741497
53.09095238095237
52.972857142857144
53.02469387755102
52.67414965986395
52.23639455782313
52.18734693877551
52.13632653061225
51.770204081632656
51.470680272108844
51.48272108843537
51.466258503401356
51.249387755102035
51.132448979591835
51.015782312925175
51.16673469387755
51.277687074829934
51.38591836734694
51.12816326530613
50.97027210884353
50.93115646258504
50.859795918367354
50.521904761904764
50.12761904761905
50.21578231292517
50.26156462585034
50.45319727891157
50.29108843537415
50.406462585034014
50.04959183673469
50.08428571428571
49.99074829931972
49.80836734693877
49.59802721088436
49.732789115646256
49.992925170068034
49.98156462585034
49.79789115646259
49.641904761904755
49.67761904761905
49.760068027210885
49.69537414965986
49.631904761904764
49.76530612244898
49.738503401360546
49.710408163265306
49.5756462585034
49.39836734693877
49.13102040816326
49.21244897959184
49.32380952380953
49.28938775510204
49.16680272108843
49.001768707482995
49.00020408163266
49.41646258503401
49.64714285714285
49.32156462585034
48.949455782312924
48.98925170068027
49.290680272108844
49.57340136054422
49.964557823129255
49.66292517006802
49.56544217687075
49.333333333333336
49.4360544217687
49.2921768707483
49.491768707483
49.248775510204084
49.36816326530612
49.486598639455785
49.71
49.478367346938775
49.82190476190476
50.10142857142857
50.31965986394558
50.156394557823134
49.91517006802721
50.0343537414966
50.431768707483
50.494829931972795
50.21503401360545
50.17551020408164
50.47625850340137
50.688979591836734
50.65244897959184
50.8825850340136
51.02258503401361
51.317959183673466
51.31061224489796
51.39034013605443
51.81897959183674
51.918503401360546
51.75401360544218
51.68659863945578
52.1156462585034
52.5556462585034
52.617278911564625
52.9108843537415
52.99333333333334
53.491564625850344
53.75292517006803
54.127755102040815
54.289251700680275
54.49040816326531
54.76843537414966
54.99809523809524
55.05809523809524
55.32544217687075
55.69068027210884
55.76108843537415
55.86741496598639
56.0139455782313
56.118367346938776
56.06721088435374
55.98020408163266
56.00571428571429
56.19734693877551
56.32442176870749
56.169591836734696
56.32421768707483
56.44625850340137
56.488571428571426
56.385170068027215
56.384557823129256
56.251496598639456
56.72734693877551
57.19666666666667
57.40734693877551
57.53510204081633
57.69687074829932
57.6695918367347
57.720272108843545
58.09931972789116
58.2278231292517
58.121768707483
58.4074149659864
58.60721088435375
58.886530612244904
58.708163265306126
58.50387755102041
58.687619047619044
59.08761904761904
59.47721088435375
59.26843537414966
59.66183673469388
59.73142857142857
59.936462585034015
59.702448979591836
59.75761904761905
59.67823129251701
59.83
60.106734693877556
60.24442176870748
60.34891156462585
60.533741496598644
60.821768707482995
60.82027210884354
61.03244897959184
61.43272108843538
61.32020408163265
61.27598639455782
61.35210884353742
61.70292517006803
61.43952380952381
61.459047619047624
61.578707482993195
61.961564625850336
61.96945578231293
61.80142857142857
61.93387755102041
62.40333333333333
62.21945578231292
62.166122448979586
62.11517006802722
62.0065306122449
61.51775510204082
61.59401360544218
61.82047619047619
62.10496598639456
62.173129251700686
62.037346938775514
61.75272108843538
61.61993197278912
61.63809523809523
61.49585034013605
61.35666666666667
61.11680272108843
60.80673469387755
60.578911564625855
60.879047619047626
61.22700680272109
61.043877551020415
60.40326530612245
59.796530612244894
59.73142857142857
59.54836734693878
59.53557823129252
59.367006802721086
59.345782312925174
58.692244897959185
58.89013605442177
58.777755102040814
58.7739455782313
58.087755102040816
57.97659863945579
57.6152380952381
57.76897959183673
57.347755102040814
57.14102040816327
56.69707482993198
56.89625850340136
56.6865306122449
56.669047619047625
56.115034013605445
55.95639455782313
55.79877551020408
55.695034013605444
55.455170068027215
55.26394557823129
55.416598639455785
55.34789115646259
55.27585034013606
54.92142857142858
54.74142857142857
54.40312925170068
54.37727891156463
54.287346938775514
54.12408163265307
53.85598639455783
53.85210884353742
53.970884353741496
54.04551020408164
53.747619047619054
53.25802721088435
52.9187074829932
53.34238095238095
53.51095238095238
53.43931972789116
53.063605442176865
53.12891156462585
52.87285714285714
52.92054421768708
52.845170068027215
52.89931972789116
52.771836734693885
52.36619047619048
52.04986394557823
52.0665306122449
52.326802721088434
52.036734693877555
51.781292517006804
51.5187074829932
51.761428571428574
51.631224489795926
51.72768707482993
51.36877551020408
51.40952380952381
51.33285714285715
51.678435374149664
51.65598639455783
51.4365306122449
50.94095238095239
50.93278911564626
51.305578231292515
51.52938775510204
51.126870748299325
50.98244897959184
51.16972789115647
51.48476190476191
51.385238095238094
51.33244897959184
51.299183673469386
51.26863945578231
51.02727891156462
50.95768707482993
51.138163265306126
51.28857142857143
51.32496598639456
51.183537414966
51.14857142857143
51.69204081632653
51.8104081632653
51.70557823129252
51.610748299319724
52.09619047619047
52.19231292517007
52.03408163265306
51.881292517006806
51.93897959183674
51.923129251700686
51.92530612244899
52.179047619047616
52.29061224489796
52.54170068027211
52.38619047619048
52.34244897959184
52.12755102040816
52.81605442176871
53.0912925170068
53.29571428571428
53.122244897959185
53.24945578231292
53.10945578231293
53.122993197278916
53.13340136054423
53.47523809523809
53.49034013605443
53.56578231292517
53.75197278911565
53.89299319727891
53.99496598639456
54.26074829931972
54.57170068027211
54.41755102040817
54.526802721088444
54.51204081632653
54.996054421768704
55.17258503401361
55.34802721088436
55.14414965986395
55.305442176870756
55.29863945578232
55.35006802721088
55.91367346938775
56.599931972789115
57.03054421768708
57.04517006802721
57.139047619047616
57.35557823129252
57.6843537414966
58.051904761904765
58.17503401360545
58.269727891156464
58.25687074829932
58.6987074829932
59.20122448979592
59.71306122448979
59.75340136054422
59.87149659863946
60.13006802721089
60.51258503401361
60.88775510204082
61.25278911564626
61.39755102040817
61.56761904761905
61.725782312925176
62.180884353741504
62.38809523809524
62.94850340136054
63.2243537414966
63.800000000000004
63.899251700680274
64.09442176870748
64.14496598639457
64.32020408163265
64.42986394557823
64.37408163265306
64.14727891156463
64.14578231292516
64.70442176870749
65.06904761904762
65.0074149659864
65.15836734693877
65.31190476190477
65.70972789115646
65.94646258503401
66.59578231292517
66.71210884353742
67.14605442176871
67.06102040816326
67.58727891156462
67.53802721088435
67.62591836734694
67.7042857142857
68.25326530612244
68.70802721088435
69.04129251700681
69.36897959183673
69.30115646258503
69.66510204081632
70.20401360544217
70.79836734693878
71.06802721088435
71.33149659863946
71.81510204081633
72.528231292517
73.18489795918367
73.41863945578231
73.66979591836736
74.18625850340138
74.84986394557824
75.44251700680273
75.68625850340136
76.13489795918368
77.18462585034013
78.3612925170068
79.32231292517005
79.89047619047619
80.66680272108843
81.40190476190476
82.49149659863946
83.46809523809523
84.5108163265306
85.30190476190475
85.77292517006804
86.25455782312926
87.05367346938777
88.0308843537415
88.82
89.70775510204082
90.95421768707482
92.26108843537416
93.4313605442177
94.64768707482995
96.02489795918368
97.32428571428572
98.88061224489796
100.22183673469388
101.56054421768708
103.17040816326531
105.2061224489796
106.90115646258504
108.63761904761905
111.02
113.46857142857142
115.62006802721088
117.68360544217688
119.78278911564627
122.17680272108844
124.42727891156464
126.55707482993198
127.95557823129252
129.49768707482994
130.8860544217687
132.24414965986395
133.26421768707485
134.4061224489796
135.33374149659866
136.2522448979592
137.13197278911565
137.91081632653064
138.5521768707483
139.18367346938777
139.83197278911564
140.36496598639454
140.8047619047619
141.3991836734694
141.9100680272109
142.61639455782313
143.1925170068027
143.49619047619046
143.99020408163267
144.56619047619049
145.68585034013606
146.24768707482994
146.99272108843536
147.22102040816327
147.75353741496596
148.0874149659864
148.50360544217688
148.83727891156462
149.3678231292517
150.09210884353743
150.46068027210887
150.54598639455784
150.57
150.6930612244898
150.84163265306123
150.84897959183675
150.82775510204084
150.4574149659864
150.15523809523813
149.82891156462586
149.39312925170069
148.84591836734694
148.29789115646258
147.74965986394557
147.2325850340136
147.03190476190477
146.8760544217687
146.25129251700682
145.38489795918366
144.67408163265304
144.0043537414966
142.9295918367347
141.6713605442177
140.66938775510204
139.51605442176873
138.21591836734694
136.7721088435374
135.27244897959184
133.56034013605444
132.10551020408164
130.40272108843538
128.5839455782313
126.77673469387757
125.11993197278913
122.92897959183674
120.95965986394559
118.68013605442178
116.12081632653063
113.54823129251702
111.45639455782313
109.13088435374151
106.91517006802721
104.70945578231293
102.47687074829932
99.47163265306123
96.70258503401361
94.2843537414966
92.25197278911565
89.87904761904763
87.1357142857143
84.58136054421769
82.05605442176872
79.80272108843538
77.8834693877551
76.90734693877552
75.5561224489796
73.82238095238095
71.55319727891157
69.97585034013605
68.46210884353741
67.0652380952381
64.97877551020409
62.82136054421769
60.51734693877551
58.878571428571426
57.41904761904759
55.49047619047615
