87.62333333333333
87.58523809523808
87.44476190476189
87.4465306122449
87.37251700680272
87.46959183673471
87.15897959183674
87.0148299319728
86.95585034013607
87.2591836734694
87.3665306122449
87.19408163265307
86.67904761904762
86.4140136054422
86.1752380952381
85.81360544217688
85.44074829931972
85.40238095238097
85.5061224489796
85.63095238095238
85.60006802721088
85.49027210884353
85.2908843537415
85.13095238095238
84.95986394557825
84.99938775510203
84.97156462585033
84.71557823129253
84.69884353741496
85.0634693877551
85.20489795918367
84.9848299319728
84.71142857142858
84.65013605442176
84.48312925170067
84.8852380952381
84.8587074829932
84.84727891156463
84.26374149659864
84.12367346938775
84.1174149659864
85.04836734693878
85.2378231292517
85.03666666666666
84.84945578231293
85.10190476190476
85.0204081632653
84.99945578231292
84.92081632653061
85.2169387755102
85.30027210884353
85.28510204081633
84.88
84.93510204081633
84.73448979591836
84.796462585034
84.96380952380952
85.44224489795918
85.20360544217687
84.83904761904762
84.88646258503402
85.1474149659864
85.40054421768708
85.3339455782313
85.29149659863947
84.77000000000001
85.03340136054422
85.51680272108844
85.51666666666668
85.25605442176871
85.23741496598639
85.33204081632653
85.15693877551021
85.17993197278912
85.02176870748299
85.10612244897959
85.25952380952381
85.45346938775509
84.97748299319728
85.03482993197278
84.945306122449
85.27469387755102
84.9695238095238
85.17204081632653
84.71170068027212
84.92986394557823
84.88360544217687
84.84653061224489
84.34714285714284
84.19292517006802
84.3382993197279
84.20040816326531
84.2065306122449
84.23639455782313
84.32850340136055
83.82727891156463
83.31020408163266
83.44197278911564
83.37204081632653
83.35625850340136
83.30823129251701
83.60462585034014
83.55272108843538
83.7165306122449
83.67632653061224
83.51034013605442
83.74272108843539
84.1778231292517
84.45442176870749
84.51034013605442
84.6573469387755
84.71680272108844
85.02489795918368
85.46707482993197
85.63115646258503
85.94319727891157
86.08931972789117
86.44938775510205
86.4982993197279
86.47625850340137
86.52414965986395
86.99462585034013
87.30925170068026
87.07367346938776
87.36489795918366
87.76863945578232
88.04115646258504
88.22068027210884
88.63687074829932
88.97326530612244
88.84585034013605
89.21394557823129
89.52367346938776
89.81625850340137
89.53809523809524
89.87925170068027
90.04244897959182
90.68850340136055
91.23278911564626
92.08034013605442
92.16061224489795
92.53238095238096
92.8778911564626
93.37462585034012
93.49857142857144
93.82877551020408
94.4321088435374
94.77455782312924
95.01795918367347
95.35496598639456
95.84414965986396
95.98823129251701
96.34013605442176
96.86353741496598
97.21251700680273
97.70272108843537
98.17517006802721
98.80598639455782
98.8643537414966
99.53272108843538
99.98122448979592
101.11380952380954
101.6795918367347
102.32333333333334
102.35102040816327
103.16204081632652
103.84122448979592
104.74571428571429
105.29360544217687
106.23013605442178
106.65244897959184
107.39700680272108
107.91877551020409
109.11061224489796
109.71598639455783
110.88013605442177
111.73244897959184
112.9430612244898
113.40272108843537
114.4465306122449
115.58122448979593
117.13857142857142
118.63149659863946
120.13918367346938
121.3030612244898
122.86904761904762
124.86775510204083
127.18278911564627
129.10619047619048
130.82258503401363
132.65027210884355
134.9761224489796
137.40285714285716
139.7057142857143
141.77278911564625
143.77761904761905
145.7325170068027
147.73346938775512
149.7270068027211
152.19027210884354
154.54836734693876
156.47476190476192
158.07646258503402
160.08074829931974
162.31761904761905
164.52931972789116
166.1157142857143
167.66768707482996
169.35326530612244
171.27455782312924
172.88850340136054
174.75986394557827
176.69061224489798
178.25380952380954
179.34829931972791
180.72530612244898
182.4795238095238
184.02258503401362
185.20408163265307
186.19775510204084
187.2674829931973
188.45469387755105
189.67265306122448
190.56945578231296
191.40238095238095
192.23244897959182
193.1578231292517
193.8112244897959
194.47673469387755
195.09027210884355
195.68285714285713
196.04687074829928
196.5659183673469
197.00761904761904
197.42802721088432
197.59163265306125
197.6721768707483
197.77544217687074
197.98319727891158
198.1665986394558
198.162380952381
198.40299319727893
198.36938775510208
198.265306122449
197.93734693877553
197.7030612244898
197.26244897959182
197.10544217687075
196.941768707483
196.4348979591837
195.78047619047618
195.19510204081632
194.69918367346938
194.08748299319728
193.58918367346942
192.89598639455784
192.04020408163268
191.01374149659864
190.13156462585033
189.31142857142856
188.52496598639453
187.4317006802721
186.14462585034016
184.97183673469388
183.88557823129253
182.75149659863945
181.57061224489797
180.6708843537415
179.7352380952381
178.54034013605445
177.09802721088437
175.80632653061224
174.4860544217687
173.32469387755106
172.28102040816327
171.44020408163266
170.38653061224488
169.40721088435376
168.48020408163265
167.69653061224489
166.8839455782313
166.09884353741498
165.31013605442178
164.51462585034014
163.9914285714286
163.41578231292516
162.51489795918366
161.73802721088435
161.26074829931974
161.17088435374149
160.87653061224492
160.6948979591837
160.17462585034014
159.92380952380952
159.56510204081633
159.40925170068027
159.25931972789115
159.17000000000002
158.98619047619047
159.07659863945577
159.16442176870748
159.15605442176872
159.01646258503402
159.19843537414965
159.38414965986394
159.80074829931974
159.93020408163267
160.30591836734695
160.66537414965987
161.19380952380953
161.50428571428574
161.97455782312926
162.54374149659867
163.43326530612245
164.05925170068025
164.38428571428568
164.66904761904763
165.30340136054423
166.11693877551022
166.86503401360545
167.63897959183674
168.313537414966
168.89081632653063
169.33850340136053
170.2448979591837
171.13136054421767
171.70897959183674
172.1318367346939
172.6979591836735
173.43816326530614
174.22857142857143
175.1174149659864
175.55197278911567
176.01972789115646
176.48047619047617
177.15204081632658
177.6129931972789
178.11231292517004
178.57380952380953
179.10367346938776
179.60435374149662
180.16585034013607
180.48496598639454
180.5851020408163
180.90938775510205
181.3484353741497
181.77054421768707
182.25530612244899
182.57020408163265
182.83326530612248
182.99775510204083
183.27544217687074
183.26421768707485
183.35632653061225
183.68972789115645
184.12585034013605
184.51149659863947
184.8009523809524
184.97421768707483
185.07639455782316
185.18380952380954
185.431768707483
185.54585034013607
185.71312925170065
185.76353741496598
185.77945578231294
186.05598639455783
186.4731292517007
186.7046258503401
186.6970068027211
186.94210884353743
187.00598639455782
187.0687755102041
187.01210884353742
187.18680272108844
187.27414965986395
187.3722448979592
187.52748299319728
187.81714285714284
188.00863945578234
187.8473469387755
187.83972789115649
187.98517006802723
188.2282993197279
188.19013605442177
187.9604761904762
187.68102040816325
187.87190476190477
188.04625850340136
188.06925170068027
187.8860544217687
187.9048299319728
187.85741496598638
187.9609523809524
187.94625850340137
187.99748299319728
187.8474149659864
187.7543537414966
187.49054421768707
187.60843537414968
187.62510204081633
187.67823129251698
187.3712925170068
187.26074829931974
187.092925170068
187.09755102040816
186.89
186.8987074829932
186.87455782312924
186.77517006802725
186.37503401360544
186.37680272108844
186.46619047619046
186.303537414966
185.9343537414966
185.930612244898
185.95884353741496
185.7774149659864
185.39258503401362
185.2357142857143
185.07190476190476
184.94823129251702
184.84272108843538
185.03156462585036
184.9229931972789
184.63238095238097
184.02224489795918
183.82551020408164
183.698231292517
183.7734693877551
183.45462585034014
183.3895918367347
183.32721088435375
183.368231292517
183.1739455782313
182.97489795918366
182.50891156462586
182.1782993197279
181.87809523809526
181.82115646258507
181.5495918367347
181.38156462585033
181.0829931972789
180.93367346938774
180.72510204081632
180.48761904761903
180.337074829932
180.10204081632654
179.89190476190478
179.58523809523808
179.34278911564627
179.12380952380954
178.81687074829935
178.68340136054425
178.43333333333334
178.2804761904762
177.85843537414965
177.55544217687077
177.1444217687075
176.90802721088437
176.78938775510204
176.5195918367347
175.93551020408162
175.44564625850342
175.15986394557825
174.9244897959184
174.66272108843538
174.53591836734694
174.24292517006805
173.73795918367347
173.27326530612243
172.91482993197278
172.56714285714287
172.14755102040817
171.92088435374149
171.55863945578233
171.09197278911566
170.82272108843537
170.48000000000002
170.09027210884352
169.67306122448983
169.3295918367347
168.80503401360545
168.306462585034
167.9548299319728
167.47503401360544
167.20074829931974
166.7131292517007
166.4579591836735
165.96462585034013
165.53068027210884
165.03408163265306
164.75659863945577
164.51721088435374
163.91510204081632
163.20367346938775
162.4026530612245
162.28129251700682
161.8731972789116
161.41993197278913
160.82190476190476
160.3234013605442
159.8012925170068
159.3775510204082
158.9600680272109
158.3540136054422
157.57823129251702
157.0212925170068
156.2942857142857
155.95455782312928
155.3374149659864
154.94537414965987
154.3074149659864
153.89367346938775
153.2613605442177
152.55632653061224
151.7639455782313
151.19292517006804
150.76374149659864
150.30802721088435
149.83027210884353
149.13891156462586
148.4621768707483
147.68653061224492
147.14074829931974
146.50931972789118
146.18414965986398
145.69585034013608
145.2248979591837
144.46931972789116
143.6925850340136
142.79333333333332
142.17108843537414
141.6422448979592
141.30462585034016
140.76000000000002
140.26768707482995
139.42761904761906
138.83503401360548
138.04931972789117
137.77925170068028
137.23918367346937
136.6974149659864
135.70734693877552
134.98530612244897
134.09931972789116
133.26469387755105
132.63809523809527
132.23687074829934
131.48639455782313
130.5548979591837
130.0882993197279
129.498231292517
128.88836734693876
128.0419047619048
127.68285714285715
126.96340136054422
126.38353741496599
125.6265306122449
125.22625850340135
124.74605442176872
124.00639455782313
123.16197278911565
122.256462585034
121.65054421768707
121.07163265306123
120.39938775510204
119.63238095238097
119.10639455782314
118.46802721088437
117.7165306122449
117.28891156462585
116.76333333333334
116.04360544217687
115.15217687074829
114.72421768707483
113.91380952380953
113.59095238095239
113.04408163265306
112.65993197278914
111.83102040816327
111.26149659863944
110.65891156462585
110.1704761904762
109.35299319727892
108.7743537414966
108.21700680272109
107.53442176870749
106.82850340136055
105.97326530612244
105.07489795918367
104.38238095238094
104.18680272108844
103.5421088435374
103.04673469387755
102.67843537414966
102.33659863945579
101.62829931972789
100.95986394557823
100.52673469387756
100.00190476190477
99.2926530612245
98.72993197278912
98.37734693877552
97.78775510204082
97.01231292517006
96.33421768707483
95.75809523809524
95.31938775510204
94.76755102040818
94.2744217687075
93.93054421768707
93.71394557823129
93.46156462585034
92.97877551020409
92.38931972789116
91.6730612244898
91.35489795918369
90.82687074829931
90.62102040816328
89.84360544217688
89.24993197278911
88.73020408163265
88.69210884353743
88.0361224489796
87.4239455782313
87.00340136054422
86.59360544217688
85.98122448979592
85.25999999999999
84.49102040816327
83.89659863945579
83.7947619047619
83.5151700680272
82.85068027210883
82.17244897959183
81.86544217687074
81.13612244897959
80.7804081632653
80.60312925170068
80.29421768707482
79.54591836734694
79.17414965986394
79.00462585034015
78.57312925170069
78.29421768707482
77.73829931972789
77.05632653061224
76.28666666666668
75.68530612244899
75.32034013605443
75.06027210884355
74.68095238095239
74.0247619047619
73.54789115646258
73.17204081632653
72.96285714285716
72.48523809523809
72.07775510204083
71.66020408163266
71.27054421768707
70.70884353741496
70.09081632653061
69.87734693877552
69.73768707482994
69.58210884353741
68.85741496598641
68.35455782312926
68.06829931972791
67.86598639455784
66.96421768707484
66.92095238095239
66.67122448979593
66.70251700680272
65.92278911564625
65.67945578231293
64.89204081632653
64.45408163265307
64.21122448979591
63.87054421768708
63.49333333333333
63.2278231292517
63.39721088435374
63.40428571428571
62.738095238095234
61.91748299319728
61.62387755102041
61.794761904761906
61.569319727891155
61.02911564625851
60.51013605442177
60.37789115646258
60.14156462585034
59.974761904761905
59.43020408163265
59.062108843537416
58.80319727891157
58.92251700680272
58.81448979591837
58.56727891156462
58.03585034013605
57.79802721088436
57.52149659863945
57.726938775510206
57.20238095238095
56.66149659863946
55.99965986394558
56.25789115646259
56.120544217687076
55.959863945578235
55.69557823129252
55.835782312925176
55.38421768707483
55.05034013605443
55.050748299319736
55.13034013605442
54.77149659863946
54.35687074829932
54.20945578231293
54.31088435374149
54.1382993197279
54.00789115646258
53.61619047619048
53.674829931972795
53.297619047619044
53.166734693877544
52.75013605442176
52.852108843537415
52.36265306122449
52.1930612244898
51.644013605442176
51.535442176870745
51.43442176870748
51.82802721088436
51.658231292517016
51.28639455782313
50.968707482993196
51.07530612244898
51.23476190476191
51.3191836734694
51.106258503401364
50.59619047619047
50.200272108843535
50.08197278911565
50.27721088435374
50.21448979591837
50.12122448979592
49.9965306122449
49.82367346938776
49.780680272108846
49.86299319727891
50.026054421768706
49.441904761904766
49.24823129251701
49.09170068027211
49.57761904761905
49.222585034013605
49.01163265306122
48.66319727891157
48.833605442176875
48.787346938775514
48.77700680272109
48.51931972789116
48.5269387755102
48.45448979591836
48.27210884353741
48.01517006802722
47.912517006802716
48.002993197278904
47.90408163265307
47.90183673469388
47.504761904761914
47.66340136054423
47.86251700680272
47.88421768707484
47.63891156462585
47.30789115646258
47.240204081632655
47.24646258503401
47.21721088435374
47.03557823129252
46.96027210884355
47.02646258503401
47.04659863945579
47.07442176870748
47.2452380952381
47.03272108843538
47.34095238095239
47.312653061224495
47.11482993197279
46.73646258503401
46.87850340136054
46.92462585034015
46.771768707483005
46.72435374149661
46.814353741496596
46.701632653061225
46.686462585034015
46.5104761904762
46.764829931972784
46.685102040816325
46.4830612244898
46.222789115646265
46.68666666666667
46.91095238095239
47.1391156462585
46.86557823129252
46.773877551020405
46.58108843537415
46.65605442176871
46.514285714285705
46.73306122448979
47.04272108843537
46.95877551020408
46.62904761904762
46.587551020408156
46.47605442176871
46.48795918367347
46.80074829931972
46.894625850340134
46.90122448979592
46.90823129251701
47.00462585034013
46.778571428571425
46.90598639455782
47.0478231292517
47.15646258503401
47.12693877551021
47.23102040816327
47.43278911564626
47.539183673469395
47.750680272108845
47.68115646258504
47.79217687074831
47.66748299319728
47.95176870748299
47.93000000000001
48.36428571428572
48.463741496598644
48.59646258503402
48.36551020408163
48.429319727891155
48.53925170068028
48.98727891156463
49.23557823129252
49.453265306122454
49.506394557823135
49.707346938775515
50.061224489795926
50.605578231292526
50.61877551020408
50.421836734693876
50.94190476190476
51.674897959183674
51.95625850340136
51.813537414965985
51.87877551020408
52.167755102040815
52.11414965986395
51.944761904761904
52.18115646258504
52.722925170068024
52.94823129251701
52.65156462585034
52.60755102040817
52.838571428571434
53.07047619047619
53.11850340136054
53.101292517006804
53.02972789115647
52.87476190476191
53.015510204081636
53.03074829931973
53.1278231292517
53.050612244897955
53.68693877551021
53.82707482993198
54.35945578231293
54.259795918367345
54.389795918367355
54.200136054421776
54.42802721088436
54.77632653061225
55.24061224489796
55.12068027210885
54.862857142857145
55.05551020408163
55.33768707482993
55.19843537414966
54.922108843537416
55.00877551020408
55.059931972789116
55.09918367346939
55.358163265306125
55.68238095238095
55.93428571428572
55.70006802721089
55.585034013605444
55.776054421768706
56.16843537414966
56.3130612244898
56.38782312925171
56.1143537414966
56.1295918367347
56.36666666666666
56.72442176870749
56.94231292517007
56.73877551020409
56.66904761904762
56.78612244897959
57.38462585034014
57.32340136054422
56.999659863945574
57.200136054421776
57.62380952380953
57.76755102040817
57.46931972789116
57.59170068027211
57.820680272108845
58.156870748299326
58.03047619047619
57.83204081632653
57.85292517006803
58.208163265306126
58.29904761904763
57.91979591836734
57.64421768707483
57.69163265306122
57.77292517006803
57.83863945578232
57.75707482993197
57.603401360544225
57.29761904761905
57.29
57.37945578231293
57.41244897959184
57.283401360544225
57.28768707482993
57.06823129251701
56.79571428571428
56.63142857142857
56.68170068027211
56.88394557823129
56.815374149659874
56.496258503401364
55.85387755102041
55.293877551020415
54.98238095238096
54.85571428571429
55.03632653061224
54.88340136054423
54.632517006802715
54.58809523809524
54.67585034013605
54.675646258503406
54.42251700680273
54.05591836734695
53.792517006802726
53.620816326530615
53.506530612244894
53.29319727891157
53.588027210884356
53.14510204081633
52.6791156462585
51.97299319727891
52.22673469387755
52.28510204081633
52.32993197278912
51.638775510204084
51.633809523809525
51.6121768707483
51.829251700680274
51.30258503401361
51.38115646258504
51.12238095238096
51.112040816326534
50.74857142857144
50.70476190476191
50.94020408163266
50.915238095238095
50.69734693877551
50.29034013605442
50.14877551020408
49.655850340136055
49.54054421768708
49.675374149659866
50.01755102040816
49.65823129251701
49.33074829931974
49.29299319727892
49.563673469387766
49.57891156462585
49.738027210884354
49.78598639455783
49.46251700680273
49.15292517006803
48.91721088435374
48.83142857142858
48.90897959183673
49.081360544217695
48.86387755102041
48.58823129251701
48.73619047619048
48.77510204081633
48.92061224489796
48.83938775510204
48.73204081632653
48.281768707482996
47.9987074829932
48.04646258503401
47.96802721088436
48.02142857142857
48.20333333333333
48.69204081632654
48.60530612244898
48.33482993197279
48.1912925170068
48.23761904761905
48.22673469387755
48.30197278911565
48.40210884353741
48.2330612244898
48.12591836734694
48.56326530612245
49.01047619047618
48.643741496598636
48.17748299319728
48.07163265306123
48.179251700680275
48.20829931972789
48.511224489795914
48.86238095238096
48.64925170068027
48.49578231292517
48.44884353741496
48.79945578231292
48.968435374149664
49.09435374149659
48.88979591836735
48.66734693877551
48.63387755102041
48.55646258503401
48.831496598639454
49.425646258503406
49.85088435374149
49.698843537414966
49.327551020408166
49.24272108843538
49.379047619047626
49.60721088435375
49.61013605442177
49.824625850340134
50.28353741496599
50.555578231292515
50.569931972789114
50.69598639455782
50.507823129251705
50.41319727891157
50.43000000000001
50.94816326530612
50.757346938775505
51.24197278911564
51.39034013605443
51.76925170068028
51.14414965986394
51.623673469387754
51.429047619047616
52.22183673469389
52.29333333333334
52.85755102040816
52.69108843537415
53.00829931972789
52.80809523809525
52.98659863945578
53.443129251700675
53.77755102040817
53.8191156462585
53.8987074829932
54.14414965986395
54.27755102040816
54.47102040816327
54.68802721088436
54.95319727891157
55.096394557823125
55.70571428571429
56.31693877551021
56.39795918367347
56.47517006802722
56.24727891156463
56.41278911564625
56.66013605442177
57.44340136054422
57.621768707483
57.75904761904762
58.25224489795919
58.72877551020409
58.99979591836735
58.968979591836735
59.49918367346939
59.81027210884354
59.844965986394556
60.08081632653061
60.492721088435374
60.991020408163266
60.93904761904762
60.98646258503402
60.66319727891157
60.71292517006803
60.766190476190474
61.018911564625846
61.11598639455782
61.38918367346939
61.72102040816327
61.925442176870746
61.73102040816327
61.89625850340137
62.31360544217687
62.91585034013606
62.946122448979594
63.04476190476191
63.2256462585034
63.44394557823129
63.767482993197284
64.32095238095238
64.71585034013606
64.78102040816327
65.34238095238095
65.85768707482993
66.05312925170068
66.115306122449
66.45054421768707
66.56115646258505
66.79897959183673
67.48755102040816
68.27585034013606
68.86571428571429
69.30585034013606
69.44965986394558
69.85993197278911
70.21163265306123
70.64503401360545
70.90761904761906
71.95748299319729
72.89761904761903
73.74435374149658
74.55292517006802
75.37224489795919
75.96843537414966
76.56258503401361
77.38238095238096
78.37020408163266
79.48734693877552
80.30938775510205
80.59414965986394
80.91061224489796
81.51891156462585
82.6239455782313
83.55714285714286
84.51578231292518
85.20816326530613
86.39789115646259
87.4665306122449
88.70312925170067
90.05000000000001
91.273537414966
92.73102040816327
94.30870748299321
95.8470068027211
97.41027210884354
99.09326530612245
101.01034013605444
102.44952380952382
104.4208843537415
106.30748299319728
108.59537414965988
110.73666666666668
113.16578231292516
115.38979591836734
117.64367346938776
120.0722448979592
122.06102040816327
123.77789115646259
125.4434693877551
127.24931972789115
128.4561904761905
129.63707482993198
130.7474149659864
131.40462585034015
132.1692517006803
132.74380952380955
133.37108843537416
133.88530612244898
134.70482993197277
135.74102040816325
136.33544217687074
136.89850340136053
137.0608163265306
137.67115646258503
137.96755102040817
138.5925850340136
139.12639455782312
139.58006802721087
140.07482993197277
140.8205442176871
141.43850340136055
141.9085714285714
142.0780272108844
142.49639455782312
143.06768707482996
143.9958503401361
144.17727891156466
144.47102040816327
144.9105442176871
145.39761904761906
145.4085714285714
145.51278911564629
145.67374149659864
145.83591836734695
145.91891156462586
145.73687074829934
145.31952380952382
145.05027210884356
144.85000000000002
144.43938775510205
143.84680272108844
143.32034013605443
142.71870748299324
142.30795918367346
141.83183673469387
141.45027210884354
140.87564625850342
140.17925170068028
139.37319727891156
138.64727891156463
137.58224489795919
136.35312925170066
135.3261224489796
134.45775510204084
133.06727891156464
131.69789115646262
130.2595238095238
128.82210884353742
127.3121768707483
125.77693877551022
123.93748299319728
122.02632653061225
120.35027210884354
118.50605442176871
116.59163265306123
114.51244897959185
112.21068027210885
109.57714285714286
107.34891156462587
105.23210884353742
102.8131292517007
100.30680272108845
97.95727891156463
95.58061224489796
93.08836734693878
90.49455782312926
88.38693877551022
86.13176870748299
83.63074829931973
81.10292517006803
78.83122448979591
77.06360544217686
75.03816326530611
73.84877551020409
72.37217687074829
71.11272108843536
69.28585034013605
67.57238095238095
65.74210884353741
63.94374149659864
61.908571428571435
60.00687074829933
58.52721088435374
57.139863945578234
55.42659863945576
53.77846938775508
