88.61363945578235
88.91210884353738
88.54850340136056
87.89680272108843
87.79006802721088
87.61142857142858
87.68795918367346
87.45312925170067
87.43578231292517
87.2591836734694
87.0021768707483
86.78401360544217
86.58734693877551
86.44190476190477
86.09040816326531
86.08340136054423
85.93108843537416
85.87394557823129
85.71108843537415
85.72108843537416
85.83707482993196
85.9543537414966
85.75476190476189
85.11721088435374
85.11557823129252
85.32326530612245
85.50136054421769
85.04319727891156
84.90340136054422
84.98714285714286
85.16448979591837
84.9725850340136
84.97326530612244
84.90632653061226
84.86931972789117
84.7343537414966
84.89591836734694
84.59605442176871
84.33340136054422
84.33081632653061
84.5525850340136
84.86292517006802
85.11081632653062
85.03877551020409
84.95775510204082
85.00414965986396
85.15768707482994
85.24374149659863
85.44931972789115
85.52925170068028
85.47571428571429
85.31102040816327
85.27904761904762
85.29972789115646
85.24047619047619
85.15680272108844
85.10938775510205
85.0278231292517
85.02646258503401
85.23299319727892
85.20734693877552
85.17802721088435
85.15476190476191
85.18639455782312
85.611768707483
85.81489795918367
85.90972789115645
85.75605442176871
86.19142857142859
85.94972789115647
85.61700680272108
85.25122448979593
85.25768707482993
85.1156462585034
85.35544217687075
85.44673469387757
85.31687074829932
85.20612244897958
85.43931972789116
85.58000000000001
85.43156462585034
85.35360544217687
85.32428571428571
85.33836734693877
85.28496598639455
85.41911564625852
85.29122448979592
84.99931972789116
84.8669387755102
84.95795918367347
84.73877551020408
84.58020408163264
84.52809523809523
84.57387755102042
84.43965986394558
84.21360544217688
83.93809523809524
83.98115646258503
84.09102040816327
83.87027210884354
83.61680272108843
83.38612244897959
83.57462585034014
83.68258503401361
83.93448979591838
84.17319727891157
84.3365306122449
84.19965986394557
84.35591836734694
84.85414965986394
85.43918367346939
85.33448979591837
85.96557823129253
86.34292517006804
86.51285714285714
86.228231292517
86.56278911564625
86.6861224489796
86.86517006802721
87.27047619047619
87.30891156462586
87.22272108843538
87.21047619047619
87.75210884353741
88.1034693877551
88.5334693877551
88.37448979591838
88.65340136054422
89.15700680272109
89.32197278911565
89.24802721088435
89.62857142857143
90.29619047619047
90.37306122448982
90.43020408163267
90.60231292517007
91.05721088435375
91.20040816326531
91.64897959183673
91.85469387755101
92.37925170068027
92.93551020408164
93.45210884353742
93.84047619047621
94.13802721088435
94.5491156462585
94.54421768707483
94.86401360544218
95.24462585034013
95.75884353741496
96.1961224489796
96.77285714285713
97.27925170068028
97.65972789115646
98.27231292517007
98.41503401360544
98.6491836734694
98.77306122448981
99.74551020408164
100.13285714285715
100.90034013605442
101.33639455782311
102.18551020408162
102.63360544217687
103.50292517006804
104.04680272108845
104.74673469387756
105.14326530612246
105.8621768707483
106.59238095238095
107.37163265306123
107.85673469387757
108.42340136054422
109.43217687074831
110.43993197278911
111.13380952380953
111.85421768707484
112.79054421768708
113.97823129251701
114.96707482993197
116.15163265306123
117.37714285714286
118.63714285714286
119.80823129251701
121.3539455782313
123.3391156462585
125.35163265306123
127.4639455782313
129.3100680272109
131.27612244897958
133.46585034013606
135.6544217687075
137.50108843537416
139.43625850340135
141.55319727891157
143.92857142857144
146.4586394557823
148.77496598639456
150.8404081632653
152.9247619047619
154.90489795918367
156.7599319727891
158.70789115646258
160.6512244897959
162.59163265306125
164.3710204081633
166.2604761904762
168.03061224489798
169.95149659863947
171.65482993197278
173.59659863945578
175.31292517006804
177.10299319727892
178.49775510204083
179.96986394557825
181.39816326530612
182.88639455782314
184.12414965986397
185.41904761904763
186.67285714285717
187.95836734693876
189.13537414965987
190.08401360544218
190.93197278911566
191.87659863945578
192.74571428571429
193.42891156462585
194.07176870748302
194.71455782312927
195.39238095238096
195.8813605442177
196.38598639455782
196.86979591836734
197.2925850340136
197.52346938775509
197.8061224489796
198.1000680272109
198.19414965986397
198.39666666666668
198.63646258503405
198.88380952380953
198.90612244897957
198.66530612244898
198.3651700680272
198.09183673469389
197.95442176870748
197.82306122448983
197.57319727891158
197.14816326530612
196.5687755102041
196.0513605442177
195.4625850340136
195.04217687074834
194.511768707483
193.83904761904762
193.0287755102041
192.19850340136054
191.45510204081637
190.62108843537416
189.82183673469387
188.91823129251705
187.80088435374154
186.62598639455786
185.52891156462584
184.38585034013605
183.12197278911566
182.11326530612246
181.2940136054422
180.0868707482993
178.69149659863945
177.24591836734692
175.99551020408165
174.69707482993198
173.69734693877552
172.73816326530613
171.82408163265308
170.79993197278912
169.80979591836734
168.89482993197282
167.95088435374151
167.18285714285716
166.37897959183675
165.50680272108843
164.71748299319725
164.21795918367349
163.7340136054422
162.96170068027214
162.2205442176871
161.72823129251702
161.45054421768708
161.37707482993198
161.12136054421768
160.6812244897959
160.0404081632653
159.7627210884354
159.741768707483
159.68047619047618
159.46945578231293
159.48952380952383
159.44156462585033
159.37625850340135
159.38897959183674
159.51142857142858
159.3770068027211
159.43238095238095
159.83748299319726
160.45721088435374
160.7331292517007
161.1156462585034
161.61442176870747
162.15952380952382
162.5746258503401
163.09061224489795
163.64374149659864
164.24408163265306
164.82782312925173
165.35176870748302
165.85639455782314
166.69068027210886
167.32843537414965
167.90727891156462
168.24945578231294
168.95680272108842
169.86326530612246
170.9270068027211
171.52299319727894
171.91619047619048
172.4361224489796
173.14727891156463
173.77993197278914
174.53272108843538
175.15285714285713
175.82836734693876
176.36156462585035
177.1074149659864
177.5570068027211
177.9440136054422
178.1852380952381
178.78755102040816
179.3947619047619
179.87374149659865
180.26721088435374
180.7961224489796
181.1921768707483
181.31115646258505
181.40047619047618
181.77625850340135
182.214693877551
182.43891156462587
182.6726530612245
183.07591836734696
183.31741496598642
183.45557823129252
183.5934693877551
184.04666666666668
184.35210884353742
184.44408163265305
184.35551020408167
184.76326530612246
185.21659863945578
185.56333333333336
185.82435374149662
185.9826530612245
185.92680272108845
185.92367346938778
186.20673469387754
186.48979591836735
186.62836734693877
186.79727891156463
186.96959183673468
187.12884353741498
186.94510204081632
186.96115646258505
187.06557823129253
187.23972789115646
187.30938775510202
187.39170068027212
187.56272108843538
187.63986394557827
187.78455782312926
187.80428571428573
187.9369387755102
188.0174829931973
188.20068027210885
188.2361904761905
188.1986394557823
188.14843537414967
188.1939455782313
188.05040816326527
188.0112925170068
188.11414965986395
188.13374149659865
188.09319727891156
188.03204081632654
188.09836734693877
188.03027210884358
188.03074829931973
188.03605442176874
188.2551700680272
188.30768707482994
188.21775510204083
188.04789115646258
187.83993197278912
187.64238095238096
187.51666666666665
187.42217687074827
187.24591836734695
187.26204081632653
187.22408163265305
187.094693877551
186.90578231292517
186.72775510204082
186.64680272108842
186.51959183673472
186.46129251700683
186.38285714285715
186.40952380952382
186.1818367346939
185.87727891156464
185.5212244897959
185.49020408163267
185.27238095238096
185.12476190476193
184.86197278911567
184.90986394557822
184.8178911564626
184.57673469387754
184.38136054421773
184.3004081632653
184.04108843537418
183.73578231292518
183.57707482993197
183.43904761904764
183.29721088435372
183.21659863945578
183.0109523809524
182.7170068027211
182.5130612244898
182.2360544217687
181.89503401360545
181.62938775510204
181.49836734693878
181.32394557823127
181.16693877551023
181.04666666666668
180.91557823129253
180.60809523809525
180.38442176870748
180.10789115646259
179.80496598639456
179.35102040816327
178.95421768707484
178.67829931972787
178.5687074829932
178.49503401360545
178.15795918367348
177.88387755102042
177.50700680272112
177.32231292517008
177.02054421768707
176.84333333333336
176.4121768707483
175.91496598639458
175.52020408163267
175.1926530612245
175.07673469387754
174.9114285714286
174.631768707483
174.07789115646258
173.61285714285714
173.39367346938775
173.13680272108843
172.76816326530613
172.36163265306124
171.85673469387757
171.53108843537416
171.16897959183675
170.9683673469388
170.45190476190476
170.06673469387755
169.86972789115646
169.65469387755104
169.1343537414966
168.49666666666667
168.16578231292516
167.74557823129254
167.29068027210886
166.68387755102043
166.31088435374153
165.9756462585034
165.7977551020408
165.33768707482994
164.91462585034014
164.40544217687076
163.87625850340137
163.17115646258503
162.752925170068
162.28428571428572
161.83605442176872
161.37891156462587
161.10755102040818
160.66244897959186
159.9979591836735
159.44061224489795
159.01836734693876
158.48081632653063
157.7282993197279
157.08578231292518
156.60292517006803
156.08482993197276
155.43278911564627
154.8531292517007
154.4574149659864
154.00006802721092
153.54877551020408
152.80244897959184
152.1873469387755
151.4025850340136
150.99965986394557
150.48802721088435
150.08802721088435
149.41972789115647
148.7910204081633
148.35197278911562
147.97557823129253
147.15544217687074
146.26258503401363
145.70972789115646
145.27238095238096
144.6026530612245
143.65578231292517
142.96455782312927
142.5978911564626
142.28469387755104
141.77598639455783
140.97136054421767
140.39612244897958
139.77721088435374
139.21795918367349
138.48183673469387
137.96897959183673
137.31605442176868
136.5338095238095
135.88571428571427
135.20285714285714
134.46326530612245
133.63782312925173
132.87802721088434
132.12673469387755
131.40068027210884
130.87408163265306
130.16095238095238
129.64204081632653
128.96231292517007
128.52863945578233
127.8199319727891
127.15251700680274
126.26721088435376
125.4304081632653
124.59326530612246
123.94401360544217
123.42040816326531
122.77632653061225
122.37891156462587
121.80598639455782
121.3891156462585
120.49190476190475
119.90585034013606
119.13217687074828
118.74891156462584
118.04625850340136
117.46210884353744
116.67340136054423
116.14469387755103
115.5883673469388
115.12782312925171
114.49714285714288
113.63632653061224
113.00537414965987
112.46482993197279
111.93544217687075
111.20299319727891
110.61414965986395
110.22843537414965
109.82190476190476
109.23850340136056
108.32625850340136
107.32061224489796
106.48102040816326
105.9661224489796
105.65564625850341
105.30380952380952
104.81755102040817
104.0704081632653
103.64877551020408
103.12952380952382
102.58904761904762
101.79755102040818
101.23088435374152
100.6578231292517
100.20081632653063
99.61448979591837
99.00666666666666
98.59428571428572
98.17034013605442
97.55374149659863
96.80027210884356
96.39142857142858
95.96632653061225
95.4961224489796
94.83251700680272
94.40884353741497
94.1134693877551
93.74850340136055
93.37469387755102
92.82775510204081
92.41333333333333
92.0008843537415
91.26632653061225
90.41523809523811
90.12006802721089
89.73884353741497
89.3522448979592
88.59925170068027
88.19231292517009
87.21605442176872
86.68360544217687
86.23204081632653
86.09176870748298
85.47727891156464
84.78421768707483
84.1474149659864
83.67938775510204
83.21013605442177
83.0047619047619
82.71095238095239
82.29836734693878
81.73285714285714
81.38619047619048
80.67544217687075
80.00789115646259
79.69993197278913
79.46374149659864
79.02081632653062
78.43523809523809
77.94585034013605
77.49455782312926
76.96931972789116
76.46741496598639
75.68367346938776
75.46251700680273
74.89435374149662
74.66122448979593
74.23115646258503
74.13122448979593
73.28938775510204
72.84578231292518
72.34496598639456
72.22081632653062
71.70897959183674
71.53278911564625
70.9687755102041
70.5348299319728
69.99197278911565
69.76278911564627
69.26068027210886
69.00367346938776
68.77421768707484
68.52700680272109
68.10795918367347
67.43809523809524
66.9895238095238
66.78986394557822
66.59278911564627
65.98986394557824
65.3773469387755
65.14061224489797
64.85775510204081
64.74442176870748
64.22734693877551
63.86938775510204
63.404557823129245
63.10272108843537
62.71224489795918
62.38829931972789
62.373333333333335
62.183061224489805
62.05510204081633
61.68816326530612
61.22857142857143
60.82448979591837
60.50619047619048
60.193333333333335
59.88285714285714
59.975782312925176
59.52979591836735
59.104897959183674
58.88632653061225
58.90843537414966
58.36891156462585
58.249047619047616
57.935170068027205
57.51775510204082
57.1943537414966
57.13680272108844
56.841836734693885
56.53163265306123
56.48231292517007
56.436938775510214
56.356938775510216
56.14108843537416
55.75054421768708
55.30591836734694
55.20285714285715
55.20823129251701
55.190340136054424
54.76326530612245
54.50360544217687
54.47687074829932
54.23013605442176
54.16340136054422
53.79272108843538
53.575102040816326
53.08625850340136
53.136326530612244
53.01013605442177
52.6974149659864
52.61687074829932
52.598503401360546
52.62544217687075
52.370952380952374
52.15326530612245
51.839795918367344
51.54292517006804
51.566258503401365
51.557551020408155
51.37979591836735
51.21938775510204
51.24163265306123
51.27353741496599
50.870816326530615
50.54047619047619
50.18823129251702
50.25938775510204
50.307687074829936
50.441156462585035
49.97952380952381
50.248979591836736
50.210680272108846
50.55251700680273
50.41258503401361
50.555034013605436
50.12027210884354
49.90510204081633
49.86
49.72081632653062
49.309115646258505
48.98224489795918
48.90156462585034
48.909387755102046
48.89904761904762
48.970884353741496
48.92775510204082
48.72408163265306
48.69897959183673
48.58884353741497
48.62224489795919
48.629047619047626
48.75809523809524
48.353265306122445
47.97938775510204
47.717823129251705
47.902857142857144
47.796938775510206
47.68272108843538
47.666938775510204
47.62455782312925
47.356734693877556
47.298571428571435
47.401292517006794
47.392176870748294
47.12972789115646
47.185306122448985
47.347414965986395
47.774897959183676
47.51761904761905
47.16863945578231
46.85823129251701
47.254965986394566
47.25687074829932
47.561020408163266
47.241292517006805
47.17455782312925
47.09346938775511
47.499251700680276
47.334149659863954
47.06040816326531
46.75047619047619
46.63482993197279
46.96340136054422
46.96850340136055
46.85809523809524
46.57605442176871
46.76673469387755
46.92251700680273
47.252925170068025
47.116666666666674
46.920476190476194
46.7860544217687
46.79265306122449
46.75666666666667
46.804149659863945
46.976462585034014
47.19183673469388
47.25108843537415
47.114829931972785
46.99034013605442
47.11068027210885
47.15659863945579
47.041768707482994
46.83537414965987
46.78517006802721
47.05748299319728
47.18945578231293
47.41034013605443
47.639931972789114
47.65809523809524
47.539523809523814
47.617278911564625
47.59258503401361
47.26816326530612
47.508979591836734
48.013673469387754
48.02102040816326
47.97095238095238
48.23700680272109
48.53727891156463
48.58013605442177
48.46061224489796
48.64251700680272
48.74857142857143
48.93353741496598
49.20469387755102
49.60224489795918
49.7243537414966
49.29748299319728
49.488299319727886
49.91013605442177
50.45938775510204
50.6004081632653
50.81795918367347
50.9161224489796
51.03578231292517
51.39510204081633
51.65122448979592
51.918503401360546
51.87557823129252
52.31115646258503
52.22265306122449
52.40081632653061
52.43884353741496
52.80482993197279
52.955170068027215
52.61911564625851
52.63176870748299
53.03605442176871
53.61755102040816
53.52755102040816
53.19795918367347
53.28
53.06319727891156
52.88680272108843
52.84904761904762
53.30931972789116
53.56414965986395
53.52775510204083
53.8674149659864
54.19299319727891
54.392380952380954
54.322925170068025
54.44489795918367
54.520204081632656
54.742585034013615
54.898707482993196
54.68918367346939
54.71768707482993
55.22020408163266
55.67782312925169
55.38503401360544
55.30183673469387
55.40272108843537
55.620612244897956
55.44904761904762
55.341768707483
55.45428571428571
55.86170068027211
56.13782312925171
56.099319727891164
56.088095238095235
56.16632653061225
56.221768707482994
56.30863945578231
56.4029931972789
56.79979591836735
56.96047619047619
57.114829931972785
57.050272108843544
57.09755102040817
56.95489795918367
57.05673469387755
57.09693877551021
57.276394557823124
57.319319727891155
57.6852380952381
57.70299319727891
57.95829931972789
57.839455782312925
58.008843537414975
57.724489795918366
57.851360544217684
58.22965986394557
58.322380952380946
58.21340136054422
58.320544217687086
58.64020408163266
58.38020408163266
58.28496598639456
58.28299319727892
58.268027210884355
58.18816326530612
58.045034013605445
57.712448979591834
57.45482993197279
57.61931972789116
57.66122448979592
57.38319727891157
57.18632653061225
57.23183673469388
57.055510204081635
56.625782312925175
56.62714285714286
56.57904761904763
56.47482993197279
56.291972789115654
56.346666666666664
55.91673469387755
55.731088435374154
55.45272108843538
55.44068027210885
55.26551020408163
55.16530612244898
54.66013605442177
54.51727891156463
54.72986394557824
54.77346938775511
54.509591836734685
54.63183673469388
54.516598639455786
54.24353741496599
53.43591836734694
53.55353741496599
53.623061224489796
53.89795918367347
53.363197278911564
52.931768707483
52.43938775510204
52.48578231292517
52.410884353741494
52.14945578231293
52.124693877551024
52.228299319727896
52.04517006802721
51.74993197278911
51.66006802721089
51.67904761904762
51.15027210884353
51.09578231292518
51.2856462585034
51.593809523809526
51.05448979591837
50.71877551020408
50.44755102040816
50.519455782312924
50.33823129251701
50.34
50.031768707482996
50.17904761904762
49.70006802721089
49.6156462585034
49.306734693877544
49.675918367346945
49.589115646258506
49.948503401360554
49.6556462585034
49.6430612244898
49.27721088435374
49.4052380952381
49.37353741496599
49.396462585034016
49.30748299319728
49.16278911564626
49.03972789115647
48.89836734693878
48.965102040816326
48.80176870748299
48.50224489795919
48.48884353741497
48.7152380952381
48.91163265306123
48.49918367346939
48.30149659863946
48.17530612244899
48.46904761904762
48.68925170068028
48.807414965986396
48.54687074829932
48.15210884353742
48.41156462585034
48.76489795918367
48.81469387755102
48.46394557823129
48.29333333333334
48.338367346938774
48.44891156462585
48.58170068027211
48.400340136054425
48.37210884353741
48.569863945578234
48.72829931972789
48.4191836734694
48.6591156462585
49.0456462585034
49.223877551020415
48.98782312925171
49.0156462585034
49.13095238095238
49.268367346938774
49.21850340136055
49.270204081632656
49.478707482993194
49.555850340136054
49.29598639455782
49.19204081632653
49.410204081632656
49.561904761904756
49.63278911564626
49.36061224489796
49.5874149659864
50.07142857142858
50.21095238095238
49.965714285714284
49.95387755102041
50.24190476190476
50.53170068027211
50.7704081632653
50.856734693877556
50.77537414965987
50.79197278911565
50.803605442176874
50.99034013605442
51.34761904761905
51.2765306122449
51.56312925170068
51.69986394557823
51.74585034013606
51.68965986394558
52.015510204081636
52.395918367346944
52.45034013605442
52.437687074829924
52.82238095238095
53.062108843537416
53.237755102040815
53.14659863945579
53.671292517006805
54.17231292517007
54.49251700680272
54.3608843537415
54.269387755102045
54.580408163265304
54.866734693877554
54.98360544217688
55.21646258503401
55.43217687074829
55.68034013605442
56.00700680272109
56.605374149659866
56.935034013605446
57.043877551020415
57.03809523809524
57.361768707483
57.40517006802721
57.49115646258503
57.91278911564626
58.48176870748299
58.4895918367347
58.76571428571428
59.3160544217687
59.89285714285714
60.14319727891157
60.53517006802721
60.585782312925176
60.68850340136055
60.59938775510204
61.023877551020405
61.041496598639455
61.065238095238094
60.91619047619048
61.19639455782313
61.48680272108843
61.748775510204084
61.8674149659864
61.87877551020408
62.062448979591835
62.54517006802721
62.79945578231293
63.280884353741506
63.32755102040816
63.65789115646259
63.7191156462585
64.12197278911565
64.03789115646259
64.45142857142858
64.42068027210884
65.08428571428573
65.38768707482993
65.8930612244898
65.79469387755103
66.03802721088435
66.52149659863946
66.91068027210883
67.42421768707483
67.47333333333333
67.9143537414966
68.3225850340136
69.06190476190477
69.56340136054422
69.81714285714285
70.3234693877551
70.7552380952381
71.17768707482993
71.62537414965988
72.23319727891156
72.87700680272108
73.52775510204081
74.47571428571429
75.30448979591836
76.05401360544218
76.65863945578232
77.67748299319729
78.65095238095239
79.43503401360545
79.96285714285715
80.37891156462585
80.82721088435375
81.76530612244898
83.1434693877551
83.92761904761905
84.5069387755102
85.34673469387755
86.41142857142857
87.71503401360545
89.12367346938777
90.55183673469388
91.43340136054422
92.69680272108843
94.31639455782314
95.89734693877551
97.40122448979592
98.95707482993197
100.66585034013606
102.36346938775512
104.43489795918367
106.67619047619048
109.24183673469388
111.38986394557824
113.51823129251702
115.16897959183673
117.50632653061226
119.92959183673472
122.43748299319729
124.09680272108844
125.59149659863947
126.95251700680271
128.17938775510206
129.33136054421766
130.4591836734694
131.31612244897957
132.17646258503402
132.85809523809525
133.6374149659864
134.30292517006802
135.1805442176871
135.74959183673468
136.3526530612245
136.656462585034
136.94251700680272
137.55435374149658
138.25707482993198
138.8660544217687
138.9634013605442
139.50496598639455
140.22707482993198
141.15931972789116
141.68619047619046
142.29714285714286
142.86285714285714
143.40938775510205
143.82442176870748
144.45727891156463
144.7652380952381
145.2487755102041
145.60149659863947
146.29006802721088
146.493537414966
146.65102040816325
146.6299319727891
146.7412925170068
146.5612925170068
146.28387755102042
145.93959183673468
145.73680272108845
145.58292517006805
145.1981632653061
144.43517006802722
143.73068027210883
143.21367346938777
142.8931972789116
142.49
142.08108843537414
141.63721088435372
141.19197278911565
140.3974149659864
139.33136054421772
138.11993197278915
137.06142857142856
135.9756462585034
134.81755102040816
133.4798639455782
132.20571428571427
130.92462585034014
129.32802721088436
127.7934693877551
126.18897959183676
124.79646258503402
122.90741496598639
120.88353741496599
118.76374149659864
116.78047619047621
114.46612244897959
112.15761904761905
109.82585034013606
107.64945578231293
105.61795918367346
103.5191836734694
101.23619047619047
98.79727891156463
96.20387755102041
93.31673469387755
90.98095238095237
88.77047619047619
86.06476190476191
83.03020408163266
80.88455782312926
79.11891156462585
77.34884353741498
75.22734693877553
73.71639455782312
72.32823129251702
71.08210884353743
69.24625850340135
67.54931972789117
65.73374149659864
64.05986394557823
62.112517006802726
60.52891156462585
58.75244897959183
57.17979591836735
55.4110884353741
53.41210884353734
