118.3673129251701
118.53074829931971
118.61102040816327
118.52870748299321
118.57687074829931
118.56544217687075
118.52455782312926
118.22537414965987
118.16054421768709
118.2225850340136
118.31850340136056
118.05945578231292
117.78666666666668
117.62387755102041
117.53122448979593
117.36646258503403
117.1652380952381
117.13448979591837
117.16095238095238
117.27646258503403
117.1239455782313
116.92904761904764
116.5765986394558
116.46401360544219
116.51006802721088
116.72061224489795
116.7648299319728
116.79523809523809
116.6521768707483
116.42578231292516
116.21782312925168
116.22469387755103
116.19625850340137
116.02013605442177
115.81163265306122
115.66761904761907
115.4752380952381
115.24197278911565
115.13625850340136
115.15673469387755
115.36469387755102
115.68843537414968
115.81149659863945
115.70074829931971
115.61000000000001
115.56986394557825
115.45748299319729
115.45904761904762
115.40931972789116
115.41034013605443
115.25034013605443
115.1395918367347
115.01639455782313
115.04421768707485
115.0465986394558
115.16462585034014
115.23510204081634
115.30843537414967
115.33102040816328
115.3912925170068
115.31367346938775
115.37115646258505
115.34421768707483
115.38448979591837
115.41360544217687
115.52244897959184
115.49768707482994
115.48251700680272
115.52863945578233
115.56326530612246
115.34578231292518
115.03911564625851
114.92374149659864
115.11884353741497
115.50591836734694
115.89414965986396
115.93897959183674
115.83333333333333
115.7034693877551
115.61993197278912
115.3887074829932
115.25564625850339
115.01925170068027
114.91102040816327
114.99027210884354
115.07884353741497
115.01517006802723
114.96326530612245
115.02156462585035
114.97938775510204
114.94210884353741
115.101768707483
115.12455782312927
114.99945578231292
114.89877551020408
115.03367346938775
114.85319727891155
114.50183673469388
114.32863945578231
114.56693877551021
114.70510204081633
114.64639455782313
114.57646258503401
114.74925170068028
114.93421768707483
115.00687074829932
115.02292517006804
115.25319727891156
115.50938775510205
115.7878231292517
116.00027210884355
116.26319727891155
116.40598639455783
116.48510204081633
116.30122448979594
116.1
116.13789115646259
116.43081632653062
116.55360544217686
116.69414965986394
116.99462585034016
117.50537414965987
117.89020408163265
118.05714285714285
118.01578231292517
118.0661224489796
118.23557823129252
118.20040816326531
118.12700680272108
118.22442176870749
118.44108843537416
118.52775510204083
118.73795918367347
119.00863945578232
119.22700680272109
119.44503401360545
119.65605442176872
119.88136054421769
120.07537414965986
120.27965986394558
120.43000000000002
120.71537414965987
120.80965986394557
120.78721088435374
120.74680272108844
120.81979591836735
120.88816326530613
121.22605442176871
121.70571428571428
122.21394557823129
122.6556462585034
122.94768707482993
123.09993197278912
123.29435374149661
123.55986394557824
123.7108843537415
123.8
123.90530612244899
124.03142857142858
124.15870748299318
124.23591836734695
124.33687074829932
124.62136054421771
125.01462585034015
125.38163265306123
125.72619047619048
126.21054421768709
126.72122448979592
127.14748299319727
127.46816326530613
127.8369387755102
128.19387755102042
128.6653741496599
129.02224489795918
129.25891156462586
129.30666666666667
129.60979591836735
130.14523809523808
130.7699319727891
131.3536734693878
131.9600680272109
132.7731972789116
133.51605442176873
134.2653741496599
134.92802721088435
135.70891156462585
136.51102040816326
137.43755102040816
138.5223129251701
139.7644897959184
141.133537414966
142.45095238095237
143.6690476190476
144.91721088435372
146.36319727891157
147.68537414965988
149.01122448979592
150.41795918367347
151.86027210884356
153.30374149659863
154.94666666666666
156.68414965986395
158.24333333333334
159.73238095238096
161.0717006802721
162.31333333333333
163.52993197278914
164.7118367346939
165.74836734693878
166.8321088435374
167.9329931972789
169.00591836734694
169.8961224489796
170.75217687074831
171.45945578231294
172.18884353741498
172.98020408163265
173.9021088435374
174.6042857142857
175.2452380952381
175.8862585034014
176.59068027210884
177.111768707483
177.55585034013606
177.93
178.3687755102041
178.82006802721088
179.2182993197279
179.41408163265308
179.5838775510204
179.75034013605443
180.04625850340136
180.2656462585034
180.50027210884355
180.556462585034
180.63666666666666
180.66095238095238
180.75734693877553
180.7140136054422
180.70183673469387
180.76435374149662
180.71482993197282
180.53163265306125
180.34251700680272
180.23102040816326
180.01775510204084
179.78074829931973
179.61455782312925
179.4204761904762
179.2447619047619
179.01333333333332
178.83367346938775
178.5469387755102
178.24156462585034
177.98870748299322
177.67503401360545
177.42598639455784
177.17380952380955
176.94551020408164
176.61088435374148
176.31251700680272
175.9778231292517
175.65122448979594
175.3682993197279
175.05102040816325
174.66204081632654
174.30931972789116
174.01285714285717
173.62068027210887
173.22591836734694
172.8948299319728
172.45278911564625
171.95884353741496
171.4670068027211
171.12727891156464
170.60823129251702
170.11061224489794
169.57108843537418
169.16823129251702
168.70591836734695
168.40863945578232
168.10625850340136
167.7690476190476
167.39979591836737
167.15115646258505
166.97625850340137
166.8627210884354
166.90074829931973
167.00564625850342
167.03931972789115
166.9856462585034
167.02442176870747
167.20700680272108
167.36795918367346
167.43755102040816
167.62435374149658
167.81190476190477
168.18414965986395
168.6159863945578
169.09374149659865
169.43761904761908
169.79285714285714
170.12319727891156
170.50605442176868
170.91748299319727
171.35768707482993
171.82006802721088
172.25598639455782
172.71727891156462
173.3296598639456
173.97877551020412
174.50210884353743
175.0066666666667
175.5672789115646
176.1875510204082
176.77136054421769
177.3160544217687
177.92272108843537
178.56204081632652
179.0390476190476
179.52340136054423
180.0499319727891
180.463537414966
180.8775510204082
181.2651700680272
181.70727891156463
182.1174149659864
182.55115646258506
182.77156462585035
183.05857142857144
183.48408163265307
183.88816326530613
184.21551020408162
184.55340136054423
184.86904761904765
185.16095238095238
185.37333333333333
185.56850340136054
185.75061224489795
186.06639455782312
186.36238095238093
186.56503401360547
186.8378911564626
187.13761904761907
187.24823129251703
187.28374149659865
187.37204081632655
187.59673469387755
187.7773469387755
187.94850340136054
187.96680272108844
188.0366666666667
188.18074829931973
188.3425850340136
188.392925170068
188.3862585034014
188.42795918367347
188.54646258503402
188.69149659863945
188.7756462585034
188.79204081632656
188.75448979591837
188.7652380952381
188.76986394557824
188.75680272108843
188.7744217687075
188.79755102040818
188.8700680272109
188.93197278911566
188.99727891156462
189.0070068027211
188.9787755102041
188.95761904761906
188.92353741496598
188.949387755102
188.9070068027211
188.9451700680272
189.02224489795918
189.07238095238097
189.02448979591836
189.03993197278913
189.10394557823128
189.14278911564628
189.17857142857142
189.11292517006802
189.00278911564627
188.97095238095238
189.0052380952381
188.93850340136055
188.89666666666665
188.925306122449
188.99666666666667
188.94585034013608
188.8357142857143
188.62517006802722
188.53374149659865
188.46659863945575
188.41585034013605
188.3812925170068
188.44149659863947
188.46761904761905
188.30802721088435
188.1830612244898
188.12639455782315
188.06312925170067
187.89782312925172
187.7965306122449
187.69721088435375
187.58074829931974
187.4761224489796
187.3892517006803
187.3304081632653
187.26197278911567
187.218231292517
187.15585034013606
187.11204081632656
186.92360544217684
186.68013605442178
186.51823129251702
186.4904081632653
186.38993197278913
186.21197278911563
186.08251700680273
186.05972789115646
185.99721088435376
185.77210884353744
185.6025170068027
185.5165306122449
185.45068027210885
185.29993197278912
185.11755102040814
184.87367346938777
184.69925170068026
184.6105442176871
184.50387755102042
184.31768707482993
184.12673469387755
183.9323129251701
183.80544217687074
183.68278911564627
183.42993197278912
183.1486394557823
182.95414965986396
182.88197278911565
182.66721088435375
182.46027210884355
182.25020408163266
182.1
181.8195238095238
181.60904761904763
181.43938775510205
181.25095238095238
181.01462585034014
180.76353741496598
180.44088435374152
180.0796598639456
179.9140136054422
179.85544217687075
179.72727891156464
179.38714285714286
179.01496598639457
178.65129251700682
178.36027210884353
178.12891156462584
177.8722448979592
177.52027210884356
177.18979591836734
176.93897959183676
176.60544217687075
176.26238095238097
175.86312925170068
175.5197278911565
175.15238095238095
174.84986394557825
174.5226530612245
174.22244897959183
173.86863945578233
173.52115646258505
173.25238095238097
172.88081632653063
172.5034693877551
172.10945578231292
171.7301360544218
171.29
171.04204081632653
170.7995918367347
170.5338775510204
170.09802721088437
169.81952380952382
169.47843537414968
169.18074829931976
168.83639455782316
168.57197278911565
168.28285714285715
167.90829931972792
167.54503401360546
167.02081632653062
166.69197278911562
166.38251700680274
166.04537414965986
165.54918367346937
165.12530612244896
164.76068027210886
164.50931972789115
164.29231292517008
163.95210884353742
163.588231292517
163.2871428571429
162.94734693877552
162.54204081632653
162.19802721088436
161.82210884353742
161.46054421768707
161.05666666666667
160.68142857142857
160.29278911564626
160.0074149659864
159.6129931972789
159.13
158.74251700680273
158.40891156462584
158.02455782312924
157.53544217687076
157.1751700680272
156.8061904761905
156.3630612244898
155.87333333333333
155.4530612244898
155.03380952380954
154.566462585034
154.1187074829932
153.70401360544219
153.3240136054422
152.84591836734694
152.33836734693878
151.82591836734696
151.3769387755102
150.81258503401364
150.19149659863947
149.5957142857143
149.1365986394558
148.6148299319728
148.0787074829932
147.51190476190476
146.9412244897959
146.303537414966
145.70884353741496
145.0882993197279
144.44312925170067
143.76891156462585
143.12707482993196
142.37102040816325
141.7278911564626
141.0887074829932
140.34149659863948
139.5779591836735
138.88639455782314
138.1229931972789
137.29244897959185
136.58993197278912
135.94013605442177
135.18068027210882
134.38850340136054
133.5712925170068
132.77625850340138
132.0665306122449
131.46877551020407
130.88891156462586
130.32231292517005
129.72244897959183
129.13775510204084
128.57190476190476
128.21578231292517
127.78013605442177
127.23258503401362
126.76578231292518
126.54700680272109
126.26462585034014
125.99639455782314
125.80619047619048
125.6474149659864
125.39244897959183
125.11299319727893
124.86489795918368
124.6934693877551
124.5804761904762
124.36537414965987
124.06537414965987
123.88965986394558
123.72605442176871
123.48585034013605
123.25809523809524
123.0847619047619
122.83469387755102
122.50380952380952
122.24918367346939
121.9870068027211
121.61163265306124
121.31224489795919
121.03897959183672
120.72163265306122
120.27312925170068
120.01149659863947
119.65020408163267
119.28714285714287
118.87809523809526
118.40340136054424
117.82054421768706
117.41061224489796
117.16190476190478
116.84380952380953
116.43081632653063
115.96918367346939
115.54387755102042
115.22707482993198
114.833537414966
114.29380952380953
113.75517006802721
113.33755102040817
112.95163265306121
112.48619047619047
112.08027210884354
111.66591836734693
111.25428571428573
110.76476190476191
110.37863945578232
109.99448979591837
109.62442176870748
109.20489795918368
108.71517006802722
108.23224489795919
107.75823129251702
107.29448979591838
106.85353741496598
106.48455782312926
106.08965986394558
105.60925170068029
105.22272108843538
104.91653061224488
104.47897959183673
103.94809523809523
103.3908843537415
103.0404761904762
102.65952380952382
102.31986394557822
101.76319727891158
101.16292517006804
100.72999999999999
100.33074829931974
99.84068027210886
99.19367346938775
98.78503401360544
98.37993197278911
97.97843537414967
97.5565306122449
97.25000000000001
96.96340136054422
96.5
96.17673469387756
95.79163265306124
95.47224489795919
94.96891156462586
94.6143537414966
94.19666666666669
93.90741496598639
93.55183673469388
93.14387755102041
92.71034013605443
92.35040816326531
92.00938775510205
91.62034013605444
91.30244897959184
90.88945578231294
90.40931972789117
89.843537414966
89.39659863945579
88.93945578231293
88.53945578231293
88.23768707482994
88.00727891156464
87.59673469387755
87.03428571428572
86.53721088435375
86.22170068027211
85.96809523809523
85.65571428571428
85.3548299319728
85.00244897959183
84.68850340136055
84.27353741496597
83.98870748299319
83.54095238095238
83.08387755102041
82.65360544217688
82.4961224489796
82.17285714285714
81.76673469387755
81.50122448979592
81.29013605442177
80.92761904761906
80.5426530612245
80.21925170068027
80.05517006802722
79.80816326530612
79.52707482993196
78.96904761904761
78.60843537414965
78.23918367346938
77.8595918367347
77.47850340136054
77.35714285714286
77.27482993197279
77.06054421768708
76.77469387755103
76.56326530612245
76.45013605442178
76.30013605442177
76.01503401360544
75.74170068027212
75.50517006802723
75.17034013605442
74.85680272108843
74.5178231292517
74.25319727891157
73.97510204081632
73.84380952380954
73.6370068027211
73.28156462585034
72.9486394557823
72.5612925170068
72.29632653061225
72.11591836734695
72.06931972789116
71.91544217687076
71.58972789115646
71.33931972789115
71.02952380952382
70.86380952380952
70.62074829931973
70.38843537414965
70.03408163265306
69.97326530612246
69.8955782312925
69.75517006802721
69.55238095238096
69.38952380952381
69.12414965986395
68.9326530612245
68.84816326530614
68.72299319727892
68.35625850340136
68.04462585034014
67.77462585034014
67.68510204081632
67.5422448979592
67.44374149659863
67.32027210884354
67.14891156462585
66.97659863945577
66.8270068027211
66.75857142857143
66.66367346938776
66.51809523809524
66.39122448979592
66.23639455782313
66.04571428571428
65.79129251700681
65.51687074829934
65.33380952380953
65.12
64.90768707482994
64.7426530612245
64.69108843537416
64.71462585034013
64.63544217687075
64.49639455782312
64.33578231292518
64.22734693877551
64.1448299319728
64.01775510204082
63.98510204081633
63.85115646258504
63.75850340136054
63.66204081632654
63.595986394557826
63.4982993197279
63.44619047619048
63.534625850340134
63.5234693877551
63.36047619047619
63.05918367346939
62.894217687074836
62.755034013605446
62.62462585034014
62.59272108843537
62.66476190476191
62.744353741496596
62.708503401360545
62.75598639455782
62.79455782312925
62.699183673469385
62.47380952380953
62.39489795918367
62.44380952380952
62.36333333333333
62.06687074829932
61.902517006802725
61.93557823129252
61.99829931972789
61.80122448979592
61.74843537414965
61.826802721088434
61.96047619047619
62.015918367346934
61.950544217687074
61.853129251700686
61.70673469387755
61.6804761904762
61.73108843537415
61.73925170068027
61.6591156462585
61.54108843537415
61.66326530612245
61.794013605442174
61.836734693877546
61.80931972789116
61.81
61.8143537414966
61.79258503401361
61.768571428571434
61.795850340136056
61.91965986394558
62.08646258503401
62.084489795918365
61.956598639455784
61.97292517006803
62.16231292517007
62.379387755102044
62.48843537414966
62.60095238095238
62.710476190476186
62.77612244897959
62.837755102040816
62.982244897959184
63.12095238095238
63.20857142857143
63.27013605442177
63.469251700680275
63.731632653061226
63.96721088435375
64.11285714285714
64.23775510204082
64.39013605442177
64.49673469387756
64.56816326530611
64.70727891156463
64.97972789115644
65.23034013605442
65.32884353741497
65.40680272108844
65.64666666666666
65.96108843537415
66.12714285714286
66.21360544217687
66.33952380952381
66.45115646258503
66.53687074829932
66.6987074829932
66.89367346938775
67.0704761904762
67.24816326530612
67.40619047619047
67.48163265306123
67.63190476190476
67.76734693877552
67.98931972789114
68.13401360544216
68.37619047619047
68.656462585034
68.92360544217688
69.01938775510204
69.11108843537416
69.24557823129253
69.28068027210884
69.25972789115647
69.34625850340137
69.55122448979593
69.77278911564626
69.84489795918367
69.97721088435374
70.03414965986394
70.09414965986394
70.10448979591837
70.20401360544217
70.11442176870749
70.18272108843537
70.31251700680272
70.45469387755102
70.42380952380954
70.52632653061224
70.58891156462585
70.63918367346938
70.65693877551021
70.59
70.56374149659864
70.61843537414966
70.59680272108844
70.47326530612244
70.47020408163266
70.63224489795918
70.61945578231293
70.64952380952381
70.61537414965987
70.64278911564625
70.6104081632653
70.65367346938775
70.53816326530614
70.48299319727892
70.56074829931974
70.63054421768706
70.63897959183673
70.54333333333334
70.36054421768708
70.21469387755103
70.22278911564625
70.18891156462587
69.98986394557824
70.0104761904762
70.12095238095239
69.91149659863946
69.7465306122449
69.55251700680272
69.5230612244898
69.2730612244898
69.22768707482993
69.03292517006801
69.03993197278912
69.03353741496599
68.92251700680272
68.67986394557823
68.57986394557824
68.395306122449
68.12455782312925
67.9869387755102
67.98333333333332
67.85455782312926
67.72843537414965
67.70503401360544
67.51625850340136
67.23857142857143
67.0952380952381
67.09551020408162
67.16326530612244
67.1022448979592
66.98299319727892
66.76061224489797
66.67299319727891
66.57564625850341
66.67571428571429
66.65238095238095
66.6052380952381
66.4008843537415
66.14095238095237
65.73027210884354
65.55993197278912
65.55544217687074
65.58061224489796
65.57095238095238
65.48768707482994
65.31244897959184
65.09945578231293
64.98115646258503
64.89190476190475
64.85401360544218
64.66265306122449
64.40074829931973
64.2274829931973
64.2225850340136
64.14
63.97170068027211
63.80891156462585
63.682040816326534
63.675646258503406
63.560204081632655
63.412176870748304
63.19965986394558
62.982244897959184
62.7747619047619
62.64904761904762
62.57428571428571
62.4778231292517
62.29489795918368
62.20537414965987
62.21687074829932
62.22040816326531
61.99333333333334
61.780204081632654
61.6252380952381
61.364693877551026
61.112312925170066
60.899523809523814
60.84925170068027
60.76353741496598
60.674285714285716
60.54687074829932
60.35244897959184
60.191428571428574
60.030952380952385
60.030680272108846
60.02142857142857
60.16571428571429
60.202653061224495
60.042517006802726
59.83176870748299
59.70585034013605
59.797210884353746
59.85054421768708
59.918775510204085
59.73176870748299
59.67170068027211
59.66482993197279
59.68108843537416
59.52421768707483
59.52448979591838
59.590884353741494
59.57367346938776
59.50156462585034
59.599931972789115
59.708231292517006
59.770884353741494
59.82299319727891
59.86972789115646
59.73775510204082
59.763945578231294
59.92693877551021
60.10034013605443
60.12095238095238
60.22170068027211
60.386258503401365
60.41
60.369455782312926
60.44891156462585
60.56455782312925
60.52278911564626
60.43571428571428
60.52659863945579
60.65659863945579
60.81428571428572
60.910884353741494
60.97795918367348
61.01741496598639
61.207619047619055
61.5012925170068
61.75823129251701
61.90775510204082
62.005578231292525
62.21585034013606
62.38619047619048
62.50136054421769
62.59251700680272
62.78367346938776
62.97891156462585
63.20340136054423
63.401428571428575
63.66013605442177
63.87884353741497
64.16265306122449
64.41020408163266
64.82374149659864
65.10442176870748
65.29775510204082
65.34816326530613
65.57680272108844
65.87551020408164
66.22972789115647
66.64877551020409
66.92312925170069
67.16863945578231
67.31843537414966
67.74455782312926
68.1529931972789
68.59809523809525
68.76884353741498
68.8560544217687
69.04911564625851
69.35448979591837
69.75183673469388
70.0751700680272
70.3309523809524
70.47095238095238
70.75387755102041
71.10183673469388
71.31836734693877
71.54421768707483
71.9234693877551
72.28979591836735
72.50401360544218
72.8178911564626
73.31469387755102
73.56925170068028
73.7530612244898
74.13517006802722
74.69836734693878
75.03170068027211
75.31224489795918
75.67272108843538
75.98054421768708
76.32455782312925
76.80312925170068
77.28312925170067
77.57374149659864
77.79442176870748
78.05537414965987
78.38034013605443
78.68619047619048
78.80340136054421
78.9139455782313
79.16190476190476
79.35551020408163
79.59972789115645
79.85993197278913
79.99632653061225
80.04040816326531
80.3591156462585
80.80802721088436
81.13442176870748
81.45761904761905
81.72333333333333
82.01142857142858
82.24523809523811
82.47884353741497
82.71727891156462
82.93544217687075
83.21360544217688
83.41034013605443
83.66863945578231
83.81231292517006
84.02578231292517
84.30299319727891
84.56680272108844
84.75659863945579
85.05006802721088
85.44360544217687
85.76891156462585
85.89353741496598
86.09721088435374
86.26217687074829
86.59047619047621
86.96346938775511
87.42673469387755
87.88673469387754
88.1455782312925
88.32625850340136
88.52204081632652
89.0225850340136
89.5047619047619
89.94761904761904
90.27850340136055
90.61489795918368
90.9813605442177
91.3282993197279
91.87816326530611
92.51843537414967
93.19517006802721
93.70374149659864
94.15285714285714
94.78959183673469
95.62095238095239
96.55428571428573
97.38462585034014
98.28857142857143
99.3721088435374
100.6474149659864
101.92666666666665
103.28102040816327
104.8026530612245
106.26891156462585
107.60877551020408
109.10047619047619
110.72489795918368
112.3573469387755
113.88333333333334
115.26272108843537
116.3443537414966
117.0382993197279
117.50761904761904
117.745306122449
117.92836734693877
117.9578911564626
118.12156462585034
118.34115646258505
118.56421768707484
118.68469387755101
118.77993197278913
118.83401360544218
118.76884353741498
118.82979591836735
119.0491836734694
119.30646258503401
119.33836734693877
119.43408163265306
119.53333333333332
119.65755102040818
119.56721088435376
119.46986394557824
119.32006802721088
119.29925170068027
119.4339455782313
119.60945578231293
119.51625850340136
119.28612244897958
119.21204081632652
119.30156462585035
119.40469387755103
119.53238095238095
119.53802721088437
119.56482993197281
119.61646258503401
119.58843537414967
119.35462585034014
118.86571428571428
118.19428571428571
117.25496598639457
116.31843537414966
115.51401360544217
114.64115646258503
113.75578231292519
112.9634693877551
112.35408163265306
111.3352380952381
110.11142857142856
108.7491836734694
107.25755102040816
105.35448979591837
103.31489795918367
101.38306122448981
99.72816326530614
98.14455782312925
96.5169387755102
94.78884353741496
93.24761904761905
91.82693877551021
90.51401360544219
89.22380952380952
87.93829931972789
86.51503401360546
85.08673469387756
83.80408163265307
82.66721088435374
81.26006802721088
79.73510204081633
78.35809523809525
77.38510204081632
76.06503401360544
74.69659863945577
73.50748299319729
72.64904761904762
71.59197278911564
70.36442176870747
69.1051700680272
67.9295238095238
66.98938775510204
65.96047619047619
65.05068027210885
64.07462585034014
63.149523809523814
62.325714285714284
61.90544217687075
61.79408163265306
61.330612244897964
60.60292517006803
59.78476190476191
59.134081632653064
58.224217687074834
57.046462585034014
55.68925170068027
54.30394557823129
52.84013605442177
51.26292517006798
49.674149659863886
