113.38061224489799
113.56802721088434
113.3670068027211
113.11278911564627
112.84319727891156
112.47755102040817
112.2321768707483
112.21666666666667
112.1495918367347
112.02462585034013
111.99156462585034
111.98469387755102
111.98163265306123
111.93571428571428
111.83897959183673
111.70734693877552
111.61299319727891
111.60564625850341
111.62598639455783
111.62517006802723
111.27401360544218
110.98795918367347
110.92102040816327
111.10020408163265
111.0804081632653
111.0056462585034
110.98034013605442
111.08197278911565
111.12476190476191
111.01625850340136
110.85503401360543
110.73095238095239
110.59360544217688
110.50972789115646
110.31993197278913
110.1421768707483
110.07034013605444
110.05510204081634
109.99353741496599
109.97585034013605
110.30972789115646
110.71312925170068
111.00163265306122
111.11319727891157
111.34122448979592
111.54319727891158
111.54224489795918
111.46925170068027
111.55224489795918
111.59292517006804
111.53619047619048
111.42040816326532
111.37013605442178
111.42455782312925
111.40020408163265
111.35925170068026
111.09734693877552
111.12666666666667
111.00476190476192
111.07836734693878
110.86380952380952
110.86272108843539
110.84816326530613
111.07707482993197
111.19367346938776
111.25802721088435
111.27408163265306
111.33020408163266
111.12428571428572
110.87027210884355
110.64863945578232
110.59952380952382
110.54408163265306
110.52149659863947
110.38353741496599
110.38149659863946
110.3881632653061
110.43149659863946
110.3561224489796
110.25802721088436
110.02897959183673
109.82428571428571
109.64585034013605
109.5321768707483
109.53489795918368
109.57380952380953
109.50891156462586
109.38687074829932
109.26530612244898
109.22972789115647
109.07408163265308
108.9065306122449
108.8229931972789
108.85632653061225
108.85292517006803
108.86544217687074
108.72142857142856
108.52380952380952
108.4691156462585
108.59843537414966
108.57925170068027
108.50687074829932
108.26986394557824
108.2244217687075
108.2474149659864
108.33925170068026
108.37102040816328
108.62435374149659
108.9987074829932
109.23231292517006
109.57054421768709
109.81244897959184
110.17142857142858
110.22591836734694
110.27469387755102
110.13714285714285
110.28591836734692
110.47312925170067
110.65986394557824
110.85557823129253
111.04585034013606
111.06897959183675
110.9474149659864
110.97251700680272
111.22952380952381
111.62421768707483
111.96646258503401
112.09183673469387
112.13374149659863
112.24850340136054
112.40149659863945
112.50190476190477
112.5921768707483
112.66380952380952
112.7556462585034
112.95054421768707
113.06306122448979
113.05204081632654
113.0657142857143
113.23578231292517
113.45619047619049
113.60537414965987
113.85299319727892
114.09170068027211
114.29401360544219
114.33721088435375
114.39319727891156
114.53551020408163
114.76585034013605
114.9944217687075
115.14136054421769
115.2504081632653
115.27448979591837
115.39244897959185
115.40006802721089
115.43789115646258
115.40850340136055
115.63598639455783
115.86972789115647
116.15020408163265
116.27714285714285
116.34210884353742
116.43782312925171
116.72979591836734
117.12503401360544
117.65591836734694
118.12557823129252
118.49115646258505
118.62387755102041
118.7257142857143
118.91707482993198
119.09816326530611
119.32537414965986
119.53863945578232
119.86680272108843
120.05585034013605
120.38809523809525
120.80904761904763
121.32197278911563
121.84727891156462
122.36442176870749
122.97306122448981
123.53299319727891
124.13986394557824
124.60843537414966
125.39435374149662
126.45034013605442
127.61074829931974
128.73374149659864
130.11027210884356
131.49741496598642
132.82265306122449
134.00326530612247
135.40816326530614
136.7738775510204
138.2682993197279
139.62006802721092
141.13340136054424
142.72312925170067
144.43863945578232
146.0926530612245
147.85802721088436
149.56748299319727
151.163537414966
152.66020408163266
154.31102040816324
155.92734693877551
157.47163265306122
158.7622448979592
160.0448299319728
161.3174829931973
162.55721088435376
163.63680272108843
164.68911564625847
165.66122448979593
166.75816326530614
167.77020408163267
168.67238095238093
169.32891156462586
170.12659863945578
170.89646258503404
171.63945578231295
172.2161224489796
172.75734693877553
173.26374149659864
173.78755102040816
174.2070068027211
174.678231292517
174.96687074829933
175.26911564625848
175.54020408163268
175.8205442176871
175.97687074829932
176.17741496598643
176.31204081632652
176.41816326530613
176.48061224489797
176.52979591836737
176.43448979591835
176.3768707482993
176.3927210884354
176.38557823129253
176.18503401360545
175.94857142857143
175.8022448979592
175.58891156462585
175.3978911564626
175.23054421768708
175.0868707482993
174.84884353741498
174.488843537415
174.1382993197279
173.85918367346937
173.6549659863946
173.32619047619048
173.02204081632655
172.7495238095238
172.35156462585033
171.9114285714286
171.5373469387755
171.27802721088437
170.98102040816326
170.55904761904765
170.0478231292517
169.6608163265306
169.3934693877551
169.0039455782313
168.48625850340136
167.98619047619047
167.56632653061226
167.0940816326531
166.52374149659866
165.9408843537415
165.3500680272109
164.76938775510206
164.10442176870748
163.58428571428573
163.15204081632652
162.73360544217687
162.25115646258502
161.71000000000004
161.19857142857143
160.74469387755101
160.35448979591837
160.0217006802721
159.76312925170066
159.62666666666667
159.49034013605444
159.33673469387756
159.18598639455783
159.10047619047617
159.20591836734692
159.35687074829931
159.47149659863948
159.58408163265307
159.79537414965986
160.03448979591838
160.38374149659865
160.8070068027211
161.1987074829932
161.51768707482995
161.8652380952381
162.25544217687076
162.74197278911566
163.31551020408165
163.84755102040816
164.43721088435376
165.04741496598638
165.69829931972788
166.4547619047619
167.15714285714287
167.7657142857143
168.29680272108845
169.01136054421767
169.74918367346936
170.41244897959183
170.87666666666667
171.37727891156462
172.07598639455782
172.83054421768708
173.42095238095237
174.00911564625852
174.5108843537415
175.02727891156462
175.52809523809523
176.19251700680272
176.6861224489796
177.21421768707484
177.63244897959186
178.0744217687075
178.46061224489796
178.99843537414966
179.4318367346939
179.71156462585034
180.03027210884358
180.42714285714285
180.76585034013604
181.08312925170068
181.50387755102042
181.88204081632654
182.09578231292517
182.29761904761907
182.52156462585037
182.80687074829933
183.0648299319728
183.23115646258503
183.34727891156462
183.53285714285715
183.76510204081634
183.92857142857144
184.19884353741497
184.4144897959184
184.5268707482993
184.62748299319728
184.82360544217687
184.88503401360543
184.89197278911564
185.02102040816325
185.16333333333336
185.20761904761906
185.19360544217687
185.23809523809524
185.34809523809525
185.43340136054425
185.37081632653064
185.33054421768708
185.39027210884353
185.55557823129251
185.6812925170068
185.75414965986394
185.70836734693876
185.62857142857143
185.60850340136057
185.71380952380952
185.792925170068
185.79292517006803
185.8356462585034
185.92319727891157
186.01959183673472
186.05312925170068
186.03238095238095
186.05850340136053
186.1053741496599
186.1682993197279
186.16843537414968
186.17918367346937
186.1026530612245
186.0165306122449
186.0047619047619
185.99142857142857
186.0584353741497
186.13503401360546
186.21238095238095
186.1656462585034
186.00414965986394
185.81462585034012
185.72734693877553
185.83952380952383
185.8314285714286
185.75795918367345
185.75054421768706
185.7756462585034
185.73299319727892
185.62108843537416
185.51510204081632
185.42836734693878
185.38904761904763
185.34102040816327
185.2174149659864
185.15285714285716
185.08231292517007
185.00401360544217
184.95319727891155
184.82421768707485
184.60163265306124
184.46163265306123
184.44551020408164
184.31517006802721
184.1223129251701
184.0629931972789
184.07183673469387
183.9329931972789
183.75884353741498
183.61068027210885
183.44925170068026
183.25714285714284
183.0931292517007
182.9982993197279
182.88884353741497
182.7391156462585
182.58639455782316
182.43170068027212
182.30768707482997
182.11503401360545
181.94312925170073
181.81857142857143
181.68843537414966
181.45333333333338
181.29149659863947
181.1321768707483
180.8891156462585
180.68326530612245
180.5478231292517
180.34625850340137
180.12557823129254
179.94727891156464
179.8240136054422
179.5495238095238
179.26693877551023
178.9161224489796
178.7678911564626
178.5461224489796
178.2260544217687
177.8761904761905
177.58408163265304
177.34081632653061
177.15659863945578
176.98945578231292
176.7644217687075
176.48741496598637
176.15197278911563
175.77938775510205
175.52115646258503
175.28156462585034
174.9382993197279
174.62380952380954
174.39809523809524
174.07972789115647
173.7170068027211
173.28115646258502
172.9712925170068
172.7409523809524
172.57503401360543
172.2168707482993
171.8073469387755
171.3995918367347
171.11619047619047
170.86795918367346
170.5987755102041
170.30380952380952
170.10081632653063
169.76088435374152
169.31544217687073
168.8817006802721
168.5948299319728
168.2538095238095
167.91326530612247
167.63734693877552
167.3417006802721
167.00802721088434
166.678231292517
166.41544217687076
166.0468707482993
165.7121768707483
165.43272108843536
165.0934013605442
164.708231292517
164.36340136054423
164.05027210884356
163.7575510204082
163.53197278911566
163.2977551020408
162.94680272108846
162.563537414966
162.28027210884355
162.12802721088434
161.79387755102042
161.40462585034015
160.96775510204083
160.6042857142857
160.16591836734693
159.8857142857143
159.58809523809524
159.28061224489795
158.88673469387757
158.4565306122449
158.06891156462586
157.64115646258506
157.20469387755102
156.84972789115645
156.56142857142856
156.16102040816327
155.7030612244898
155.37748299319728
154.993537414966
154.4673469387755
154.00585034013605
153.70428571428573
153.38190476190476
152.83020408163267
152.28278911564627
151.7643537414966
151.3761224489796
151.07251700680274
150.69251700680272
150.11557823129252
149.56
149.04272108843537
148.45326530612243
147.9209523809524
147.4451700680272
146.97340136054422
146.35748299319727
145.81244897959184
145.2085034013606
144.6548299319728
144.01408163265307
143.34585034013605
142.7687074829932
142.1678911564626
141.41918367346938
140.68496598639456
140.0797278911565
139.46659863945575
138.61285714285714
137.8190476190476
137.0685714285714
136.32972789115644
135.53394557823128
134.788231292517
134.10278911564626
133.29931972789115
132.46557823129254
131.6586394557823
130.98115646258503
130.26299319727892
129.51897959183674
128.80095238095237
128.1730612244898
127.57687074829933
127.06442176870749
126.62544217687075
126.1482993197279
125.62027210884355
125.10578231292519
124.6721768707483
124.27911564625852
124.0422448979592
123.77782312925171
123.56224489795918
123.3591836734694
123.22380952380954
122.9821768707483
122.7874149659864
122.63448979591838
122.55251700680273
122.44074829931974
122.2330612244898
122.0560544217687
121.88551020408164
121.74612244897959
121.61632653061224
121.51414965986396
121.20775510204082
120.87027210884354
120.54986394557824
120.28285714285715
119.91863945578231
119.56564625850342
119.22741496598641
118.83619047619047
118.36319727891157
117.89993197278912
117.54673469387755
117.20646258503402
116.80197278911564
116.28503401360545
115.7447619047619
115.32374149659864
114.92979591836735
114.53931972789115
114.13068027210885
113.59850340136055
113.11986394557823
112.72469387755103
112.3887074829932
111.93020408163265
111.50047619047619
111.03353741496599
110.53217687074832
110.14816326530611
109.75680272108843
109.32122448979592
108.81979591836735
108.39183673469388
107.9578911564626
107.47482993197278
106.99843537414966
106.5413605442177
106.07489795918367
105.62537414965988
105.21523809523809
104.7456462585034
104.2608843537415
103.75680272108843
103.35265306122449
102.97938775510204
102.51877551020408
102.09503401360546
101.73401360544219
101.33993197278912
100.77380952380953
100.26734693877552
99.81598639455783
99.32190476190478
98.8560544217687
98.37619047619049
97.98122448979592
97.55455782312924
97.12632653061225
96.58625850340137
96.14292517006804
95.77836734693878
95.43217687074831
95.04891156462584
94.71156462585034
94.40503401360544
93.95979591836735
93.54836734693878
93.17884353741496
92.74734693877551
92.20972789115646
91.7561224489796
91.35632653061225
91.02047619047619
90.54387755102042
90.19761904761904
89.78659863945579
89.49687074829932
89.21258503401361
88.87551020408164
88.3161224489796
87.84034013605441
87.46061224489796
87.09421768707483
86.63979591836734
86.16517006802721
85.65884353741497
85.40673469387755
85.14727891156463
84.65496598639456
84.05693877551022
83.69897959183675
83.47836734693878
83.20911564625851
82.81585034013607
82.43081632653062
81.96972789115645
81.53142857142856
81.15163265306123
80.89673469387756
80.62251700680272
80.2051700680272
79.81802721088435
79.40938775510205
79.15462585034014
78.79639455782312
78.53340136054422
78.20428571428572
77.95959183673469
77.65585034013606
77.33557823129253
76.95557823129252
76.72115646258504
76.45258503401361
76.11891156462585
75.69462585034015
75.42122448979592
75.16857142857143
74.95312925170069
74.74673469387756
74.46462585034014
74.18986394557822
73.94414965986394
73.74414965986395
73.5104761904762
73.33040816326532
73.11238095238096
72.91428571428571
72.67795918367347
72.47795918367348
72.27591836734695
72.04938775510205
71.70632653061224
71.4378911564626
71.26755102040816
70.98061224489797
70.75163265306122
70.53877551020408
70.38285714285715
70.07850340136054
69.97408163265305
69.90360544217688
69.79122448979592
69.43040816326533
69.15156462585034
68.96469387755103
68.82755102040817
68.57877551020408
68.40925170068027
68.18374149659863
67.86714285714285
67.49319727891157
67.37278911564627
67.41190476190476
67.33204081632653
67.03251700680272
66.8287074829932
66.85952380952382
66.80176870748299
66.70156462585034
66.3804081632653
66.21938775510205
65.98142857142857
65.78850340136054
65.3995918367347
65.23027210884354
65.12911564625851
65.01013605442176
64.90503401360544
64.82904761904763
64.7630612244898
64.63911564625852
64.48707482993197
64.33707482993196
64.16061224489796
63.936462585034015
63.79714285714286
63.70312925170068
63.47673469387755
63.19761904761906
63.128027210884355
63.04965986394558
62.94319727891157
62.826734693877555
62.63673469387756
62.45897959183674
62.37619047619048
62.27108843537415
62.140748299319725
62.106870748299315
62.11877551020409
61.98755102040816
61.956598639455784
61.795782312925176
61.66006802721088
61.475578231292516
61.519319727891165
61.588027210884356
61.55285714285715
61.30693877551021
61.17795918367348
61.18265306122449
61.12598639455783
61.074353741496594
61.075646258503404
61.06809523809524
61.00455782312925
60.93659863945578
60.75673469387756
60.69850340136055
60.731156462585034
60.75904761904762
60.677074829931975
60.54564625850341
60.406870748299326
60.410884353741494
60.52292517006802
60.472312925170066
60.3165306122449
60.1517006802721
60.235510204081635
60.42387755102042
60.481768707483
60.24761904761905
60.2708843537415
60.26993197278912
60.15156462585034
60.08816326530612
60.26517006802721
60.152244897959186
59.98965986394558
60.07965986394558
60.22401360544218
60.17136054421769
60.000136054421766
59.91931972789116
59.92721088435374
60.03231292517006
60.08809523809525
60.161360544217686
60.294489795918366
60.36598639455782
60.36775510204082
60.339115646258506
60.41748299319729
60.47482993197279
60.62564625850341
60.76258503401361
60.78639455782313
60.78503401360545
60.73258503401361
60.814965986394554
60.902517006802725
61.06891156462586
61.12272108843538
61.3521768707483
61.598707482993206
61.60292517006803
61.58979591836735
61.68122448979592
61.95659863945579
62.187891156462584
62.43768707482993
62.46877551020408
62.62843537414967
62.75687074829932
62.763673469387754
62.787551020408166
63.02748299319728
63.314081632653064
63.37761904761905
63.43013605442177
63.4291156462585
63.58170068027211
63.6643537414966
63.80312925170069
63.805850340136054
63.87394557823129
64.05897959183675
64.42714285714287
64.54625850340136
64.54326530612245
64.64687074829932
64.78510204081633
64.83353741496599
64.82897959183674
65.01074829931974
65.17027210884353
65.3787755102041
65.43761904761905
65.49496598639456
65.71816326530613
65.97360544217688
65.97863945578231
65.90523809523809
66.10210884353742
66.27176870748299
66.26619047619049
66.23102040816326
66.30346938775509
66.40510204081633
66.3865986394558
66.2778911564626
66.27435374149661
66.33952380952381
66.4438775510204
66.6142857142857
66.79115646258504
66.70782312925171
66.51666666666668
66.44734693877552
66.46585034013606
66.63394557823129
66.66346938775511
66.75299319727893
66.67544217687075
66.67489795918368
66.58319727891157
66.57877551020408
66.52149659863946
66.4938775510204
66.4582993197279
66.3170068027211
66.24591836734695
66.3647619047619
66.53897959183675
66.48476190476191
66.35142857142858
66.33625850340135
66.4069387755102
66.43537414965986
66.39414965986394
66.23972789115646
66.00666666666666
65.835306122449
65.72809523809525
65.73693877551023
65.73068027210886
65.69183673469388
65.36414965986395
65.17401360544218
65.02843537414965
64.89700680272108
64.75979591836736
64.69360544217687
64.76598639455783
64.75401360544218
64.70707482993198
64.4582993197279
64.31673469387755
64.17367346938777
63.99163265306123
63.88802721088435
63.82836734693878
63.79598639455782
63.63897959183673
63.43877551020409
63.26571428571428
63.15897959183673
63.06897959183674
63.07183673469388
63.05408163265306
62.872517006802724
62.65721088435374
62.68047619047619
62.70612244897959
62.681972789115655
62.475578231292516
62.37272108843538
62.27646258503401
62.200816326530614
62.057823129251695
61.959523809523816
61.81510204081633
61.66183673469388
61.586122448979594
61.52231292517008
61.40884353741497
61.39823129251701
61.30761904761905
61.24387755102041
61.08183673469387
60.99836734693878
60.82836734693878
60.730272108843536
60.67040816326531
60.58020408163265
60.41721088435374
60.25721088435374
60.1243537414966
60.178435374149664
60.16700680272109
59.99394557823129
59.63857142857143
59.5361224489796
59.4826530612245
59.33795918367347
59.21591836734694
59.02115646258503
58.96170068027211
58.84625850340136
58.859251700680275
58.60013605442177
58.48292517006803
58.35721088435374
58.30129251700681
58.11102040816327
58.047278911564625
58.0256462585034
57.91258503401361
57.72238095238095
57.491632653061224
57.47578231292517
57.394081632653055
57.44374149659865
57.12979591836735
57.00911564625851
57.017006802721085
57.051768707483
56.96938775510204
56.89598639455782
56.94904761904762
56.787346938775514
56.656122448979595
56.64585034013606
56.646802721088434
56.60224489795919
56.497551020408174
56.53142857142858
56.621156462585034
56.56530612244898
56.445034013605444
56.41571428571429
56.56619047619048
56.53163265306123
56.44598639455782
56.34986394557823
56.44823129251701
56.53394557823129
56.77537414965986
56.774081632653065
56.76857142857143
56.69027210884353
56.81401360544218
56.96190476190476
57.04102040816327
56.990748299319726
56.969115646258494
57.14408163265307
57.190340136054424
57.28326530612245
57.303877551020406
57.42006802721088
57.438707482993195
57.5221768707483
57.691360544217694
57.83605442176871
57.96578231292517
57.90244897959184
58.0734693877551
58.26965986394558
58.550000000000004
58.61829931972789
58.72965986394558
58.84272108843538
59.019115646258506
59.167619047619056
59.23401360544217
59.23272108843538
59.399727891156466
59.71027210884354
59.96034013605442
60.12258503401361
60.16952380952381
60.384829931972796
60.675714285714285
60.99115646258504
61.174081632653056
61.3552380952381
61.46938775510204
61.70292517006803
62.03748299319727
62.284013605442176
62.37333333333333
62.61578231292518
62.8726530612245
63.12129251700681
63.347142857142856
63.670272108843534
64.00414965986394
64.31312925170069
64.52578231292517
64.73299319727892
64.92
65.12442176870748
65.3339455782313
65.52408163265306
65.65476190476191
65.7091836734694
65.86210884353743
66.25850340136054
66.67421768707484
66.99040816326531
67.32020408163265
67.8678231292517
68.28931972789118
68.6147619047619
68.89544217687076
69.34006802721089
69.76993197278912
70.11326530612246
70.33020408163266
70.59755102040816
70.9069387755102
71.18469387755101
71.25380952380952
71.38183673469388
71.61625850340135
72.09816326530611
72.25911564625851
72.38210884353742
72.40258503401361
72.7422448979592
73.09
73.59231292517006
73.78061224489797
74.01183673469389
74.18374149659864
74.39204081632653
74.59374149659865
74.89190476190477
75.17897959183674
75.38632653061225
75.52088435374148
75.75224489795919
75.96034013605441
76.24727891156462
76.37619047619049
76.60891156462586
76.84054421768708
77.10510204081632
77.29945578231292
77.62605442176871
77.84707482993198
78.16319727891157
78.30408163265307
78.46972789115647
78.46306122448979
78.64591836734692
78.89156462585035
79.17074829931974
79.5530612244898
79.82993197278911
80.0508843537415
80.25952380952381
80.57612244897959
80.87843537414966
81.16612244897959
81.63639455782314
82.04462585034014
82.3925850340136
82.62816326530611
82.98435374149659
83.2604081632653
83.6378231292517
84.06115646258505
84.39598639455784
84.82190476190476
85.25142857142858
85.64231292517007
85.97190476190477
86.55687074829933
87.19986394557823
87.71598639455783
88.22278911564626
88.70537414965986
89.4230612244898
90.23646258503402
91.1426530612245
92.01925170068029
93.08244897959185
94.19979591836736
95.42176870748298
96.65680272108844
98.02346938775511
99.48925170068028
101.02156462585035
102.52360544217687
104.0457142857143
105.42938775510206
106.60986394557824
107.57925170068029
108.36578231292518
108.7021768707483
108.8339455782313
108.89190476190475
108.888231292517
108.75020408163265
108.61768707482995
108.58448979591837
108.52068027210885
108.37013605442176
108.13408163265308
107.87006802721089
107.57387755102042
107.39510204081634
107.52700680272109
107.83748299319727
108.24659863945578
108.6278911564626
109.15585034013606
109.57863945578231
109.9804761904762
110.13380952380953
110.30727891156462
110.46741496598639
110.58965986394557
110.81136054421769
111.00551020408165
111.08993197278912
111.10408163265306
111.35068027210885
111.71775510204081
112.1378231292517
112.47897959183675
112.69795918367346
112.80673469387754
112.76986394557824
112.38544217687075
111.67190476190477
110.81925170068027
109.77551020408163
108.85761904761904
107.83707482993199
106.94666666666667
105.89285714285715
104.8347619047619
103.52149659863946
102.25442176870749
100.93027210884354
99.5521768707483
97.85993197278911
95.81421768707483
93.71210884353742
91.80870748299321
90.26197278911565
88.70326530612245
87.1495238095238
85.39891156462585
83.72244897959185
82.17428571428572
80.98149659863947
79.79360544217688
78.39925170068027
76.78727891156463
75.26442176870748
73.90755102040816
72.61353741496598
71.1352380952381
69.71755102040817
68.51952380952382
67.41401360544218
66.01183673469387
64.56687074829932
63.2312925170068
62.251768707482995
61.2121768707483
59.912789115646255
58.391768707482996
57.152244897959186
56.13965986394558
55.178979591836736
54.119387755102046
53.18789115646258
52.297006802721086
51.50047619047619
50.8982993197279
50.659523809523805
50.31455782312925
49.63612244897959
48.743197278911566
47.92802721088435
47.1078231292517
46.1665306122449
44.89585034013606
43.505102040816325
42.16244897959184
40.922653061224466
39.47231292517004
