108.4276190476191
108.42047619047618
108.31095238095239
108.21360544217687
108.26047619047618
108.10598639455783
107.83469387755102
107.63544217687074
107.54918367346939
107.56061224489797
107.55986394557823
107.46972789115648
107.39551020408163
107.29258503401361
107.06748299319729
106.7261224489796
106.6761224489796
106.73578231292517
106.77183673469389
106.65809523809524
106.50081632653061
106.3904081632653
106.22653061224489
106.04802721088436
105.96319727891157
106.02884353741499
106.05394557823129
106.11278911564627
106.0961224489796
105.98551020408163
105.83965986394558
105.59455782312926
105.36959183673468
105.22136054421769
105.11632653061224
105.01625850340136
104.9117006802721
104.6765306122449
104.44020408163266
104.49190476190476
104.73965986394559
104.94836734693878
105.09299319727891
105.24170068027212
105.19210884353741
105.11972789115646
105.05925170068028
105.03809523809524
104.9938775510204
104.95816326530613
104.78
104.52333333333334
104.55210884353741
104.65333333333334
104.63809523809523
104.45476190476191
104.51863945578233
104.75952380952381
105.00428571428571
104.98292517006804
104.92836734693878
104.93238095238095
104.89782312925169
104.86503401360545
104.94510204081632
104.95231292517008
104.90408163265306
104.95183673469388
105.1660544217687
105.09360544217688
104.81387755102041
104.41197278911565
104.30346938775511
104.50448979591837
105.08115646258503
105.40768707482994
105.37897959183674
105.16074829931972
105.15863945578232
105.13319727891157
105.00768707482993
104.80972789115646
104.59836734693877
104.44632653061224
104.44081632653061
104.43034013605443
104.3778911564626
104.32680272108843
104.4322448979592
104.53421768707483
104.701768707483
104.65272108843538
104.60095238095239
104.37312925170069
104.43312925170069
104.43414965986395
104.31231292517008
104.06850340136057
103.9982993197279
104.02918367346939
104.04612244897959
104.09074829931973
104.00863945578232
103.94353741496599
104.16387755102042
104.40047619047618
104.59714285714286
104.84795918367347
105.16904761904762
105.32176870748299
105.51020408163265
105.74639455782312
105.84394557823128
105.79530612244898
105.75374149659864
105.68380952380953
105.68129251700681
105.72571428571429
105.87401360544219
106.1787074829932
106.60333333333334
106.92272108843538
107.07000000000001
107.27108843537414
107.45408163265307
107.60979591836735
107.7325850340136
107.78061224489795
107.8413605442177
107.85693877551022
107.9365306122449
107.93863945578232
108.16721088435375
108.46102040816326
108.71938775510205
108.87843537414966
108.94965986394557
109.16768707482994
109.41108843537415
109.74843537414965
109.92340136054422
110.163537414966
110.18258503401361
110.22299319727891
110.1526530612245
110.24346938775511
110.44034013605442
110.89061224489797
111.22639455782313
111.52700680272109
111.9087755102041
112.30489795918368
112.58591836734695
112.72795918367346
112.81278911564627
112.83414965986395
112.89666666666668
113.04673469387755
113.22687074829932
113.35659863945578
113.43340136054421
113.6778231292517
114.06115646258503
114.38843537414965
114.58714285714285
114.8439455782313
115.3930612244898
115.91585034013606
116.3404081632653
116.54666666666667
116.91646258503401
117.34972789115646
117.79591836734693
118.18340136054422
118.4226530612245
118.60414965986394
118.81700680272108
119.23360544217687
119.87163265306124
120.55380952380952
121.23734693877552
121.96727891156463
122.78149659863948
123.44918367346939
124.10047619047619
125.00061224489795
126.05659863945579
127.05299319727892
128.04469387755103
129.30551020408166
130.696462585034
132.1322448979592
133.4474829931973
134.89891156462585
136.29789115646258
137.7592517006803
139.2912925170068
140.81496598639455
142.33156462585035
143.88163265306122
145.5657823129252
147.36054421768708
149.1673469387755
150.82653061224488
152.4148979591837
154.10585034013607
155.74278911564625
157.27897959183673
158.70020408163265
160.02020408163267
161.3034693877551
162.47727891156464
163.5891836734694
164.60816326530613
165.61401360544218
166.46959183673468
167.31802721088437
168.18047619047618
168.93523809523808
169.6030612244898
170.27374149659866
171.04292517006803
171.69238095238097
172.25448979591835
172.74
173.23278911564626
173.675306122449
174.06217687074832
174.41251700680272
174.6469387755102
174.80741496598642
174.96190476190475
175.23843537414967
175.44537414965987
175.58489795918368
175.64034013605442
175.6604761904762
175.64544217687074
175.7038775510204
175.72448979591837
175.59673469387755
175.36993197278912
175.29938775510203
175.28095238095239
175.13462585034014
174.8525850340136
174.6899319727891
174.59829931972791
174.4425850340136
174.20380952380953
173.89938775510205
173.6026530612245
173.33727891156462
173.04448979591837
172.76312925170072
172.52598639455783
172.32761904761907
172.0134693877551
171.60823129251702
171.32326530612247
171.07775510204084
170.85510204081635
170.46326530612245
170.08945578231294
169.69374149659865
169.3540136054422
168.8930612244898
168.50986394557822
168.11217687074833
167.7739455782313
167.3295238095238
166.84183673469386
166.29598639455781
165.77081632653062
165.25156462585036
164.69659863945577
164.17244897959182
163.7308843537415
163.23795918367347
162.80163265306123
162.30204081632652
161.7830612244898
161.30142857142857
161.01312925170066
160.81632653061226
160.62857142857143
160.44646258503403
160.3431292517007
160.36687074829933
160.473537414966
160.6136054421769
160.70884353741496
160.89244897959185
161.07244897959185
161.34795918367348
161.61945578231297
161.87068027210887
162.24632653061224
162.76999999999998
163.35115646258504
163.76673469387757
164.2283673469388
164.72918367346938
165.29843537414968
165.8004761904762
166.2347619047619
166.72918367346938
167.2917006802721
167.88632653061222
168.47
169.11727891156463
169.8043537414966
170.39972789115646
171.02074829931973
171.65503401360544
172.38333333333333
172.95340136054426
173.56986394557822
174.29503401360546
174.99795918367346
175.5704761904762
176.0827210884354
176.59238095238095
177.05231292517007
177.62292517006802
178.11095238095237
178.56129251700682
178.88013605442177
179.29510204081635
179.7191156462585
180.1774149659864
180.54768707482992
180.92278911564625
181.32292517006803
181.57074829931975
181.80210884353744
182.10292517006803
182.4131292517007
182.73278911564626
182.99068027210885
183.25775510204082
183.47619047619045
183.72401360544217
183.9103401360544
184.05809523809526
184.23530612244897
184.3673469387755
184.54700680272109
184.75802721088434
184.96802721088437
185.10197278911562
185.19027210884354
185.20183673469387
185.23782312925172
185.31931972789118
185.47986394557824
185.5817006802721
185.70061224489797
185.74721088435376
185.7840136054422
185.85292517006803
185.89632653061227
185.92863945578233
185.9561224489796
186.03340136054425
185.9713605442177
185.9929931972789
186.09802721088437
186.15496598639453
186.16544217687078
186.25482993197278
186.31319727891156
186.28659863945578
186.24217687074832
186.25448979591837
186.26945578231295
186.36306122448983
186.38877551020408
186.41448979591837
186.46721088435373
186.48265306122448
186.4334693877551
186.39258503401362
186.39176870748298
186.36217687074833
186.3904081632653
186.36442176870747
186.3204081632653
186.26632653061225
186.2831972789116
186.3274829931973
186.32578231292518
186.28394557823128
186.20795918367344
186.11414965986395
185.95435374149662
185.83721088435374
185.80414965986395
185.79013605442177
185.7812244897959
185.8367346938776
185.683537414966
185.5431292517007
185.48068027210886
185.5355782312925
185.30802721088435
185.16931972789118
185.04496598639457
185.01061224489797
184.85149659863944
184.76612244897962
184.6377551020408
184.59027210884352
184.53244897959183
184.43204081632655
184.36836734693878
184.25251700680275
184.0821768707483
183.88462585034017
183.81068027210884
183.71503401360545
183.60047619047617
183.50231292517006
183.39367346938775
183.2478911564626
183.0843537414966
182.93496598639456
182.7244217687075
182.6378911564626
182.52326530612248
182.35156462585036
182.08462585034013
181.9816326530612
181.85034013605443
181.66047619047617
181.43204081632655
181.29938775510203
181.1725170068027
181.06108843537416
180.795306122449
180.55755102040814
180.31768707482993
180.14442176870747
179.88312925170067
179.68782312925168
179.5079591836735
179.28809523809525
178.99714285714288
178.84925170068027
178.7030612244898
178.49367346938774
178.22374149659862
177.98455782312925
177.69027210884354
177.3461904761905
177.08925170068028
176.85544217687072
176.6753741496599
176.4451700680272
176.17040816326534
175.86149659863946
175.50775510204082
175.23442176870748
174.8970068027211
174.60061224489795
174.2578231292517
173.9173469387755
173.52238095238093
173.17081632653063
172.9108843537415
172.58741496598643
172.2137414965987
171.81503401360547
171.4031972789116
171.03802721088434
170.76639455782313
170.55231292517007
170.1621088435374
169.75829931972788
169.401768707483
169.05374149659866
168.66768707482993
168.36170068027212
168.08496598639456
167.8201360544218
167.52836734693878
167.16571428571427
166.69482993197278
166.41741496598638
166.0874149659864
165.7074149659864
165.31380952380954
165.05401360544218
164.67904761904765
164.27721088435374
163.90965986394556
163.5718367346939
163.13210884353742
162.75108843537416
162.378231292517
162.03224489795917
161.64585034013606
161.36068027210885
161.17591836734692
160.90537414965985
160.56877551020406
160.13503401360546
159.78469387755104
159.47278911564626
159.09925170068027
158.5931292517007
158.1273469387755
157.84074829931973
157.53326530612244
157.20278911564628
156.8013605442177
156.39972789115646
155.938231292517
155.56598639455783
155.1523129251701
154.73435374149662
154.31687074829932
153.8870068027211
153.4544897959184
153.10476190476192
152.68714285714287
152.18115646258502
151.74367346938774
151.32639455782314
150.78863945578232
150.22714285714287
149.75530612244899
149.29285714285714
148.79340136054424
148.352925170068
147.88891156462586
147.4565986394558
146.77299319727894
146.14761904761906
145.5530612244898
145.07653061224488
144.464693877551
143.9349659863946
143.38027210884354
142.70231292517008
142.00972789115644
141.36489795918368
140.74721088435373
140.08768707482992
139.40952380952382
138.67517006802723
137.934693877551
137.1887755102041
136.31918367346938
135.50210884353743
134.77306122448982
134.10081632653063
133.26034013605442
132.46782312925168
131.6751700680272
130.9495918367347
130.14292517006803
129.3500680272109
128.50666666666666
127.69068027210885
126.84877551020409
126.04857142857144
125.34489795918367
124.82918367346939
124.23809523809526
123.64979591836735
123.13544217687075
122.69802721088435
122.1174149659864
121.64272108843538
121.31537414965987
121.08408163265307
120.84020408163266
120.57619047619048
120.36387755102041
120.16285714285715
120.11380952380952
119.80374149659865
119.60340136054421
119.32755102040815
119.27360544217687
118.95646258503402
118.74925170068028
118.55945578231292
118.38598639455783
118.11727891156463
117.80217687074831
117.54380952380953
117.31476190476191
117.07156462585034
116.78952380952381
116.36020408163266
115.94414965986394
115.51823129251699
115.27333333333334
114.85108843537417
114.39666666666668
113.9456462585034
113.58619047619048
113.14170068027211
112.64360544217686
112.23278911564626
111.81210884353742
111.44231292517006
110.98863945578232
110.54809523809524
110.0378231292517
109.48979591836735
109.11435374149661
108.8157142857143
108.38380952380952
107.75557823129252
107.27000000000001
106.92074829931973
106.46802721088437
106.0061224489796
105.48904761904762
105.09442176870748
104.62755102040818
104.0652380952381
103.48761904761905
103.09931972789116
102.73972789115648
102.26503401360544
101.80074829931974
101.26850340136056
100.78952380952381
100.38700680272109
100.00448979591837
99.54632653061225
99.05687074829932
98.60904761904763
98.26836734693877
97.8378231292517
97.37108843537413
96.92809523809525
96.53
96.0291156462585
95.48829931972789
94.94707482993199
94.43585034013604
93.97931972789115
93.50687074829932
93.11605442176871
92.68510204081633
92.14965986394559
91.61088435374151
91.28625850340137
90.9300680272109
90.5161224489796
90.1469387755102
89.74034013605443
89.27034013605441
88.70836734693879
88.33925170068028
87.96598639455783
87.64673469387756
87.14734693877551
86.62408163265306
86.16979591836736
85.92959183673469
85.61210884353743
85.14149659863945
84.75904761904762
84.5021768707483
84.1726530612245
83.73333333333332
83.32380952380953
82.90782312925171
82.3847619047619
81.82061224489796
81.3534693877551
80.95190476190476
80.57823129251702
80.20462585034014
79.97074829931972
79.43755102040816
78.98163265306123
78.62959183673469
78.44469387755102
77.96945578231293
77.54183673469387
77.23040816326531
76.96789115646258
76.64721088435374
76.26020408163266
75.85176870748299
75.43925170068027
75.11469387755102
74.71224489795918
74.27659863945578
74.02333333333334
73.8330612244898
73.57108843537415
73.28687074829932
73.07557823129252
72.68965986394556
72.25727891156464
71.93748299319728
71.70027210884354
71.34537414965988
70.89537414965986
70.50931972789115
70.24197278911564
69.92401360544218
69.71387755102042
69.64646258503402
69.67149659863946
69.41217687074831
69.03401360544218
68.63013605442177
68.37707482993197
68.15258503401361
68.01374149659864
67.84068027210884
67.55755102040817
67.14666666666666
66.83925170068028
66.55054421768708
66.35748299319727
66.0839455782313
65.80802721088435
65.48408163265306
65.28000000000002
65.03755102040816
64.8721088435374
64.70346938775509
64.52802721088436
64.27258503401362
64.00714285714287
63.75707482993197
63.52829931972789
63.413877551020406
63.2465306122449
63.07272108843537
62.814625850340136
62.67068027210885
62.44251700680272
62.24952380952381
62.07768707482993
62.062448979591835
61.81619047619048
61.54612244897959
61.38625850340136
61.298231292517016
61.092721088435376
60.81333333333333
60.643809523809516
60.48312925170068
60.342176870748304
60.04081632653061
59.92918367346939
59.79367346938775
59.76238095238095
59.584421768707486
59.60700680272109
59.55401360544218
59.45142857142857
59.252585034013606
59.16707482993198
59.05122448979592
58.74544217687075
58.5
58.40408163265307
58.15244897959184
57.84591836734694
57.755918367346936
57.72789115646259
57.58428571428572
57.4473469387755
57.50387755102041
57.42585034013605
57.2330612244898
57.041156462585036
57.04040816326531
57.07829931972789
57.028843537414964
56.848027210884354
56.763401360544215
56.71190476190476
56.70503401360544
56.49530612244899
56.38843537414966
56.40278911564626
56.320680272108845
56.11190476190477
55.93829931972789
55.9930612244898
55.94312925170068
55.7869387755102
55.70034013605442
55.766870748299326
55.94673469387756
55.89068027210884
55.85333333333334
55.7839455782313
55.79897959183673
55.722312925170066
55.655578231292516
55.52829931972789
55.38530612244898
55.30231292517007
55.25170068027211
55.23204081632653
55.14448979591837
55.07748299319728
55.109591836734694
55.18918367346939
55.26863945578231
55.16285714285715
55.14591836734694
55.03612244897959
54.966734693877555
54.9121768707483
54.91231292517007
54.88476190476191
54.82884353741496
54.959931972789114
55.05265306122448
55.13442176870748
55.11578231292517
55.040680272108844
54.980204081632664
55.008639455782316
55.110340136054425
55.27238095238095
55.29238095238095
55.26625850340136
55.17693877551021
55.21789115646259
55.24013605442177
55.28578231292517
55.38823129251702
55.575714285714284
55.77816326530612
55.82986394557823
55.81142857142857
55.89585034013605
56.11557823129252
56.25496598639456
56.29904761904763
56.36469387755102
56.60578231292517
56.80904761904762
56.96163265306123
57.04353741496599
57.271564625850345
57.41394557823129
57.54707482993197
57.58993197278912
57.75285714285714
57.85108843537415
58.02476190476191
58.19755102040817
58.35578231292517
58.462380952380954
58.571836734693875
58.704625850340136
58.83877551020409
58.98108843537416
59.13972789115647
59.19163265306123
59.327619047619045
59.588299319727895
59.89666666666667
59.87040816326531
59.8591156462585
59.942993197278916
60.14421768707483
60.337482993197284
60.53136054421769
60.69891156462585
60.81170068027212
61.075034013605446
61.276666666666664
61.3304761904762
61.37414965986395
61.51918367346939
61.62870748299319
61.719047619047615
61.89285714285714
62.01231292517007
62.07857142857143
62.14836734693877
62.21897959183674
62.30204081632653
62.35408163265306
62.3395918367347
62.38673469387755
62.57081632653062
62.6904761904762
62.70095238095238
62.738027210884354
62.73619047619047
62.778707482993205
62.7930612244898
62.84285714285715
62.73544217687074
62.734149659863945
62.6969387755102
62.77156462585034
62.71503401360545
62.89693877551021
62.96319727891157
63.05979591836735
62.95469387755102
62.85945578231293
62.719387755102034
62.71047619047619
62.74476190476191
62.774897959183676
62.77843537414966
62.8334693877551
62.938299319727896
62.97925170068027
62.861496598639455
62.66823129251701
62.52843537414965
62.521088435374146
62.547006802721086
62.464353741496595
62.25952380952381
62.13931972789116
62.22591836734694
62.12210884353741
61.8965306122449
61.659727891156464
61.67428571428571
61.612585034013605
61.56503401360544
61.50789115646259
61.43551020408163
61.287346938775514
61.14027210884353
61.00027210884354
60.7904761904762
60.70074829931973
60.683877551020416
60.55231292517007
60.40931972789116
60.34700680272109
60.284829931972794
60.168911564625844
60.08204081632653
59.90877551020409
59.731632653061226
59.688707482993195
59.7552380952381
59.606530612244896
59.427346938775514
59.29054421768708
59.24326530612245
59.08136054421769
59.14272108843537
59.24163265306123
59.17503401360544
58.820068027210894
58.55612244897959
58.378843537414966
58.3665306122449
58.32380952380953
58.25925170068028
58.1743537414966
58.17367346938775
58.180340136054426
57.99258503401361
57.70326530612245
57.52367346938775
57.46448979591837
57.33755102040816
57.169115646258504
57.17639455782314
57.05591836734694
56.90619047619048
56.806938775510204
56.816122448979584
56.628639455782306
56.50170068027211
56.3343537414966
56.27027210884354
56.13775510204081
56.05115646258503
55.81598639455782
55.64054421768707
55.385170068027215
55.22299319727891
55.14176870748299
55.23836734693877
55.253945578231296
55.133469387755106
54.92836734693878
54.82163265306122
54.63244897959184
54.55931972789115
54.48836734693878
54.25775510204082
53.871972789115645
53.81469387755102
53.89557823129252
53.86816326530612
53.6778231292517
53.52476190476191
53.597959183673474
53.656666666666666
53.428775510204076
53.23727891156463
53.27809523809525
53.346530612244905
53.26401360544218
53.18884353741497
53.16272108843538
53.121904761904766
53.04231292517007
52.98034013605442
53.054693877551024
53.081496598639454
53.039319727891154
52.873673469387754
52.859319727891155
52.86517006802721
52.98129251700681
53.17387755102042
53.2708843537415
53.10659863945578
52.95578231292518
53.04122448979592
53.1304761904762
53.180272108843546
53.259795918367345
53.39258503401361
53.449727891156456
53.502585034013606
53.45646258503401
53.54931972789116
53.60666666666667
53.74428571428571
53.834761904761905
54.00333333333333
54.14006802721089
54.150068027210885
54.11972789115646
54.23367346938776
54.4239455782313
54.606462585034016
54.51517006802722
54.52496598639456
54.647006802721094
54.90210884353742
54.86217687074831
54.9147619047619
55.17591836734694
55.38598639455782
55.604829931972795
55.59619047619048
55.817619047619054
55.97768707482993
56.3756462585034
56.39197278911564
56.67108843537416
56.795374149659864
57.08435374149661
57.25190476190476
57.590816326530614
57.75489795918367
57.86775510204082
58.05727891156462
58.327551020408166
58.57612244897959
58.840544217687075
59.17578231292517
59.522380952380956
59.74074829931973
59.944761904761904
60.09292517006803
60.392925170068025
60.81156462585034
61.167414965986396
61.438911564625855
61.65340136054422
61.85380952380952
62.047278911564625
62.31823129251701
62.67496598639457
62.96557823129252
63.24231292517007
63.43013605442177
63.65108843537415
63.99659863945578
64.26755102040816
64.55401360544218
64.888231292517
65.1865306122449
65.53938775510204
65.85598639455782
66.1486394557823
66.36442176870747
66.74190476190478
67.0865306122449
67.46462585034016
67.91496598639455
68.2474149659864
68.49775510204083
68.79741496598639
69.14421768707481
69.56931972789116
69.93258503401361
70.22312925170068
70.46870748299321
70.69238095238094
70.91911564625852
71.0425850340136
71.30891156462584
71.51537414965986
71.88292517006803
72.01646258503402
72.12353741496598
72.22251700680272
72.53006802721089
72.95013605442176
73.36870748299322
73.57299319727892
73.78741496598641
73.96721088435375
74.25877551020409
74.47068027210884
74.78367346938776
75.0725850340136
75.37428571428572
75.55428571428571
75.70353741496598
75.93503401360545
76.31142857142856
76.63496598639458
76.91721088435375
77.18353741496598
77.43578231292518
77.6174149659864
77.86863945578233
78.22945578231293
78.58585034013606
78.73931972789116
78.98530612244899
79.25170068027211
79.66380952380953
80.1051700680272
80.63904761904762
80.9813605442177
81.15380952380953
81.47360544217688
81.9012925170068
82.33102040816327
82.78551020408165
83.43408163265306
83.82931972789116
84.09564625850342
84.45312925170069
85.04639455782313
85.65482993197278
86.42578231292518
87.02333333333334
87.54578231292517
88.1634693877551
88.9338775510204
89.81034013605444
90.85884353741497
92.11979591836736
93.30591836734695
94.57367346938776
96.02421768707484
97.69265306122449
99.35401360544216
100.84734693877552
102.39612244897958
104.15748299319728
105.98
107.58034013605442
108.99557823129253
110.43646258503401
111.72013605442177
112.57020408163265
112.93585034013606
113.07469387755103
113.28380952380954
113.53911564625851
113.72918367346938
113.78802721088435
114.0152380952381
114.35503401360543
114.62149659863945
114.58231292517007
114.49544217687077
114.59945578231293
114.71285714285713
114.79897959183674
114.84605442176871
115.04204081632653
115.28333333333333
115.50537414965987
115.42380952380952
115.32238095238095
115.47768707482993
115.808231292517
116.13020408163266
116.37074829931973
116.31312925170067
116.04925170068027
115.95578231292518
116.1682993197279
116.563537414966
116.88333333333333
117.00319727891157
117.11367346938776
117.53714285714287
117.80074829931974
117.62857142857143
117.28340136054423
116.89918367346941
116.27081632653062
115.31136054421768
114.39183673469388
113.53727891156463
112.88217687074831
112.30414965986395
111.70680272108844
110.89013605442179
109.61163265306124
107.87809523809526
105.97938775510204
103.94612244897958
101.83285714285715
99.76687074829931
98.01578231292517
96.17829931972788
94.43326530612245
92.72299319727891
90.99034013605443
89.27251700680273
87.73986394557824
86.4747619047619
85.02251700680273
83.41857142857144
81.83891156462585
80.45489795918368
79.16972789115647
77.6869387755102
76.22095238095238
74.75197278911565
73.3878231292517
71.94897959183672
70.4225170068027
69.12408163265306
68.00319727891157
66.86503401360545
65.51265306122448
64.23183673469389
62.93952380952382
61.774081632653065
60.67149659863946
59.73204081632653
58.7265306122449
57.80673469387755
57.04163265306123
56.48965986394558
56.219115646258516
55.912244897959184
55.44265306122449
54.58571428571429
53.6865306122449
52.755442176870744
51.747142857142855
50.4491156462585
48.92278911564625
47.538979591836735
46.29068027210879
44.92911564625844
