28.78585034013608
28.089931972789117
28.167482993197282
28.074489795918367
28.54795918367347
28.416734693877547
28.640748299319725
28.266598639455786
28.081156462585035
27.696462585034016
27.497891156462586
27.62938775510204
27.178367346938774
26.85571428571429
26.395238095238096
26.757414965986396
26.977074829931972
27.173061224489793
27.007755102040818
26.73795918367347
27.194557823129255
27.130544217687078
26.94700680272109
26.572653061224493
26.755510204081634
26.4887074829932
26.220544217687078
26.17775510204082
26.5343537414966
26.732857142857142
26.350340136054424
25.83707482993198
25.78557823129252
25.80238095238095
26.108027210884355
26.197891156462585
26.26761904761905
26.081156462585035
26.005102040816325
25.877823129251702
26.02408163265306
26.02149659863946
25.807210884353744
25.56074829931973
25.66897959183673
25.699115646258505
25.85156462585034
26.16551020408163
26.82095238095238
27.020204081632656
26.537346938775514
26.173197278911566
26.3056462585034
26.562312925170072
26.59136054421769
26.376462585034012
26.437959183673474
26.453197278911563
26.300544217687076
25.794081632653064
26.268027210884355
27.09625850340136
26.885646258503403
26.36448979591837
26.10421768707483
26.844965986394563
26.89204081632653
26.929455782312928
26.43136054421769
26.292789115646258
26.30761904761905
26.290816326530614
25.82721088435374
25.390204081632653
25.85455782312925
26.2634693877551
26.444897959183674
26.037074829931974
26.270272108843542
26.285442176870752
26.02734693877551
25.83816326530612
26.280816326530612
26.430748299319728
25.85503401360544
25.84619047619048
26.023673469387756
26.420408163265307
26.37979591836735
26.46061224489796
26.02891156462585
26.01448979591837
25.95176870748299
26.29952380952381
26.32013605442177
25.997891156462586
25.493129251700683
25.54530612244898
25.225918367346942
24.982857142857142
25.135986394557825
25.791972789115647
25.676258503401364
25.6421768707483
25.561156462585032
25.656598639455783
25.55183673469388
25.639319727891152
25.570408163265306
26.03904761904762
26.137687074829934
25.84809523809524
25.748503401360548
26.378435374149664
26.609591836734698
26.6034693877551
26.625986394557824
26.70013605442177
26.923741496598637
26.824897959183673
26.790340136054425
26.9121768707483
26.857006802721088
26.977414965986398
26.901360544217688
27.308367346938777
26.89809523809524
26.942993197278913
26.908775510204084
27.22734693877551
27.400680272108843
27.447142857142858
27.547482993197278
27.580272108843538
27.694965986394557
27.782585034013607
27.913945578231296
28.34455782312925
28.533197278911565
28.41156462585034
28.23775510204082
28.927619047619046
29.517482993197284
29.187278911564626
28.961292517006804
29.227755102040817
29.758095238095244
29.587278911564628
29.576462585034015
29.100204081632654
29.53340136054422
29.955238095238094
30.214421768707485
30.10027210884354
30.446258503401364
30.785646258503405
30.815238095238094
30.591292517006806
30.835034013605444
31.15367346938776
31.568503401360545
31.884149659863944
32.37244897959184
32.51965986394558
32.69965986394558
33.0112925170068
33.185102040816325
33.094149659863945
33.197959183673476
33.591836734693885
34.31204081632653
34.46795918367347
34.34986394557823
34.44714285714286
34.8312925170068
34.87108843537415
34.65210884353742
34.97380952380953
35.64551020408163
36.07353741496599
36.1782993197279
36.62619047619048
37.205238095238094
37.92557823129252
38.023537414965986
37.95748299319728
37.70829931972789
38.24006802721088
38.90986394557824
39.73136054421768
40.613401360544216
41.43244897959183
41.99768707482993
42.58272108843538
43.218435374149664
43.94421768707483
44.825102040816326
45.530748299319725
46.047755102040824
46.87408163265306
48.14108843537415
49.019387755102045
49.83108843537414
50.84136054421769
52.23639455782313
53.97380952380952
55.61598639455782
56.49482993197279
57.66911564625851
59.47414965986394
61.81428571428572
63.909795918367344
66.19278911564626
68.59755102040816
70.7599319727891
72.83421768707484
74.86204081632654
76.9491156462585
78.93238095238095
81.28836734693877
83.748231292517
86.20353741496598
88.80870748299319
91.60816326530613
93.95829931972789
96.05680272108845
97.9587074829932
99.9665306122449
102.47190476190477
105.22163265306123
107.08442176870749
108.69476190476192
110.63510204081634
112.51809523809524
113.81013605442178
115.09326530612245
116.19537414965987
116.92938775510204
117.59027210884354
118.21061224489797
118.44367346938776
118.62959183673469
118.2960544217687
117.97598639455782
117.43251700680273
116.99517006802722
116.03503401360545
115.38850340136054
114.51224489795919
113.31510204081633
112.06768707482993
111.123537414966
109.95272108843538
108.3665306122449
106.864693877551
105.75877551020407
104.81585034013607
103.7312244897959
102.56156462585034
101.1513605442177
99.65802721088437
98.26619047619047
97.3995918367347
96.51680272108842
95.75306122448978
94.92190476190476
94.09605442176871
93.17857142857142
92.4347619047619
91.16530612244898
90.09496598639456
88.88285714285713
88.14551020408163
87.19299319727892
86.73414965986393
85.87598639455783
85.2274149659864
84.27666666666667
83.58680272108843
83.01646258503402
82.89176870748301
82.48333333333333
82.0113605442177
81.34231292517006
81.43013605442178
81.39367346938775
81.1625850340136
80.6495238095238
80.78510204081633
80.90163265306123
81.15795918367347
81.08687074829932
81.12081632653062
81.31095238095239
81.94659863945579
82.21843537414968
82.36448979591837
82.73108843537415
83.29374149659864
84.11170068027212
84.82959183673469
85.32578231292518
85.75687074829932
86.71544217687077
87.80326530612246
88.88510204081634
90.09938775510204
91.26714285714286
92.46360544217687
93.8556462585034
95.31408163265306
96.75795918367346
97.9404081632653
99.52081632653062
101.42231292517008
103.37734693877552
104.36176870748301
105.96857142857144
107.69857142857143
109.40938775510205
111.03367346938776
113.04809523809524
114.52870748299318
115.68231292517008
117.22326530612246
118.87074829931973
120.28455782312926
121.32639455782314
122.62877551020408
124.13380952380953
125.9357142857143
127.53095238095239
128.77659863945578
129.30013605442178
130.0731292517007
131.30088435374148
132.4534693877551
133.18040816326533
133.81020408163266
134.63319727891158
135.31591836734694
136.03884353741498
136.81217687074832
137.79897959183677
138.7860544217687
139.54632653061225
140.33285714285714
141.00619047619048
141.72006802721086
142.20319727891155
142.4442857142857
142.52374149659863
142.82884353741497
143.26319727891155
144.0612244897959
144.7744217687075
145.26163265306124
145.09707482993196
145.15272108843538
145.39414965986396
145.75421768707486
145.85374149659864
146.20639455782313
146.6491156462585
147.14843537414967
147.31204081632654
147.68333333333334
147.7609523809524
148.0933333333333
148.1292517006803
148.46040816326533
148.55714285714288
148.85530612244898
148.6129931972789
148.76340136054424
148.83721088435374
148.85761904761904
148.79108843537415
149.07265306122449
149.22551020408162
149.34102040816327
149.47877551020412
149.46938775510205
149.40537414965985
149.45680272108842
149.45591836734695
149.42149659863946
149.39013605442176
149.23673469387757
149.0338775510204
149.25204081632654
149.2061904761905
148.85292517006803
148.5156462585034
148.5746258503401
148.7761224489796
148.45428571428573
148.25074829931972
147.86904761904762
148.10360544217687
148.01496598639454
147.9136734693878
147.4442857142857
147.38673469387754
147.12891156462587
146.9778231292517
146.604693877551
146.69190476190474
146.74938775510202
146.67122448979592
146.1625850340136
145.9291836734694
145.61734693877554
145.12326530612245
144.63353741496599
144.55326530612246
144.63020408163266
144.70959183673472
144.38006802721088
143.89707482993197
143.2865986394558
142.82734693877552
142.5938775510204
142.7487074829932
142.78680272108846
142.45972789115646
142.1521088435374
141.68489795918367
141.3861224489796
140.78278911564627
140.82503401360546
140.5352380952381
140.52462585034016
140.1226530612245
140.14469387755102
139.60244897959183
139.13850340136054
138.53687074829932
138.36503401360545
137.67857142857144
137.44074829931972
137.02993197278911
136.97040816326532
136.24952380952382
135.96816326530615
135.54278911564626
135.16210884353742
134.7174149659864
134.43136054421768
134.30489795918368
133.96319727891154
133.60544217687078
133.05469387755102
132.8304081632653
132.26013605442176
131.8808163265306
131.68530612244896
131.59448979591838
130.99680272108844
130.4965306122449
130.20421768707482
129.81244897959186
129.164693877551
128.65414965986395
128.04687074829934
127.50000000000001
126.93598639455783
126.51244897959185
125.94510204081634
125.28789115646259
124.66448979591837
124.18646258503401
123.77455782312926
123.58761904761904
123.24517006802722
122.89904761904762
121.98782312925171
121.5839455782313
120.72020408163266
120.15108843537415
119.43802721088436
119.42163265306122
118.68326530612245
117.85380952380953
116.76782312925171
116.19340136054421
115.6765306122449
115.07707482993196
114.42074829931974
113.91557823129253
113.62455782312925
112.96863945578231
112.31360544217686
111.50442176870749
110.75306122448981
109.96204081632654
109.22707482993196
108.70714285714286
108.16312925170067
107.6121768707483
106.92197278911566
106.1025850340136
105.2934693877551
104.63578231292517
104.02408163265305
103.01414965986396
102.07721088435375
101.40129251700681
100.73136054421768
99.85993197278911
98.92027210884355
98.36013605442177
97.71612244897958
96.95088435374149
96.04680272108844
95.4543537414966
94.71938775510203
93.99102040816327
93.08591836734695
92.27897959183674
91.26687074829933
90.58455782312926
89.95707482993198
89.45040816326531
88.71802721088436
88.30455782312926
87.54537414965986
86.49591836734695
85.52272108843539
84.9365306122449
84.00564625850339
82.97959183673468
81.94551020408161
81.52455782312926
80.74945578231294
79.79877551020408
78.71034013605441
78.25605442176871
77.643537414966
76.69768707482993
75.57156462585034
74.75734693877551
73.97340136054423
73.30142857142857
72.46925170068027
71.4878231292517
70.66292517006804
70.1169387755102
69.60081632653062
68.6338775510204
67.80428571428571
67.04333333333334
66.48231292517006
65.86897959183673
65.1008163265306
64.30496598639456
63.91639455782313
63.11959183673469
62.36510204081633
61.61925170068028
61.18707482993197
60.18326530612245
59.70367346938775
59.321700680272116
58.88367346938775
57.79659863945578
57.250136054421766
56.879115646258505
56.31938775510204
55.637346938775515
55.190952380952375
54.91006802721088
53.99911564625851
53.313265306122446
52.77510204081633
52.46795918367347
51.72326530612246
51.04333333333334
50.33544217687075
49.851360544217684
49.0225850340136
48.598503401360546
48.15183673469389
47.65986394557823
46.86850340136054
46.23095238095238
45.85000000000001
45.29578231292517
44.9443537414966
44.52836734693878
44.11102040816326
44.04598639455783
43.768299319727895
43.35850340136055
42.36061224489796
42.04421768707483
41.59952380952382
41.2512925170068
40.678231292517005
40.38816326530612
40.038163265306125
39.752585034013606
39.196666666666665
38.809931972789116
38.48884353741497
38.075578231292525
37.43517006802721
37.011156462585035
36.65537414965986
36.131020408163266
35.66945578231293
35.4495918367347
35.04734693877551
34.869183673469394
34.7347619047619
34.43965986394557
33.95612244897959
33.76394557823129
33.622789115646256
33.03387755102041
32.39333333333333
31.864557823129253
31.52047619047619
31.150816326530613
30.73190476190476
30.712993197278912
30.610884353741497
30.373061224489796
29.976802721088436
29.933129251700684
29.463401360544218
29.038367346938777
28.616802721088433
28.753061224489798
28.55340136054422
28.309591836734693
27.623265306122452
27.178435374149657
27.07299319727891
26.76544217687075
26.332040816326533
26.11544217687075
26.340000000000003
25.762993197278913
25.204693877551023
24.97292517006803
25.13408163265306
24.745374149659867
24.544149659863944
24.12374149659864
23.601768707482993
23.13537414965986
22.98265306122449
22.964489795918368
22.76374149659864
22.692517006802724
22.59020408163265
22.372993197278912
21.871564625850343
21.34727891156463
21.248367346938778
21.515782312925168
21.40734693877551
21.209251700680277
20.7087074829932
20.51183673469388
20.384149659863947
20.191428571428574
19.744761904761905
19.68176870748299
19.655510204081633
19.146326530612246
18.81639455782313
18.63843537414966
18.792040816326534
18.528707482993198
18.642108843537414
18.40639455782313
18.327346938775513
17.885238095238094
17.94204081632653
17.91952380952381
17.71530612244898
17.44265306122449
17.199659863945577
16.97877551020408
16.800544217687076
16.833469387755102
16.530816326530612
16.38061224489796
16.22394557823129
16.182244897959187
15.946530612244898
15.846938775510205
15.701020408163265
15.549659863945578
15.319319727891159
15.129183673469388
15.021020408163265
14.816666666666666
14.863401360544218
14.68312925170068
14.482585034013606
14.291632653061226
14.136326530612246
14.21843537414966
14.220136054421769
14.33326530612245
13.961564625850341
13.764149659863946
13.714013605442178
13.684421768707482
13.699863945578231
13.31517006802721
13.191972789115646
13.097006802721088
13.264421768707482
12.974965986394558
12.785510204081632
12.749931972789117
13.04469387755102
12.791564625850341
12.470748299319727
12.342925170068028
12.744421768707483
12.546326530612244
12.263469387755103
11.92108843537415
12.034557823129253
11.832857142857142
11.723401360544218
11.667959183673469
11.731836734693879
11.609795918367348
11.469931972789116
11.63700680272109
11.810408163265308
11.622993197278912
11.280000000000001
11.53122448979592
11.406122448979593
11.210816326530612
10.67421768707483
10.715646258503401
10.438231292517006
10.835918367346938
10.961088435374151
11.040340136054422
10.8221768707483
10.4378231292517
10.416666666666668
10.79673469387755
11.148231292517007
10.908231292517007
10.263809523809524
9.885986394557825
9.993197278911564
10.223605442176872
10.129115646258503
10.084421768707482
10.067346938775511
9.847823129251701
9.894761904761904
10.059659863945578
9.880884353741497
9.640476190476193
9.597142857142856
9.67204081632653
9.419591836734693
9.237414965986396
9.3143537414966
9.335714285714287
9.377142857142859
9.402312925170067
9.40517006802721
9.188503401360544
9.068095238095239
9.182312925170066
9.268231292517008
9.305238095238096
8.862789115646258
8.742585034013604
8.668503401360546
8.561496598639456
8.585102040816327
8.930544217687075
8.927619047619048
8.675850340136053
8.565238095238097
8.727891156462587
8.764013605442177
8.741904761904761
8.569591836734693
8.690272108843539
8.659931972789117
8.392380952380954
8.061564625850341
8.157619047619049
8.480884353741496
8.904013605442177
8.923197278911566
8.584965986394558
8.265238095238095
8.29795918367347
8.497959183673467
8.164353741496598
8.215034013605443
8.247414965986394
8.544421768707483
8.301088435374151
8.288231292517008
8.061972789115647
8.013469387755102
8.215782312925171
8.185102040816325
8.184965986394559
8.084081632653064
8.074353741496598
7.836598639455783
7.8507482993197275
8.250408163265305
8.295714285714286
8.122448979591837
8.089931972789115
8.207755102040817
8.056190476190476
7.803197278911565
7.904557823129252
7.876598639455783
7.974897959183674
7.795918367346939
7.816938775510204
7.833741496598639
8.094149659863946
7.919931972789116
7.755442176870749
7.446802721088436
7.696122448979593
7.881020408163266
8.125510204081632
8.071564625850339
8.247823129251701
8.133605442176872
8.236802721088434
8.176054421768708
8.286598639455782
8.326054421768708
8.280408163265307
8.195442176870749
8.374013605442176
8.589795918367347
8.601836734693878
8.570612244897958
8.620884353741495
8.405510204081633
8.261156462585033
8.556054421768707
9.11687074829932
9.151632653061226
8.882448979591835
8.819795918367348
8.775238095238096
8.919251700680272
9.026326530612245
8.878027210884355
8.824013605442177
8.910408163265306
9.163945578231292
9.04469387755102
9.134149659863944
8.889387755102039
9.139183673469388
9.330340136054422
9.43748299319728
9.135442176870749
8.952448979591837
9.181836734693878
9.207551020408165
9.164353741496601
9.096258503401362
9.156122448979591
9.23299319727891
9.694353741496599
9.896530612244899
9.69843537414966
9.614829931972789
10.274013605442176
10.449727891156463
9.970748299319729
9.653061224489797
10.2043537414966
10.405374149659865
10.180952380952382
10.211496598639457
10.40482993197279
10.284489795918368
10.407414965986396
10.447142857142858
10.518027210884354
10.710272108843538
10.894285714285715
10.70591836734694
10.779523809523809
11.121360544217687
11.200408163265307
10.763401360544217
10.757006802721087
10.873197278911565
11.432585034013606
11.329795918367347
11.815782312925169
11.796666666666667
12.021700680272108
11.832312925170068
12.09551020408163
12.117891156462585
12.049319727891158
12.06108843537415
11.976394557823129
11.733469387755104
11.55816326530612
11.940408163265307
12.233061224489797
12.123877551020408
12.063877551020408
12.177619047619048
11.888095238095238
11.634285714285715
11.939251700680272
11.838163265306124
11.464421768707481
11.276190476190477
11.587210884353741
11.455238095238098
11.262244897959185
11.127414965986395
11.379319727891158
11.477346938775511
11.093537414965988
10.668639455782312
10.619727891156462
10.61700680272109
10.700136054421769
10.847414965986395
10.733265306122451
10.469319727891158
10.319387755102042
10.206258503401362
10.08530612244898
10.054965986394556
9.660748299319728
9.627278911564627
9.672925170068028
10.026598639455784
9.874149659863946
9.78183673469388
9.406870748299319
9.239931972789115
9.48
9.588095238095239
9.728843537414967
9.189863945578232
9.163469387755104
8.88843537414966
8.987482993197279
9.064693877551022
8.866122448979592
8.538639455782313
8.084625850340137
8.404353741496598
8.659727891156464
9.00360544217687
8.75265306122449
8.654625850340135
8.278979591836736
7.9078911564625844
7.989455782312925
8.708095238095238
8.453741496598639
8.208367346938775
8.233333333333334
8.71591836734694
8.588367346938776
8.364149659863946
8.176462585034013
8.399115646258505
8.736938775510204
8.388027210884355
8.035986394557824
7.569455782312925
7.600816326530612
7.634965986394558
7.974897959183674
7.96108843537415
7.937823129251701
8.039047619047619
8.002312925170068
7.9938095238095235
7.568707482993197
7.627278911564627
7.525170068027212
7.334217687074831
7.15891156462585
7.431156462585034
7.697619047619048
7.698163265306123
7.880680272108844
7.725170068027211
7.355238095238096
6.970204081632653
6.8999999999999995
7.117142857142857
7.410068027210885
7.458503401360544
7.334217687074831
7.597551020408163
7.634897959183673
7.248911564625851
7.030748299319727
7.3966666666666665
7.7902721088435385
7.924081632653062
7.662448979591837
7.127619047619047
6.898163265306123
7.086598639455783
7.299387755102041
7.204013605442176
7.0304761904761905
7.301292517006804
7.784693877551021
7.7174829931972795
7.390272108843536
7.366462585034014
7.390476190476191
7.475170068027212
7.418571428571429
7.610204081632653
7.517551020408163
7.576870748299321
7.421564625850341
7.731020408163266
7.726802721088436
7.73795918367347
7.631156462585034
7.713673469387755
7.266802721088435
7.628775510204083
7.929727891156463
8.010408163265307
8.10190476190476
8.394489795918368
8.529251700680273
8.071972789115648
7.989047619047619
7.9765986394557835
7.962857142857143
7.818299319727892
7.753673469387755
7.8336054421768715
8.039183673469388
8.088231292517008
8.123061224489796
8.104897959183674
8.590340136054422
8.691836734693878
8.656598639455783
8.535034013605443
9.153333333333334
9.242517006802721
9.22517006802721
8.921020408163265
9.167278911564626
9.125034013605443
9.264421768707484
9.230816326530613
9.394013605442177
9.566190476190476
9.557142857142857
9.505170068027208
9.508299319727891
9.617755102040816
9.698979591836736
10.019251700680272
10.328979591836735
10.500544217687075
10.714217687074829
10.546394557823128
10.54918367346939
10.530340136054424
10.846122448979592
10.85625850340136
10.792721088435375
10.455510204081634
10.784625850340138
11.407142857142858
11.998163265306124
11.916802721088436
11.799659863945578
11.6543537414966
11.78530612244898
11.899931972789114
11.921768707482993
12.134013605442176
12.408367346938775
12.803333333333335
12.667755102040816
12.485238095238097
12.427551020408163
12.392108843537416
12.347755102040816
12.250544217687077
12.566666666666666
12.971564625850341
13.46843537414966
13.506938775510203
13.48687074829932
13.152925170068029
13.263809523809526
13.571632653061224
14.102244897959183
13.991768707482994
13.857551020408163
13.852380952380955
13.982653061224491
14.21857142857143
14.172789115646259
14.553945578231293
14.650544217687074
14.817006802721089
14.495986394557823
14.618843537414968
14.5587074829932
14.940340136054422
15.424897959183674
15.709387755102043
15.591904761904761
15.419727891156462
15.534965986394559
15.504557823129252
15.653537414965987
15.736598639455782
16.20040816326531
16.213945578231293
16.51
16.58544217687075
17.157619047619047
17.404489795918366
17.76312925170068
17.710204081632654
17.783673469387754
17.877142857142857
17.628979591836735
17.44326530612245
17.583197278911566
18.23258503401361
18.141836734693875
18.00244897959184
18.062789115646257
18.699727891156463
19.228639455782314
19.446938775510205
19.55401360544218
20.012380952380955
20.589183673469385
21.21673469387755
21.570476190476192
21.77857142857143
21.67904761904762
22.17387755102041
22.677006802721092
23.13571428571429
23.339047619047623
23.720544217687074
24.25278911564626
25.21578231292517
26.27231292517007
27.18700680272109
28.269115646258506
29.101836734693876
29.729659863945578
30.102721088435377
30.740272108843538
31.21965986394558
31.560408163265308
31.7956462585034
32.20149659863945
31.934285714285714
31.282448979591834
31.025442176870747
31.431972789115648
31.16482993197279
30.474217687074834
30.10789115646259
30.641496598639456
30.97374149659864
30.78952380952381
30.712585034013607
30.626190476190473
30.864217687074834
31.325306122448982
31.933809523809526
31.64904761904762
31.344557823129254
32.06782312925171
32.585306122448976
33.04986394557823
33.17666666666667
33.7743537414966
33.94884353741496
34.387074829931976
35.043945578231295
35.553265306122455
35.81809523809524
36.09789115646259
36.36190476190476
36.09115646258503
36.32836734693878
36.704353741496604
37.13578231292517
37.09108843537415
37.08136054421769
37.01340136054422
36.80020408163265
36.87034013605442
36.73074829931973
36.52428571428571
36.35462585034014
36.7160544217687
37.44605442176871
37.512585034013604
37.505442176870744
37.39952380952381
37.9087074829932
38.230000000000004
38.227482993197285
38.053401360544214
37.777755102040814
37.678775510204076
37.72489795918368
37.96034013605443
37.38258503401361
36.53721088435374
35.86680272108843
35.54272108843537
34.78299319727891
33.774149659863944
32.54190476190476
31.666666666666664
30.243197278911566
28.86768707482993
27.41387755102041
26.602585034013607
25.224013605442178
23.93904761904762
22.5165306122449
21.39802721088435
19.788979591836735
18.467074829931974
16.895374149659865
15.891020408163266
14.729115646258501
13.607074829931973
12.390136054421768
11.707551020408165
11.107687074829933
9.974829931972788
9.766122448979592
9.325102040816326
8.753809523809522
7.946326530612245
7.6521768707483
7.229795918367348
6.890612244897959
6.735306122448979
6.201632653061225
5.6072108843537425
5.339727891156462
5.165578231292514
4.703843537414962
