165.46989795918373
165.67040816326528
165.75510204081633
165.69510204081632
165.60503401360543
165.44061224489795
165.35714285714286
165.22272108843538
165.17496598639457
165.2238775510204
165.35027210884354
165.26578231292518
164.98489795918368
164.73897959183674
164.58489795918368
164.56278911564627
164.55428571428573
164.56993197278913
164.65210884353743
164.79598639455784
164.78585034013605
164.56
164.40340136054422
164.2901360544218
164.33469387755105
164.45061224489797
164.53333333333336
164.4178231292517
164.37020408163266
164.47659863945577
164.54
164.5882993197279
164.52224489795918
164.44387755102042
164.32938775510206
164.27108843537417
164.1379591836735
163.99231292517007
163.84421768707483
163.8987074829932
164.17850340136056
164.49904761904762
164.6436054421769
164.78897959183678
164.85972789115647
164.8761224489796
164.8395918367347
164.81108843537413
164.68904761904764
164.66367346938776
164.70006802721088
164.6961224489796
164.64333333333335
164.70904761904762
164.75564625850342
164.72108843537416
164.79068027210886
164.86931972789117
164.87278911564624
164.79585034013607
164.70891156462585
164.6736054421769
164.75537414965987
164.89142857142858
164.87850340136055
164.87013605442178
164.90721088435373
164.97414965986394
164.93156462585034
164.79870748299322
164.44414965986394
164.23469387755102
164.10537414965987
164.20081632653063
164.3413605442177
164.54619047619047
164.59544217687076
164.68857142857144
164.80469387755105
164.85183673469388
164.66925170068026
164.51816326530613
164.43897959183673
164.45197278911564
164.33782312925172
164.2604081632653
164.18857142857144
164.22931972789115
164.35319727891158
164.55068027210885
164.6374829931973
164.6308843537415
164.6591156462585
164.81673469387755
165.03659863945578
165.14374149659864
165.0178231292517
164.80891156462584
164.67564625850343
164.76748299319726
164.9457823129252
165.0356462585034
165.06251700680272
165.1625850340136
165.18462585034015
165.16102040816327
165.2771428571429
165.60204081632654
165.9387074829932
166.31802721088434
166.66292517006804
167.00367346938776
167.3852380952381
167.73591836734693
168.03238095238095
168.23503401360543
168.54020408163262
168.8220408163265
169.1496598639456
169.41931972789115
169.74095238095242
170.09918367346938
170.47047619047623
170.69945578231292
170.84578231292517
171.17244897959182
171.62156462585034
171.99714285714288
172.2829931972789
172.50938775510204
172.76721088435374
173.05469387755105
173.28707482993198
173.3647619047619
173.63129251700678
174.09646258503403
174.51843537414965
174.73891156462588
175.0266666666667
175.46401360544218
176.03367346938776
176.66374149659862
177.25714285714287
177.71122448979594
178.0691836734694
178.51707482993197
178.97530612244898
179.47530612244898
180.0122448979592
180.55258503401362
180.951768707483
181.30455782312924
181.7348299319728
182.1800680272109
182.52551020408166
182.8213605442177
183.1673469387755
183.66115646258504
184.23578231292515
184.80897959183676
185.3705442176871
186.0857142857143
186.97761904761907
187.95408163265307
188.85238095238094
189.6539455782313
190.3852380952381
191.21190476190478
191.98108843537418
192.74272108843536
193.41204081632654
194.10013605442177
194.76108843537418
195.54714285714286
196.32619047619048
197.07462585034017
197.77768707482994
198.57367346938776
199.41061224489795
200.277074829932
201.0760544217687
201.9640136054422
202.8508843537415
203.76496598639454
204.50707482993198
205.3461904761905
206.26074829931974
207.17714285714285
207.94251700680272
208.81659863945578
209.85455782312928
210.74217687074832
211.5014965986395
212.34680272108844
213.3195918367347
214.19156462585036
214.92639455782313
215.73632653061225
216.56442176870746
217.36197278911564
217.9625170068027
218.64673469387756
219.35408163265308
220.0821088435374
220.68850340136055
221.33748299319728
221.9526530612245
222.5921768707483
223.09721088435373
223.60095238095238
224.0757142857143
224.63074829931975
225.08551020408163
225.5257142857143
225.92578231292518
226.36231292517004
226.7812244897959
227.1905442176871
227.49068027210885
227.71156462585034
227.98217687074828
228.30421768707484
228.57462585034017
228.77074829931973
228.98489795918368
229.22979591836736
229.44503401360544
229.61904761904762
229.6987074829932
229.77714285714285
229.84673469387755
229.94455782312926
230.0140136054422
230.0800680272109
230.10231292517008
230.12591836734694
230.10850340136057
230.0760544217687
230.0412925170068
230.01074829931974
229.9417006802721
229.8227210884354
229.62972789115645
229.46285714285716
229.33687074829933
229.148231292517
228.89176870748304
228.6231292517007
228.4157142857143
228.18598639455786
227.9048299319728
227.57387755102042
227.28496598639455
227.00367346938776
226.71353741496597
226.42278911564628
226.05598639455783
225.5991836734694
225.14850340136059
224.73972789115646
224.3439455782313
223.95176870748298
223.51197278911565
222.99278911564627
222.50149659863945
222.04870748299322
221.57632653061225
221.09707482993196
220.63809523809522
220.08802721088438
219.48156462585035
218.93510204081633
218.4655782312925
218.01054421768708
217.53074829931973
217.00809523809525
216.45680272108845
215.92734693877551
215.45061224489797
214.97863945578234
214.5065986394558
213.9731292517007
213.51346938775512
213.05428571428573
212.551768707483
212.07802721088436
211.73353741496598
211.31380952380954
210.83027210884353
210.41115646258504
210.07272108843537
209.78619047619048
209.55734693877554
209.33823129251704
208.99122448979594
208.63544217687075
208.33006802721087
208.06
207.8787074829932
207.76149659863947
207.63455782312926
207.4025850340136
207.2026530612245
206.98027210884354
206.78945578231293
206.65945578231293
206.56285714285715
206.4957823129252
206.4217006802721
206.3912925170068
206.36714285714285
206.41598639455782
206.37482993197278
206.38489795918366
206.4881632653061
206.556462585034
206.5190476190476
206.543537414966
206.61095238095237
206.70251700680274
206.78510204081635
206.83863945578233
206.77680272108847
206.81809523809522
206.98945578231294
207.1395918367347
207.14081632653063
207.11748299319729
207.20034013605442
207.28714285714284
207.3187755102041
207.3673469387755
207.4883673469388
207.62952380952382
207.7036054421769
207.74727891156465
207.7336054421769
207.7391156462585
207.8029931972789
207.91782312925173
207.9444217687075
207.92115646258503
207.97564625850342
208.13190476190476
208.17231292517005
208.11761904761903
208.09333333333333
208.18421768707483
208.2396598639456
208.2374149659864
208.29809523809524
208.38802721088436
208.41108843537415
208.34149659863948
208.3252380952381
208.41775510204081
208.4059183673469
208.33816326530615
208.3312925170068
208.41156462585033
208.4609523809524
208.448843537415
208.49666666666667
208.47108843537416
208.41333333333333
208.30795918367346
208.35877551020408
208.3861904761905
208.3857142857143
208.34986394557825
208.35176870748302
208.27700680272108
208.23013605442176
208.24258503401362
208.23795918367347
208.2069387755102
208.14632653061227
208.09272108843538
208.08585034013606
208.15489795918367
208.14904761904765
208.03238095238095
208.04074829931972
208.155306122449
208.19979591836733
208.06544217687076
207.973537414966
207.9052380952381
207.81387755102043
207.76108843537412
207.7604081632653
207.75278911564627
207.6504081632653
207.5771428571429
207.46170068027212
207.36346938775512
207.303537414966
207.3338775510204
207.25074829931975
207.1551700680272
207.13639455782314
207.15510204081633
207.02625850340138
206.86625850340135
206.78938775510204
206.72476190476192
206.63639455782314
206.6178231292517
206.54598639455781
206.4084353741497
206.3031972789116
206.25795918367348
206.15503401360544
205.9761224489796
205.8836054421769
205.80326530612246
205.7460544217687
205.60598639455785
205.46823129251703
205.35999999999999
205.25333333333336
205.10755102040815
204.96210884353744
204.87503401360544
204.771768707483
204.611768707483
204.40292517006802
204.23979591836732
204.11265306122448
203.98544217687075
203.8102721088435
203.6395238095238
203.51795918367347
203.42666666666668
203.27462585034016
203.06945578231293
202.89897959183673
202.78326530612244
202.6342176870748
202.40700680272107
202.1727210884354
202.00428571428574
201.84387755102043
201.61571428571432
201.36639455782316
201.16687074829935
201.05034013605442
200.88197278911562
200.7039455782313
200.44911564625852
200.2343537414966
199.968231292517
199.74673469387756
199.49204081632655
199.24047619047622
198.9865986394558
198.75904761904764
198.5593197278912
198.3892517006803
198.1809523809524
197.8708843537415
197.51782312925172
197.25605442176874
197.05278911564625
196.8243537414966
196.48632653061225
196.15666666666667
195.79993197278912
195.47224489795917
195.12108843537416
194.86870748299322
194.6525850340136
194.45149659863947
194.1500680272109
193.85795918367347
193.60734693877552
193.34469387755104
193.0247619047619
192.7118367346939
192.40517006802722
192.08170068027212
191.78850340136054
191.5373469387755
191.1995238095238
190.81489795918367
190.50163265306122
190.23544217687075
189.9955102040816
189.66231292517006
189.35136054421767
188.99489795918367
188.79986394557824
188.51551020408164
188.13210884353742
187.6743537414966
187.2400680272109
186.93510204081633
186.68891156462587
186.458231292517
186.12183673469386
185.82088435374152
185.51789115646258
185.1025170068027
184.69088435374152
184.32333333333332
184.11455782312925
183.88673469387757
183.6234693877551
183.25380952380954
182.7921088435374
182.41108843537415
182.09224489795918
181.81224489795918
181.40802721088437
181.10374149659862
180.805306122449
180.495306122449
180.1056462585034
179.72775510204082
179.33142857142857
179.02680272108844
178.69074829931975
178.33360544217686
177.96755102040817
177.6469387755102
177.18
176.74217687074827
176.44564625850342
176.15455782312924
175.683537414966
175.23938775510206
174.85972789115647
174.56517006802721
174.21544217687074
173.8251700680272
173.36727891156465
173.0226530612245
172.57380952380953
172.11918367346937
171.66
171.31489795918367
170.86578231292515
170.49469387755101
170.09598639455783
169.66585034013605
169.23537414965986
168.85619047619048
168.4174149659864
167.95993197278915
167.5179591836735
167.1083673469388
166.67040816326534
166.295306122449
165.846462585034
165.29734693877555
164.75891156462586
164.31156462585034
163.82149659863944
163.38210884353742
162.9800680272109
162.58299319727894
162.0940816326531
161.64755102040814
161.2243537414966
160.79367346938776
160.27142857142857
159.78455782312926
159.35442176870748
158.9528571428571
158.42544217687075
157.95707482993197
157.5469387755102
157.1629931972789
156.70231292517008
156.13666666666666
155.62367346938774
155.2081632653061
154.86714285714285
154.33931972789117
153.8160544217687
153.30687074829933
152.87061224489796
152.33503401360542
151.89380952380952
151.55278911564625
151.247074829932
150.70299319727891
150.1690476190476
149.7221088435374
149.39625850340136
148.98115646258503
148.63353741496599
148.33129251700677
148.00034013605443
147.52312925170068
147.07462585034014
146.74414965986398
146.45761904761906
146.02857142857144
145.63625850340136
145.17047619047622
144.78891156462586
144.3892517006803
144.02721088435374
143.59897959183672
143.2125850340136
142.78244897959183
142.38585034013607
142.02931972789116
141.63238095238097
141.17503401360545
140.82374149659864
140.50312925170067
140.20360544217687
139.90401360544217
139.64680272108842
139.25204081632654
138.84292517006804
138.50163265306122
138.22986394557824
137.85965986394558
137.3708843537415
136.94727891156464
136.59401360544217
136.25074829931972
135.85156462585036
135.54265306122448
135.25455782312923
134.87340136054422
134.38496598639455
133.97326530612244
133.6369387755102
133.24231292517007
132.86102040816326
132.51768707482992
132.08816326530612
131.59748299319727
131.19204081632654
130.8572789115646
130.56673469387755
130.2178911564626
129.7913605442177
129.36074829931974
128.99795918367346
128.60802721088436
128.11557823129252
127.66380952380953
127.21714285714285
126.96727891156463
126.59809523809524
126.26802721088436
125.87537414965988
125.55278911564626
125.11299319727893
124.79931972789117
124.43639455782315
124.1043537414966
123.60938775510205
123.18945578231293
122.85088435374149
122.65891156462584
122.35000000000001
121.96448979591838
121.58993197278912
121.24285714285715
120.96435374149661
120.66925170068026
120.2895918367347
119.92931972789117
119.63346938775511
119.32945578231293
118.96142857142857
118.57
118.16884353741497
117.73020408163266
117.3552380952381
117.03972789115647
116.75428571428571
116.42095238095237
116.10006802721088
115.78387755102041
115.41115646258505
115.0308843537415
114.80761904761904
114.59952380952382
114.18972789115647
113.76850340136055
113.50748299319729
113.3256462585034
112.95727891156463
112.58755102040817
112.22374149659865
111.95006802721089
111.60530612244898
111.30272108843536
110.99176870748299
110.7434013605442
110.53972789115645
110.32659863945578
110.06163265306124
109.84102040816326
109.5895918367347
109.19605442176871
108.84204081632653
108.69802721088436
108.52183673469388
108.19884353741497
107.86367346938775
107.59272108843538
107.3299319727891
107.08374149659865
106.92204081632653
106.67020408163266
106.43244897959184
106.19938775510204
105.94333333333334
105.62938775510204
105.41435374149661
105.34727891156462
105.25442176870749
105.0556462585034
104.7639455782313
104.42761904761906
104.20578231292518
103.97755102040819
103.78210884353743
103.51707482993199
103.39054421768707
103.26714285714286
103.0760544217687
102.81414965986394
102.61081632653061
102.5170068027211
102.3374149659864
102.03102040816327
101.77959183673471
101.6943537414966
101.61374149659864
101.42489795918368
101.24523809523811
101.09721088435374
100.85782312925171
100.66183673469388
100.61006802721089
100.67639455782313
100.54741496598639
100.1734693877551
99.89884353741496
99.823537414966
99.89251700680273
99.83047619047619
99.77292517006804
99.5343537414966
99.3104081632653
99.06768707482993
98.93789115646258
98.756462585034
98.69231292517006
98.57326530612244
98.47027210884355
98.32925170068029
98.32095238095239
98.1995918367347
98.09115646258505
97.98673469387757
97.89850340136056
97.71727891156462
97.56829931972788
97.40741496598639
97.2225850340136
97.14979591836735
97.16061224489798
97.05598639455782
96.88687074829933
96.74578231292519
96.69605442176874
96.70782312925171
96.68578231292517
96.59768707482993
96.63530612244898
96.65768707482994
96.62333333333333
96.52394557823129
96.47469387755102
96.37979591836735
96.36190476190477
96.47360544217688
96.51278911564626
96.49122448979593
96.37340136054422
96.38761904761905
96.36224489795919
96.36149659863946
96.3965306122449
96.3912925170068
96.284693877551
96.28197278911564
96.40972789115646
96.51768707482992
96.54489795918366
96.57217687074831
96.57802721088436
96.64442176870749
96.65768707482994
96.67190476190476
96.72142857142858
96.82081632653062
96.89619047619047
96.98945578231292
97.12163265306124
97.11210884353741
97.2295918367347
97.42537414965986
97.71374149659864
97.75306122448978
97.80510204081634
97.88190476190476
98.1321768707483
98.39768707482995
98.54081632653062
98.53353741496598
98.60768707482993
98.93802721088436
99.32469387755103
99.65863945578232
99.81816326530613
100.0661224489796
100.33510204081632
100.66625850340137
101.01727891156462
101.29238095238094
101.62108843537416
101.9565306122449
102.42278911564628
102.81768707482995
103.15489795918367
103.46421768707484
103.87891156462584
104.39938775510204
104.75897959183672
105.04251700680271
105.4347619047619
105.92238095238096
106.45210884353742
106.9951700680272
107.54734693877552
108.01836734693877
108.42469387755104
108.89530612244897
109.39034013605442
109.81074829931974
110.22639455782313
110.75455782312925
111.3317006802721
111.73346938775511
112.15591836734696
112.56020408163266
112.9922448979592
113.46557823129251
114.01721088435374
114.41863945578233
114.76557823129252
115.06027210884355
115.4530612244898
115.81408163265306
116.30448979591836
116.7504081632653
117.19945578231292
117.5691156462585
117.94142857142857
118.41802721088436
118.81061224489797
119.09693877551021
119.33863945578231
119.63489795918369
120.0139455782313
120.39034013605443
120.80408163265307
121.11721088435375
121.38571428571429
121.6421768707483
121.99585034013606
122.38809523809523
122.73979591836735
123.00421768707483
123.23272108843538
123.49537414965987
123.90707482993197
124.19619047619047
124.48224489795919
124.73489795918368
124.9282993197279
125.03408163265306
125.31761904761905
125.58503401360544
125.89020408163265
126.3078231292517
126.65714285714286
126.68659863945578
126.76149659863947
127.04537414965986
127.46095238095238
127.79557823129252
127.93857142857142
128.12360544217688
128.41231292517006
128.74204081632655
128.96231292517007
129.17408163265307
129.40585034013606
129.68598639455783
129.90285714285716
129.9825850340136
130.06931972789116
130.3431292517007
130.55408163265307
130.58904761904762
130.62598639455786
130.7726530612245
130.9539455782313
131.04979591836735
131.07496598639455
131.01142857142858
131.01292517006803
131.0017006802721
130.86149659863946
130.74925170068028
130.75421768707483
130.73020408163265
130.5051700680272
130.28632653061223
130.10387755102042
129.99904761904764
129.72925170068027
129.3248299319728
129.02204081632652
128.96374149659863
128.94802721088436
128.67673469387756
128.26897959183674
127.84156462585034
127.48986394557824
127.1617006802721
126.81687074829932
126.39789115646259
125.85727891156463
125.36258503401359
125.0108843537415
124.69918367346938
124.17027210884353
123.676462585034
123.33455782312924
122.965306122449
122.36265306122449
121.92108843537414
121.53142857142856
121.09034013605442
120.55170068027212
120.17013605442177
119.7126530612245
119.33727891156462
118.90367346938775
118.39843537414966
117.76435374149659
117.28428571428572
116.88748299319727
116.57959183673469
116.27401360544218
115.88095238095238
115.45149659863947
115.05054421768708
114.70585034013605
114.21285714285716
113.78707482993198
113.46904761904763
113.15251700680271
112.80278911564625
112.49619047619049
112.12931972789117
111.70231292517008
111.33285714285715
111.01183673469387
110.65421768707483
110.38496598639456
110.2504081632653
109.94795918367348
109.50972789115647
109.0643537414966
108.77816326530612
108.44163265306122
108.10469387755103
107.70530612244897
107.46469387755101
107.26074829931973
106.96829931972789
106.48993197278912
106.27931972789116
106.07272108843537
105.84782312925171
105.46612244897959
105.14578231292518
104.76755102040816
104.4921768707483
104.26170068027211
103.97292517006804
103.68278911564626
103.3426530612245
103.17176870748298
103.02523809523811
102.88265306122447
102.5961224489796
102.36659863945579
102.16428571428573
101.95340136054423
101.7821768707483
101.70489795918368
101.64156462585034
101.49748299319728
101.31503401360544
101.13843537414967
100.9557142857143
100.78639455782314
100.58707482993196
100.50027210884355
100.45414965986394
100.38380952380953
100.28258503401361
100.13217687074831
100.02952380952382
99.93292517006805
100.02891156462584
100.03632653061226
99.91557823129253
99.82244897959184
99.86666666666667
99.92823129251701
99.8317006802721
99.74904761904762
99.79680272108844
99.7947619047619
99.78462585034013
99.71129251700681
99.681768707483
99.4947619047619
99.40591836734694
99.44836734693878
99.52272108843536
99.53204081632653
99.54183673469387
99.59503401360546
99.80959183673471
99.93170068027212
99.95578231292517
99.89251700680272
99.88680272108844
99.94285714285715
100.09095238095237
100.26401360544219
100.23986394557824
100.18748299319728
100.2608843537415
100.50687074829932
100.65646258503402
100.74557823129253
100.82108843537415
100.96367346938776
101.01802721088436
101.20891156462584
101.42197278911566
101.63455782312926
101.84891156462585
102.03891156462585
102.2017006802721
102.29945578231293
102.47993197278912
102.67959183673469
102.88285714285715
102.99802721088436
103.08578231292518
103.21414965986395
103.32938775510205
103.50319727891156
103.63115646258504
103.79598639455781
103.88197278911565
104.04204081632653
104.10904761904763
104.25265306122449
104.33775510204082
104.5113605442177
104.5039455782313
104.66999999999999
104.89496598639455
105.34244897959185
105.50435374149662
105.63823129251702
105.74843537414966
105.9926530612245
106.2257142857143
106.50081632653063
106.85428571428574
107.07102040816326
107.18414965986395
107.31687074829932
107.61088435374151
107.86727891156464
108.00503401360544
108.14734693877553
108.34802721088435
108.53836734693878
108.64
108.82965986394558
109.0186394557823
109.3056462585034
109.53768707482993
109.70707482993198
109.74891156462586
109.93816326530613
110.15163265306124
110.31312925170067
110.4125850340136
110.49959183673471
110.64312925170069
110.84625850340137
111.06469387755104
111.25414965986394
111.51972789115646
111.73993197278912
111.92503401360545
112.12
112.42476190476191
112.66789115646259
112.97129251700679
113.22278911564626
113.4178231292517
113.55843537414967
113.77748299319727
113.98299319727892
114.13197278911565
114.31938775510204
114.56687074829932
114.94578231292516
115.35653061224491
115.67448979591838
115.9321768707483
116.261768707483
116.638231292517
117.04312925170069
117.4422448979592
117.98040816326531
118.55170068027212
119.17040816326531
119.57768707482992
119.95965986394557
120.3947619047619
120.8770068027211
121.41197278911565
122.06727891156463
122.64741496598641
123.07414965986396
123.54809523809523
124.35721088435375
125.24700680272109
126.05748299319728
126.66462585034014
127.35244897959184
128.29122448979592
129.308843537415
130.32068027210886
131.4639455782313
132.72068027210884
133.9112925170068
135.11673469387753
136.69891156462586
138.4661904761905
140.29421768707485
141.99156462585034
143.6487074829932
145.30401360544218
146.96721088435373
148.52326530612245
149.89006802721087
151.17666666666668
152.30156462585035
153.08707482993196
153.5373469387755
153.79285714285714
153.9791836734694
154.0483673469388
154.18
154.34768707482996
154.55979591836734
154.77897959183673
155.04374149659864
155.10523809523812
155.121768707483
155.21326530612245
155.64156462585035
156.24346938775508
157.0452380952381
157.74925170068028
158.66054421768706
159.66585034013605
160.67095238095237
161.50340136054422
162.38455782312926
163.26149659863944
163.95598639455784
164.5273469387755
165.00326530612244
165.41632653061225
165.7795918367347
166.18217687074832
166.5326530612245
166.84204081632652
167.09952380952382
167.53272108843538
168.18836734693878
168.80972789115648
169.1518367346939
169.19034013605443
169.11537414965989
169.0523129251701
168.9212925170068
168.73374149659864
168.44952380952384
168.31551020408165
168.09367346938777
167.71850340136055
167.11972789115646
166.25557823129253
164.86204081632656
162.88462585034014
160.44088435374147
157.69149659863945
154.74687074829933
151.98238095238096
149.32469387755103
146.80727891156462
144.09707482993198
141.24136054421768
138.29312925170066
135.59163265306123
133.16034013605446
130.75632653061223
128.30768707482994
126.02326530612245
123.73789115646257
121.3831292517007
119.0308843537415
117.0552380952381
115.12326530612243
113.14945578231293
111.04013605442177
108.91333333333333
106.80585034013606
104.7212925170068
102.68163265306121
100.74816326530612
98.61707482993198
96.35591836734693
94.40047619047618
92.86408163265307
91.3322448979592
89.58469387755103
88.02707482993199
86.76367346938775
85.88836734693876
85.29503401360543
84.5544217687075
83.50081632653061
82.11639455782313
80.75591836734694
79.29625850340136
77.65972789115648
75.7348299319728
73.78496598639455
72.03258503401361
70.32986394557818
68.40860544217682
