165.18119047619055
165.42285714285714
165.39666666666665
165.30115646258506
165.2361224489796
165.11911564625848
164.98802721088435
165.03918367346938
165.07829931972788
165.14775510204083
165.0809523809524
164.9561904761905
164.66047619047617
164.41836734693877
164.338231292517
164.28020408163266
164.2630612244898
164.44503401360544
164.60006802721085
164.50897959183675
164.26714285714286
164.1922448979592
164.15979591836734
164.1834693877551
164.1859863945578
164.11462585034013
164.1243537414966
164.25380952380954
164.25448979591835
164.2424489795918
164.2696598639456
164.28904761904764
164.16455782312926
164.13040816326532
164.06251700680272
163.92108843537414
163.7074829931973
163.64251700680273
163.63122448979593
163.71020408163264
163.86020408163267
164.12721088435376
164.2809523809524
164.39564625850343
164.59863945578232
164.6948979591837
164.51013605442176
164.31632653061226
164.3222448979592
164.38469387755106
164.32020408163265
164.25727891156464
164.26108843537412
164.303537414966
164.33761904761906
164.35231292517005
164.42625850340136
164.5429931972789
164.6160544217687
164.5934693877551
164.51782312925172
164.43489795918367
164.42666666666668
164.50564625850342
164.61040816326533
164.7426530612245
164.7699319727891
164.7091156462585
164.5887755102041
164.59755102040816
164.43353741496603
164.2155782312925
164.0199319727891
164.08258503401362
164.18945578231293
164.38170068027213
164.46564625850343
164.50129251700682
164.48095238095237
164.52448979591836
164.40353741496597
164.2676870748299
164.20401360544216
164.18210884353743
164.03360544217688
163.99190476190475
163.96278911564625
164.0162585034014
164.07965986394558
164.24816326530612
164.29768707482992
164.33034013605442
164.48210884353745
164.64238095238096
164.75217687074831
164.56496598639458
164.40829931972792
164.3105442176871
164.41068027210883
164.5109523809524
164.61095238095237
164.68224489795918
164.7127210884354
164.77482993197276
164.8840136054422
165.0690476190476
165.20578231292518
165.45061224489794
165.78068027210884
166.15585034013606
166.4260544217687
166.7904081632653
167.13142857142861
167.50129251700685
167.72285714285715
167.93027210884355
168.17986394557823
168.50598639455782
168.78462585034015
169.03013605442177
169.39081632653063
169.7982993197279
170.18292517006805
170.39714285714285
170.5808843537415
170.89857142857144
171.3197959183674
171.78714285714287
172.12360544217688
172.33727891156465
172.5157142857143
172.70061224489797
172.8766666666667
173.1257823129252
173.3939455782313
173.6204761904762
173.95809523809524
174.51333333333335
174.961768707483
175.2613605442177
175.61238095238096
176.22687074829932
176.8455782312925
177.38387755102042
177.81863945578232
178.27367346938775
178.7038775510204
179.21360544217686
179.69380952380953
180.147074829932
180.62727891156464
181.09510204081633
181.42190476190478
181.72816326530614
182.05435374149658
182.4061224489796
182.80605442176872
183.38462585034014
184.0727210884354
184.6929931972789
185.22292517006804
185.87979591836736
186.7773469387755
187.67156462585035
188.42904761904762
189.23775510204084
190.11503401360545
190.94197278911565
191.66931972789115
192.45299319727891
193.24272108843536
194.01231292517005
194.67768707482992
195.42421768707482
196.11857142857144
196.78551020408162
197.4352380952381
198.3042176870748
199.17408163265307
199.9982993197279
200.84183673469386
201.8125850340136
202.68
203.44346938775513
204.19503401360546
205.0730612244898
206.0356462585034
207.01544217687075
207.89700680272108
208.8414285714286
209.77319727891157
210.66319727891158
211.4370068027211
212.31496598639455
213.175306122449
214.03013605442177
214.7890476190476
215.5856462585034
216.35639455782314
217.16897959183675
217.89714285714285
218.6095918367347
219.29129251700678
219.97238095238095
220.61945578231294
221.29340136054424
222.0331972789116
222.67578231292515
223.13278911564626
223.58537414965988
224.08809523809524
224.61204081632656
225.09632653061226
225.55394557823126
225.91959183673472
226.33278911564628
226.76122448979592
227.17414965986393
227.48680272108845
227.73020408163268
228.0012925170068
228.3659863945578
228.6925170068027
228.83435374149659
228.97074829931972
229.1865306122449
229.41986394557824
229.6061904761905
229.7039455782313
229.7668707482993
229.81020408163266
229.86551020408163
229.94945578231295
230.05115646258503
230.06775510204082
230.03945578231293
230.0296598639456
230.02918367346942
229.95020408163268
229.90115646258505
229.83782312925172
229.74666666666667
229.61959183673468
229.4531292517007
229.26816326530616
229.04374149659864
228.86054421768705
228.6203401360544
228.41183673469388
228.2270068027211
227.95285714285714
227.60272108843537
227.23238095238096
226.9357823129252
226.6136054421769
226.28721088435373
225.93911564625853
225.51537414965983
225.08897959183676
224.74591836734697
224.3538095238095
223.89142857142855
223.40476190476193
222.96462585034013
222.4661904761905
221.96469387755104
221.49564625850343
221.02857142857144
220.5425850340136
220.0331292517007
219.53115646258505
218.98204081632656
218.45142857142858
217.9183673469388
217.40612244897957
216.87034013605444
216.33768707482994
215.7774149659864
215.30136054421772
214.8391156462585
214.39102040816326
213.86115646258503
213.35979591836738
212.87360544217688
212.4830612244898
212.0665986394558
211.62455782312924
211.1612925170068
210.77068027210882
210.41673469387757
210.07659863945577
209.69850340136054
209.3974829931973
209.15918367346939
208.85687074829934
208.48585034013604
208.23292517006803
208.07095238095235
207.87482993197278
207.66
207.5126530612245
207.2692517006803
207.1042857142857
206.9334693877551
206.79571428571427
206.57931972789117
206.43367346938777
206.38190476190476
206.40829931972792
206.4039455782313
206.31680272108844
206.28312925170067
206.30265306122448
206.28292517006804
206.32721088435375
206.4103401360544
206.49068027210882
206.43272108843536
206.4125850340136
206.51931972789117
206.716462585034
206.77054421768707
206.75217687074831
206.82
206.94625850340137
207.00707482993198
207.0344217687075
207.12149659863948
207.20591836734692
207.24673469387756
207.25979591836733
207.3000680272109
207.48829931972787
207.63040816326534
207.68816326530612
207.65591836734694
207.69700680272112
207.70761904761906
207.72571428571428
207.73904761904765
207.78455782312926
207.85408163265308
207.93360544217688
207.99306122448982
207.9734693877551
207.97748299319727
208.04414965986393
208.10666666666668
208.14074829931974
208.17918367346937
208.16591836734693
208.16408163265308
208.24285714285716
208.30068027210885
208.2407482993197
208.2377551020408
208.29517006802723
208.34823129251703
208.37986394557825
208.39156462585035
208.3949659863946
208.3685714285714
208.35142857142858
208.3131972789116
208.25326530612244
208.22299319727892
208.28374149659865
208.34102040816327
208.30925170068028
208.2717006802721
208.2838775510204
208.30469387755102
208.24891156462587
208.23523809523812
208.18884353741498
208.12272108843538
208.01544217687075
207.99408163265306
207.97632653061225
208.0070068027211
208.08809523809524
208.10673469387757
208.01850340136056
207.98040816326534
207.9843537414966
207.93319727891156
207.85673469387757
207.85884353741497
207.84884353741495
207.75850340136054
207.69462585034017
207.63210884353742
207.62319727891156
207.56802721088434
207.50551020408165
207.37142857142857
207.24714285714285
207.1409523809524
207.05863945578233
206.97925170068027
206.95061224489797
206.91006802721088
206.86231292517007
206.77421768707487
206.68217687074832
206.59714285714287
206.5127210884354
206.39190476190475
206.23897959183674
206.21115646258505
206.2251700680272
206.15816326530611
206.01537414965986
205.88421768707485
205.77054421768707
205.6887074829932
205.63136054421773
205.51469387755105
205.3879591836735
205.30040816326533
205.23224489795922
205.08789115646258
204.92734693877551
204.78625850340137
204.61163265306124
204.47612244897962
204.351768707483
204.20272108843537
204.0378231292517
203.89870748299325
203.78102040816324
203.66061224489795
203.51285714285717
203.30081632653062
203.09721088435376
202.94945578231292
202.82136054421773
202.68687074829933
202.52462585034013
202.31442176870746
202.07775510204084
201.88734693877552
201.68965986394556
201.48931972789114
201.23272108843537
201.01517006802723
200.82258503401363
200.64836734693878
200.4883673469388
200.35047619047617
200.16224489795917
199.87061224489793
199.5395918367347
199.27074829931973
199.05374149659863
198.87585034013608
198.73163265306124
198.53897959183675
198.28115646258505
198.03272108843538
197.80666666666667
197.49272108843536
197.14054421768708
196.8814285714286
196.68095238095236
196.39523809523808
196.04272108843537
195.69551020408164
195.37809523809526
195.08693877551022
194.8094557823129
194.48204081632653
194.19714285714286
194.00108843537416
193.78047619047618
193.47299319727892
193.13721088435375
192.8416326530612
192.57299319727892
192.36040816326533
192.08761904761906
191.79401360544216
191.44897959183675
191.10727891156463
190.72333333333333
190.37367346938777
190.03517006802724
189.80142857142857
189.58551020408163
189.26503401360543
188.93163265306123
188.63666666666666
188.3819047619048
188.02870748299318
187.67727891156463
187.2652380952381
186.9029931972789
186.61510204081634
186.28571428571428
185.90455782312927
185.61687074829933
185.38210884353742
185.01503401360543
184.6412925170068
184.33809523809524
184.07523809523812
183.81149659863945
183.51870748299322
183.13204081632654
182.6847619047619
182.29646258503402
181.89122448979592
181.5710204081633
181.26510204081632
180.9165986394558
180.51510204081634
180.3060544217687
180.10013605442177
179.67911564625848
179.28176870748302
178.993537414966
178.73326530612246
178.35170068027213
177.91972789115647
177.44292517006804
177.05088435374148
176.74782312925169
176.45782312925172
176.10061224489797
175.57850340136054
175.02115646258505
174.61510204081634
174.35666666666665
174.06673469387755
173.65938775510205
173.1827210884354
172.8166666666667
172.45680272108842
172.00591836734696
171.51761904761904
171.17836734693878
170.7878231292517
170.43374149659863
170.0687074829932
169.58700680272108
168.97027210884355
168.50931972789115
168.21156462585037
167.88734693877552
167.47673469387755
167.09353741496597
166.62251700680272
166.12598639455783
165.62918367346936
165.09115646258505
164.61183673469387
164.1747619047619
163.71156462585031
163.18537414965985
162.6973469387755
162.28802721088437
161.88959183673472
161.4552380952381
160.99666666666667
160.58428571428573
160.21170068027212
159.71510204081633
159.2651700680272
158.81496598639455
158.38435374149662
157.8817006802721
157.35741496598638
156.92095238095237
156.49557823129254
155.97816326530614
155.3908163265306
154.92836734693878
154.56884353741498
154.15938775510205
153.7400680272109
153.2644217687075
152.76285714285714
152.13877551020408
151.71360544217686
151.37142857142857
151.07095238095238
150.66353741496602
150.19455782312926
149.6917006802721
149.23272108843537
148.75816326530614
148.33680272108842
148.04469387755103
147.72707482993198
147.30156462585035
146.9558503401361
146.6692517006803
146.27857142857144
145.85183673469385
145.4195238095238
145.01557823129252
144.6042857142857
144.13850340136057
143.72945578231293
143.35945578231292
143.0279591836735
142.5057142857143
142.13904761904763
141.85585034013607
141.62829931972792
141.25027210884355
140.8804761904762
140.461768707483
140.0969387755102
139.7948299319728
139.4649659863946
139.06496598639455
138.74136054421768
138.38231292517005
137.92857142857144
137.4374829931973
137.1182993197279
136.76632653061228
136.4324489795918
136.12598639455783
135.81904761904764
135.3821768707483
134.9457823129252
134.69020408163266
134.37380952380954
133.89503401360548
133.3395918367347
133.0130612244898
132.70748299319726
132.33326530612246
131.91115646258504
131.60387755102042
131.20421768707484
130.80367346938775
130.35244897959183
130.00979591836733
129.63367346938776
129.24544217687077
128.79326530612246
128.33068027210885
127.87761904761905
127.37721088435376
126.99734693877551
126.7060544217687
126.38659863945578
126.02489795918368
125.64360544217688
125.28115646258503
124.82727891156462
124.45782312925171
124.12122448979592
123.83537414965986
123.54285714285714
123.21938775510205
122.76340136054421
122.31156462585034
121.98272108843538
121.68537414965986
121.38843537414967
121.11006802721089
120.83428571428571
120.38353741496599
120.04857142857144
119.76537414965986
119.4965306122449
119.04013605442178
118.72925170068027
118.376462585034
118.00918367346938
117.62265306122448
117.25598639455784
116.88428571428572
116.5221768707483
116.31326530612245
115.94489795918368
115.58673469387756
115.18809523809526
114.99551020408164
114.67884353741496
114.3634693877551
113.95802721088435
113.63414965986395
113.34108843537416
113.02088435374151
112.66360544217687
112.40612244897959
112.16979591836736
111.81891156462585
111.43591836734693
111.19149659863945
110.88952380952381
110.64448979591836
110.32374149659864
110.06265306122448
109.78503401360544
109.62054421768708
109.37170068027211
108.98707482993197
108.60496598639457
108.36034013605443
108.13299319727892
107.80598639455782
107.6195918367347
107.53489795918368
107.29190476190476
106.92551020408163
106.60619047619046
106.3621768707483
106.15823129251702
106.00510204081634
105.87517006802722
105.59448979591836
105.33802721088435
105.18510204081633
104.99897959183673
104.68462585034015
104.41829931972791
104.26693877551021
104.07190476190476
103.82387755102039
103.5995918367347
103.37013605442178
103.22897959183675
103.0526530612245
102.8508843537415
102.58727891156464
102.42428571428572
102.28571428571429
102.0339455782313
101.77156462585035
101.58482993197279
101.5726530612245
101.40938775510205
101.20421768707482
100.99755102040815
100.88666666666667
100.65680272108844
100.42802721088435
100.42
100.45530612244899
100.27380952380953
99.99265306122449
99.80312925170068
99.74183673469388
99.6726530612245
99.67272108843538
99.5252380952381
99.28496598639455
99.01646258503402
98.82523809523809
98.70102040816327
98.59231292517008
98.46727891156462
98.31142857142858
98.27346938775511
98.25299319727893
98.17319727891157
98.06482993197278
97.9787074829932
97.89353741496599
97.76170068027211
97.54374149659864
97.35659863945578
97.21380952380952
97.0544217687075
96.84034013605442
96.7451700680272
96.781768707483
96.81517006802723
96.75707482993198
96.67319727891157
96.54428571428572
96.45727891156463
96.38843537414965
96.51870748299321
96.42707482993197
96.37231292517008
96.18149659863948
96.21183673469389
96.13428571428571
96.14421768707483
96.06877551020408
96.13482993197279
96.2700680272109
96.34578231292517
96.29278911564626
96.15333333333334
96.00802721088436
96.03278911564627
96.13646258503401
96.2600680272109
96.30455782312926
96.29482993197279
96.26027210884355
96.32809523809524
96.35551020408164
96.34387755102043
96.38013605442177
96.45081632653061
96.50367346938775
96.4543537414966
96.50156462585035
96.62068027210886
96.8339455782313
96.93272108843537
97.08496598639456
97.25340136054423
97.37360544217687
97.39136054421769
97.56551020408163
97.73619047619049
97.85190476190476
97.97680272108843
98.15278911564627
98.19605442176871
98.24455782312926
98.56013605442178
98.94843537414967
99.20278911564627
99.43904761904763
99.66925170068028
99.9369387755102
100.21421768707482
100.50911564625851
100.82829931972789
101.07632653061223
101.46258503401361
101.82809523809524
102.20993197278912
102.47591836734694
102.88421768707482
103.32639455782314
103.72394557823128
104.09904761904764
104.62176870748299
105.04965986394558
105.2839455782313
105.53809523809524
106.06979591836733
106.70979591836735
107.23102040816326
107.64693877551021
108.10673469387757
108.6108843537415
109.10088435374149
109.45727891156463
109.9412925170068
110.42761904761905
111.03564625850339
111.50863945578233
112.11646258503401
112.45258503401362
112.87183673469389
113.25585034013608
113.76557823129254
114.07938775510205
114.5630612244898
114.99925170068028
115.33068027210885
115.52054421768709
115.85142857142858
116.21578231292517
116.76333333333335
117.23408163265307
117.70938775510204
118.11244897959185
118.58496598639456
118.89142857142858
119.07965986394558
119.27646258503401
119.62238095238095
120.05761904761906
120.55571428571429
120.93891156462587
121.30163265306122
121.54557823129252
121.94557823129253
122.2761224489796
122.58673469387756
122.7744217687075
123.06591836734694
123.33367346938776
123.5926530612245
123.78523809523811
124.12278911564627
124.48074829931973
124.71013605442177
124.75931972789115
124.96727891156462
125.35700680272109
125.74625850340138
125.99707482993196
126.24448979591835
126.53204081632653
126.77653061224491
127.0065306122449
127.25190476190477
127.52319727891157
127.75448979591837
127.95598639455783
128.20829931972787
128.3625850340136
128.59884353741498
128.94891156462586
129.3059863945578
129.4491836734694
129.53068027210884
129.6794557823129
129.91918367346938
130.04197278911565
130.12020408163266
130.23122448979592
130.47299319727892
130.6222448979592
130.62911564625853
130.6687074829932
130.76639455782313
130.8531292517007
130.80802721088438
130.6774149659864
130.5717006802721
130.47625850340137
130.46925170068027
130.467074829932
130.32163265306122
130.11734693877554
129.96034013605444
129.8265306122449
129.53795918367348
129.341768707483
129.14714285714285
128.91850340136057
128.61027210884356
128.32387755102042
127.98156462585035
127.59782312925171
127.22931972789117
126.82911564625851
126.52557823129251
126.20346938775512
125.78680272108845
125.23319727891158
124.71244897959184
124.26503401360544
123.76972789115648
123.30904761904763
123.00972789115647
122.69918367346939
122.2095918367347
121.5934013605442
121.1751700680272
120.84061224489797
120.38544217687075
119.83897959183673
119.42
119.1287755102041
118.66734693877552
118.10714285714286
117.61095238095237
117.15537414965988
116.7478911564626
116.28360544217686
115.89945578231293
115.5095918367347
115.25891156462583
114.86836734693878
114.3565306122449
113.79863945578231
113.43979591836737
113.23408163265307
112.95993197278911
112.68122448979592
112.24551020408163
111.77639455782314
111.34190476190477
111.04387755102042
110.76748299319728
110.44557823129253
110.19959183673468
109.88775510204083
109.55891156462586
109.2269387755102
108.9491156462585
108.60863945578231
108.24571428571427
107.88142857142857
107.5930612244898
107.29183673469389
107.02755102040817
106.74578231292517
106.47877551020409
106.17136054421768
105.73931972789116
105.42340136054422
105.14605442176871
104.96646258503402
104.63197278911564
104.2830612244898
103.8852380952381
103.64993197278912
103.51061224489797
103.29748299319729
103.03210884353743
102.74564625850341
102.46768707482994
102.27428571428572
102.12442176870749
101.95551020408163
101.68619047619049
101.66448979591837
101.61197278911564
101.41639455782314
101.2256462585034
101.09149659863945
100.92115646258503
100.68034013605441
100.56673469387755
100.26945578231292
100.10857142857142
100.09401360544217
100.24829931972789
100.07523809523809
99.90850340136053
99.74074829931973
99.65095238095239
99.59340136054422
99.60897959183674
99.65374149659866
99.50802721088436
99.44510204081632
99.40129251700681
99.41721088435375
99.38027210884354
99.5012244897959
99.5895918367347
99.51346938775511
99.32544217687075
99.26639455782315
99.20448979591836
99.17333333333333
99.15945578231293
99.25734693877553
99.36326530612246
99.44442176870749
99.46816326530612
99.51326530612245
99.58027210884353
99.5969387755102
99.6125850340136
99.72074829931972
99.86605442176872
99.9070068027211
99.83122448979591
99.8934693877551
99.98272108843538
100.11707482993197
100.26721088435374
100.40047619047618
100.47210884353743
100.56510204081633
100.72374149659863
100.85102040816328
101.14190476190477
101.35020408163265
101.59312925170069
101.60244897959184
101.65183673469389
101.64489795918367
101.83136054421769
102.02204081632654
102.27727891156462
102.4452380952381
102.71544217687075
102.8691156462585
103.09768707482993
103.16306122448981
103.28680272108845
103.2578231292517
103.47836734693878
103.63074829931973
103.70122448979592
103.80659863945579
103.93938775510205
103.97292517006804
104.01632653061225
104.2539455782313
104.49551020408164
104.65707482993199
104.8201360544218
105.03442176870749
105.34442176870749
105.52884353741496
105.66006802721088
105.88877551020408
106.19891156462585
106.46993197278911
106.64081632653061
106.95931972789116
107.26945578231293
107.50979591836736
107.58666666666667
107.64142857142858
107.84129251700682
108.11598639455781
108.3047619047619
108.3652380952381
108.51367346938775
108.77557823129251
109.02489795918368
109.22938775510204
109.37918367346938
109.43945578231293
109.6878231292517
109.90714285714286
110.07401360544219
110.10727891156463
110.23564625850341
110.34292517006804
110.53612244897961
110.82612244897959
111.06843537414966
111.25619047619047
111.51931972789114
111.72870748299319
111.97326530612246
112.1008163265306
112.27421768707484
112.46034013605443
112.73095238095239
112.9974829931973
113.22183673469388
113.45367346938775
113.57129251700681
113.74455782312926
114.09061224489798
114.41578231292519
114.72537414965987
114.93639455782314
115.28571428571428
115.64340136054423
116.07387755102042
116.46931972789116
116.90442176870748
117.28197278911566
117.7152380952381
118.16802721088436
118.65197278911566
119.00197278911564
119.45299319727891
119.8713605442177
120.45462585034014
121.1604081632653
121.9113605442177
122.44972789115647
122.86578231292518
123.45775510204082
124.28285714285715
125.12496598639456
125.78925170068027
126.3860544217687
127.15619047619047
128.12380952380954
129.07068027210886
130.03625850340137
131.2031292517007
132.46639455782312
133.61367346938775
134.8108843537415
136.32952380952383
137.9821768707483
139.86489795918368
141.54598639455781
143.25496598639455
144.881768707483
146.624693877551
148.1543537414966
149.56945578231293
150.77510204081634
151.8156462585034
152.68428571428572
153.2038775510204
153.40952380952382
153.5183673469388
153.62095238095242
153.70870748299322
153.92734693877551
154.2616326530612
154.5609523809524
154.69972789115647
154.71714285714287
154.65272108843538
154.70591836734692
155.07857142857142
155.68074829931973
156.44639455782317
157.31741496598642
158.25136054421768
159.14938775510205
160.16673469387757
161.12
161.90748299319728
162.6052380952381
163.42
164.14421768707484
164.69292517006804
164.9991156462585
165.34863945578235
165.82013605442177
166.23564625850338
166.5051700680272
166.6895918367347
167.09183673469389
167.76659863945576
168.42789115646258
168.6757142857143
168.62115646258502
168.66231292517008
168.7191836734694
168.54102040816326
168.2908163265306
168.02469387755104
167.87068027210887
167.73122448979592
167.4687755102041
166.8840136054422
165.85503401360546
164.38190476190476
162.28850340136057
159.8969387755102
157.18455782312924
154.35530612244898
151.5678231292517
148.85006802721088
146.17891156462585
143.40578231292517
140.74163265306123
137.91244897959186
135.20054421768708
132.64238095238096
130.25231292517006
127.85911564625852
125.66258503401362
123.33360544217689
121.02292517006804
118.72877551020409
116.76421768707482
114.71721088435373
112.78789115646259
110.79040816326531
108.63285714285715
106.44136054421769
104.41387755102039
102.42816326530611
100.38795918367347
98.1896598639456
96.11149659863945
94.14870748299319
92.45054421768708
90.94163265306122
89.42598639455782
87.9095918367347
86.5661224489796
85.59530612244899
84.84795918367347
84.1261224489796
83.17326530612246
81.94619047619048
80.61401360544218
79.1191836734694
77.51170068027211
75.68714285714286
73.80646258503401
71.8347619047619
69.96809523809517
67.98833333333327
