189.19023809523813
189.71999999999994
190.08428571428573
190.40517006802722
190.70646258503402
190.90374149659866
190.99244897959184
191.0960544217687
191.2133333333333
191.34646258503403
191.39414965986398
191.34156462585034
191.15632653061226
190.96523809523808
190.7691156462585
190.6756462585034
190.8187074829932
191.02034013605441
191.16965986394558
191.26108843537415
191.2042857142857
190.99
190.7886394557823
190.78231292517006
190.76632653061222
190.70727891156463
190.6451700680272
190.68761904761902
190.70680272108845
190.711768707483
190.68360544217688
190.69721088435375
190.55
190.36374149659866
190.25306122448978
190.21585034013606
190.1117006802721
190.00659863945577
189.9621768707483
190.0155782312925
190.2091156462585
190.3601360544218
190.34857142857146
190.25986394557825
190.22619047619045
190.19408163265308
190.02605442176872
189.9965306122449
189.91326530612247
189.86292517006805
189.75034013605443
189.80238095238096
189.79755102040815
189.90755102040816
190.02938775510205
190.12394557823131
190.1482993197279
190.3455782312925
190.47374149659865
190.44469387755106
190.40972789115648
190.4365986394558
190.52231292517007
190.5172789115646
190.46027210884355
190.37469387755104
190.4325850340136
190.61952380952383
190.68115646258502
190.61469387755102
190.48149659863947
190.37414965986395
190.39142857142858
190.51414965986396
190.66863945578234
190.76557823129252
190.8874149659864
190.8901360544218
190.91857142857145
190.89938775510203
190.9274829931973
190.87891156462587
190.9649659863946
191.0214285714286
191.06755102040816
191.13795918367347
191.18972789115648
191.313537414966
191.46122448979594
191.62863945578232
191.59993197278914
191.5947619047619
191.67462585034014
191.78863945578235
191.77224489795918
191.6708843537415
191.5961224489796
191.59755102040816
191.65537414965985
191.801768707483
191.94789115646256
192.18163265306123
192.3262585034014
192.50551020408162
192.61244897959185
192.8018367346939
193.01367346938775
193.27931972789116
193.57680272108846
193.83489795918368
194.11585034013603
194.3227210884354
194.54598639455784
194.7486394557823
194.92523809523811
195.10809523809525
195.36013605442176
195.73537414965986
196.09768707482993
196.4487755102041
196.79408163265305
197.26571428571432
197.7325170068027
198.11673469387756
198.3717006802721
198.7004761904762
198.99462585034016
199.2839455782313
199.53006802721092
199.88074829931972
200.31510204081633
200.7282993197279
201.0021768707483
201.3074829931973
201.63265306122452
202.03639455782314
202.42571428571426
203.03244897959183
203.56836734693877
204.06163265306122
204.44333333333333
204.96013605442175
205.48537414965986
206.04142857142858
206.55816326530612
207.1290476190476
207.678231292517
208.26727891156463
208.77605442176872
209.36149659863946
209.91775510204081
210.54414965986393
211.03979591836733
211.57469387755106
212.0561224489796
212.56836734693877
213.04326530612246
213.5925850340136
214.10326530612244
214.62605442176869
215.02414965986395
215.4156462585034
215.84727891156464
216.363537414966
216.84074829931976
217.30163265306123
217.81938775510204
218.3904081632653
218.90183673469392
219.42795918367347
219.92306122448983
220.47829931972788
220.92272108843537
221.41578231292516
221.85115646258504
222.3648299319728
222.8262585034014
223.33979591836737
223.74775510204083
224.2121768707483
224.63122448979593
225.03795918367348
225.43482993197279
225.89081632653063
226.31857142857143
226.730612244898
227.1748299319728
227.5757142857143
227.95421768707484
228.3595918367347
228.7760544217687
229.16414965986397
229.56721088435378
229.99952380952382
230.3948299319728
230.77129251700683
231.1100680272109
231.51176870748301
231.93312925170068
232.36639455782313
232.7112925170068
233.03945578231296
233.36455782312927
233.6974829931973
233.95503401360543
234.22102040816327
234.48952380952383
234.73081632653063
234.95571428571427
235.22591836734696
235.53360544217688
235.75823129251702
235.93224489795918
236.06931972789116
236.22863945578231
236.39278911564628
236.58802721088438
236.77714285714288
236.85897959183671
236.91360544217687
237.01510204081632
237.19598639455782
237.2951700680272
237.36673469387756
237.38503401360543
237.38884353741497
237.3647619047619
237.44612244897962
237.531768707483
237.60149659863944
237.59380952380954
237.52625850340135
237.41571428571427
237.3508843537415
237.32578231292518
237.2765306122449
237.17054421768705
237.0621768707483
236.9865306122449
236.91292517006804
236.75204081632654
236.55448979591839
236.3448299319728
236.1938095238095
236.03938775510204
235.8934693877551
235.7112925170068
235.5234693877551
235.31435374149663
235.08244897959185
234.86074829931974
234.60755102040815
234.37952380952382
234.1374829931973
233.89666666666665
233.5929931972789
233.33707482993196
233.09170068027208
232.81986394557822
232.53319727891156
232.3095238095238
232.0848299319728
231.8134693877551
231.4961904761905
231.2217006802721
230.93734693877553
230.63986394557824
230.3331972789116
230.06727891156464
229.75496598639455
229.4434693877551
229.17108843537414
228.93721088435373
228.60374149659864
228.2821768707483
228.00544217687076
227.72741496598638
227.3578911564626
227.0009523809524
226.74469387755101
226.47074829931975
226.13857142857145
225.7587755102041
225.43292517006805
225.19632653061225
224.98551020408166
224.68938775510205
224.40244897959184
224.2056462585034
224.01680272108848
223.72231292517006
223.43986394557825
223.1809523809524
222.9482993197279
222.7478911564626
222.57931972789117
222.38034013605443
222.21850340136055
222.08244897959187
221.99088435374154
221.86816326530615
221.69714285714286
221.48061224489797
221.33299319727894
221.25462585034015
221.15700680272107
220.99224489795918
220.881768707483
220.88931972789115
220.88659863945577
220.76414965986393
220.6314285714286
220.5861224489796
220.56462585034015
220.5953741496599
220.59061224489795
220.57299319727892
220.51489795918366
220.5675510204082
220.62360544217688
220.6177551020408
220.5398639455782
220.52095238095237
220.62884353741498
220.69217687074828
220.7195918367347
220.70306122448977
220.6665986394558
220.60700680272112
220.62394557823126
220.6818367346939
220.6761224489796
220.65972789115648
220.65489795918367
220.60374149659862
220.57945578231292
220.5792517006803
220.5930612244898
220.6148299319728
220.70462585034014
220.77755102040817
220.79755102040818
220.73387755102044
220.67455782312928
220.61108843537417
220.60353741496598
220.53054421768707
220.54782312925173
220.53292517006804
220.59380952380954
220.54877551020408
220.52578231292517
220.4569387755102
220.43897959183676
220.39455782312928
220.31530612244902
220.24197278911566
220.23612244897961
220.25115646258504
220.2775510204082
220.32
220.39013605442176
220.33632653061224
220.26870748299322
220.17836734693878
220.1760544217687
220.19367346938776
220.2487755102041
220.2217006802721
220.15
220.1392517006803
220.16544217687073
220.19455782312926
220.11979591836732
220.01700680272108
219.9473469387755
219.89809523809524
219.89408163265307
219.87884353741495
219.93020408163267
219.8736734693878
219.80027210884356
219.7561224489796
219.81632653061226
219.79945578231292
219.72619047619048
219.66272108843538
219.66136054421767
219.5629931972789
219.45802721088438
219.4227210884354
219.4213605442177
219.35809523809525
219.30448979591836
219.27877551020407
219.1569387755102
218.98006802721088
218.89326530612246
218.88333333333335
218.87482993197278
218.75727891156464
218.58578231292518
218.4434693877551
218.42244897959182
218.39918367346937
218.31891156462586
218.21285714285716
218.11292517006805
218.04931972789117
218.01551020408166
217.96986394557825
217.9112925170068
217.83986394557823
217.74115646258502
217.6352380952381
217.5787074829932
217.58727891156462
217.58394557823132
217.4995918367347
217.3330612244898
217.18251700680273
217.10510204081632
217.03136054421768
216.99571428571426
216.91870748299317
216.73000000000002
216.52278911564625
216.42891156462585
216.37353741496597
216.22755102040816
216.08122448979594
215.99911564625853
215.94482993197283
215.8256462585034
215.64979591836735
215.5
215.3460544217687
215.1825850340136
215.09768707482993
214.98931972789117
214.80687074829933
214.53775510204082
214.3687074829932
214.18863945578232
214.06013605442178
213.86047619047622
213.663537414966
213.4685714285714
213.34639455782315
213.20931972789117
213.08367346938778
212.9769387755102
212.88544217687075
212.61748299319726
212.30544217687074
212.07115646258504
211.9204761904762
211.73646258503402
211.54455782312925
211.3225850340136
211.07687074829934
210.86571428571432
210.63591836734696
210.45326530612243
210.24551020408163
209.9916326530612
209.63680272108846
209.34680272108847
209.08442176870747
208.76721088435374
208.50074829931972
208.30761904761903
208.10217687074828
207.72190476190474
207.2960544217687
206.96455782312927
206.738843537415
206.47088435374152
206.1548979591837
205.8525170068027
205.56190476190477
205.24727891156462
204.95210884353742
204.66448979591837
204.37952380952385
204.11680272108845
203.82612244897962
203.49714285714285
203.25142857142856
202.9544897959184
202.62884353741498
202.32639455782314
202.05986394557823
201.7138775510204
201.311768707483
201.03748299319727
200.7361224489796
200.36380952380952
199.8968707482993
199.54095238095238
199.25625850340137
198.9487074829932
198.66176870748302
198.3481632653061
198.06503401360544
197.69687074829935
197.36537414965989
196.99897959183676
196.66027210884357
196.26027210884354
195.94918367346938
195.72755102040816
195.46727891156462
195.01952380952383
194.54870748299322
194.19408163265308
193.90000000000003
193.57571428571427
193.2257823129252
192.8217006802721
192.50591836734694
192.19850340136054
191.8586394557823
191.44496598639458
191.1660544217687
190.8425170068027
190.47340136054422
190.02884353741499
189.63857142857142
189.24945578231294
188.9160544217687
188.5595918367347
188.1856462585034
187.78510204081635
187.41421768707482
187.05278911564628
186.68149659863946
186.26979591836735
185.84632653061226
185.4257142857143
185.07741496598638
184.76877551020408
184.42972789115646
184.06727891156464
183.67217687074833
183.2291156462585
182.79857142857145
182.47761904761907
182.03809523809525
181.51088435374152
181.00857142857143
180.65673469387755
180.2444217687075
179.7712925170068
179.2756462585034
178.83727891156462
178.4448299319728
178.05210884353744
177.64285714285717
177.2479591836735
176.7979591836735
176.3413605442177
175.8895918367347
175.48163265306124
175.04285714285714
174.62040816326532
174.25231292517006
173.89285714285714
173.56149659863945
173.1157823129252
172.74693877551022
172.3278231292517
171.81843537414966
171.19367346938776
170.72108843537416
170.3448979591837
170.01244897959182
169.60278911564626
169.1144897959184
168.6352380952381
168.25972789115644
167.8822448979592
167.4848299319728
167.14156462585035
166.67074829931974
166.09863945578232
165.58129251700683
165.23231292517008
164.85238095238094
164.3827210884354
163.96190476190475
163.61693877551022
163.2804761904762
162.87333333333333
162.43503401360545
161.9714285714286
161.5740136054422
161.15959183673468
160.90537414965985
160.65795918367348
160.3260544217687
159.776462585034
159.30040816326533
158.92088435374149
158.56129251700682
158.16965986394558
157.8113605442177
157.44938775510207
157.12387755102043
156.8012244897959
156.54421768707485
156.19551020408164
155.7403401360544
155.3122448979592
154.99326530612242
154.656462585034
154.2713605442177
153.9526530612245
153.58653061224493
153.26707482993197
152.9708163265306
152.71163265306123
152.38197278911565
152.00340136054422
151.59714285714287
151.19081632653064
150.8583673469388
150.50326530612244
150.1514285714286
149.7656462585034
149.46646258503404
149.20612244897956
148.90108843537416
148.56734693877553
148.3021768707483
147.96102040816328
147.5436054421769
147.19585034013608
146.96482993197282
146.8334693877551
146.55612244897958
146.17843537414967
145.81557823129253
145.54333333333335
145.24455782312924
144.90979591836737
144.565306122449
144.15510204081633
143.82850340136054
143.497074829932
143.12639455782312
142.76421768707482
142.46292517006802
142.13972789115647
141.81625850340137
141.53319727891156
141.125306122449
140.77496598639453
140.49251700680273
140.2534693877551
139.99319727891157
139.82414965986396
139.56571428571428
139.26979591836735
138.86503401360545
138.4322448979592
137.9768027210884
137.75061224489798
137.59972789115648
137.31183673469388
136.94625850340134
136.57231292517008
136.3491156462585
136.01299319727892
135.6174149659864
135.12659863945578
134.72326530612247
134.35476190476192
134.14306122448977
133.7639455782313
133.38755102040818
133.00605442176868
132.7940136054422
132.53598639455782
132.24632653061224
131.82272108843537
131.43367346938777
131.11959183673468
130.8721768707483
130.62551020408165
130.41666666666669
130.0734013605442
129.76707482993197
129.42054421768708
129.0640136054422
128.6812244897959
128.42823129251698
128.24687074829933
128.04197278911562
127.79040816326531
127.491768707483
127.17931972789117
126.84108843537415
126.53707482993198
126.25122448979593
125.95680272108842
125.58707482993196
125.341768707483
125.05829931972791
124.84013605442178
124.61074829931972
124.52102040816327
124.26244897959185
124.02551020408164
123.85741496598641
123.66231292517008
123.4212925170068
123.34210884353742
123.30312925170068
123.02544217687075
122.6656462585034
122.4326530612245
122.20687074829932
121.89938775510204
121.65115646258504
121.4525850340136
121.1778231292517
120.87292517006803
120.7795918367347
120.67142857142859
120.40333333333335
120.07122448979592
119.8982993197279
119.78367346938775
119.51986394557824
119.3256462585034
119.24571428571429
119.08925170068028
118.78897959183674
118.63897959183674
118.63251700680273
118.60884353741497
118.46571428571428
118.3334693877551
118.12721088435376
117.9557142857143
117.80564625850342
117.84632653061226
117.83129251700682
117.72122448979592
117.49972789115645
117.45510204081633
117.39843537414966
117.33870748299319
117.1087074829932
116.89061224489797
116.71401360544219
116.7108843537415
116.69551020408164
116.65108843537415
116.60156462585034
116.6865986394558
116.72190476190477
116.65061224489796
116.53843537414966
116.43993197278914
116.29673469387754
116.17979591836735
116.13
116.00462585034015
115.85918367346939
115.823537414966
115.83312925170068
115.81448979591838
115.70299319727891
115.7187074829932
115.76095238095239
115.72632653061224
115.6165306122449
115.66646258503401
115.8239455782313
115.86673469387756
115.86489795918368
115.87659863945578
115.95979591836735
115.93904761904763
115.93326530612245
116.0091836734694
116.24333333333334
116.28482993197278
116.20795918367347
116.12027210884355
116.10326530612247
116.17040816326531
116.24829931972789
116.48761904761906
116.64244897959183
116.83918367346939
116.83360544217686
116.92741496598639
116.9912925170068
117.12013605442176
117.23142857142857
117.39693877551021
117.5312925170068
117.55517006802722
117.62884353741498
117.74564625850341
117.94986394557824
118.12850340136055
118.2504081632653
118.38462585034013
118.64680272108843
118.94482993197279
119.22646258503401
119.45863945578232
119.75530612244899
120.04210884353742
120.3040136054422
120.47074829931972
120.64204081632653
120.97680272108843
121.38374149659865
121.87551020408164
122.26619047619049
122.65312925170068
122.98591836734694
123.36231292517007
123.6243537414966
123.95489795918368
124.35816326530612
124.89578231292518
125.3695918367347
125.85544217687075
126.26299319727892
126.71204081632652
127.10993197278911
127.61408163265307
128.0069387755102
128.49979591836734
129.06625850340134
129.66102040816327
130.1134693877551
130.5938775510204
131.13414965986397
131.6038775510204
132.04965986394558
132.5721768707483
133.16197278911562
133.81306122448981
134.39020408163265
134.85530612244898
135.32183673469387
135.92578231292518
136.51884353741497
137.0248299319728
137.50496598639455
138.09428571428572
138.60843537414968
139.05972789115646
139.41795918367347
139.9187074829932
140.40925170068027
140.9772789115646
141.3917006802721
141.78414965986394
142.19476190476192
142.73034013605442
143.23768707482992
143.78585034013605
144.30244897959187
144.62448979591838
144.8795238095238
145.30680272108842
145.78673469387755
146.2056462585034
146.60700680272112
147.03489795918367
147.408231292517
147.76149659863947
148.02544217687074
148.31455782312923
148.66469387755103
148.98979591836735
149.20074829931974
149.5343537414966
149.9342176870748
150.20802721088435
150.45176870748298
150.7534693877551
151.10639455782314
151.4239455782313
151.75510204081633
151.9934693877551
152.19428571428574
152.4370068027211
152.67809523809524
152.93027210884355
153.178231292517
153.40761904761905
153.5591836734694
153.7281632653061
153.91578231292516
154.08714285714288
154.23013605442176
154.4165986394558
154.6474829931973
154.9455782312925
155.31163265306122
155.53918367346938
155.66598639455782
155.75945578231293
155.91945578231292
156.09462585034015
156.23619047619047
156.34687074829932
156.42204081632653
156.56727891156464
156.6961224489796
156.77585034013606
156.79891156462585
156.7854421768708
156.80462585034013
156.75530612244899
156.6829931972789
156.55557823129254
156.48
156.46360544217686
156.48639455782313
156.39687074829934
156.27585034013606
156.18102040816325
156.09707482993196
155.87714285714287
155.52823129251703
155.12544217687076
154.94156462585033
154.90585034013606
154.71979591836734
154.31272108843535
153.8857823129252
153.53523809523813
153.25850340136054
152.87380952380954
152.60068027210886
152.23857142857145
151.8240136054422
151.4160544217687
151.14714285714285
150.69
150.126462585034
149.66176870748296
149.3170068027211
148.90693877551018
148.4691836734694
148.00741496598638
147.5661224489796
147.08693877551022
146.5995918367347
146.21809523809526
145.82551020408164
145.36122448979592
144.80619047619047
144.29020408163268
143.84224489795918
143.40170068027214
142.91972789115647
142.50421768707483
142.1938095238095
141.813537414966
141.29748299319726
140.71346938775508
140.21721088435373
139.83340136054423
139.50210884353743
139.14585034013606
138.7952380952381
138.28714285714287
137.79013605442177
137.41530612244898
137.22299319727892
136.92904761904762
136.45006802721088
136.07156462585033
135.81904761904764
135.59360544217688
135.19598639455782
134.80734693877554
134.4157142857143
134.03204081632651
133.74108843537417
133.50768707482993
133.25646258503406
132.8961904761905
132.4995918367347
132.1818367346939
131.908231292517
131.57074829931972
131.266462585034
130.78170068027208
130.37340136054422
129.9773469387755
129.83904761904762
129.5591156462585
129.31462585034012
128.90775510204082
128.58891156462587
128.3443537414966
128.0799319727891
127.7057142857143
127.44530612244898
127.3217006802721
127.11863945578233
126.77292517006802
126.55646258503401
126.36027210884353
126.28095238095239
126.09857142857143
125.98857142857143
125.83149659863946
125.80006802721088
125.61884353741497
125.41068027210885
125.15741496598639
125.12183673469387
124.98904761904762
124.92136054421769
124.69714285714285
124.59387755102043
124.38122448979593
124.33557823129252
124.18360544217687
123.98047619047618
123.81639455782313
123.82557823129252
123.84367346938777
123.89068027210884
123.91428571428573
123.9561904761905
123.92761904761906
123.82857142857144
123.69408163265305
123.6447619047619
123.74346938775511
123.68863945578232
123.67380952380952
123.61149659863945
123.77054421768709
123.74034013605441
123.75428571428571
123.73877551020408
123.84074829931974
123.87972789115648
123.90414965986395
123.87183673469386
123.7756462585034
123.76530612244898
123.80789115646259
123.843537414966
123.83632653061224
123.89292517006803
124.00578231292519
124.08687074829932
124.15863945578232
124.21727891156463
124.29925170068029
124.44646258503403
124.70789115646258
124.89510204081631
124.93476190476191
125.09367346938775
125.31510204081634
125.48551020408163
125.58074829931974
125.81102040816326
126.02183673469388
126.10911564625852
126.27163265306123
126.39503401360545
126.52414965986394
126.59204081632652
126.75040816326532
126.83673469387756
126.90775510204082
126.99285714285713
127.11938775510203
127.27442176870748
127.42517006802721
127.54517006802722
127.67251700680272
127.76231292517008
127.8961224489796
127.96707482993197
128.1123129251701
128.25884353741498
128.51653061224488
128.65142857142857
128.84646258503403
128.92489795918368
129.0161904761905
129.09292517006804
129.28204081632651
129.51108843537415
129.822925170068
130.17993197278912
130.38353741496599
130.53068027210884
130.72224489795917
130.96836734693878
131.21850340136055
131.4492517006803
131.67176870748298
131.811768707483
132.0322448979592
132.15517006802722
132.2492517006803
132.36027210884356
132.59993197278914
132.70863945578233
132.77401360544218
132.86612244897958
132.99993197278914
133.07680272108843
133.21027210884353
133.43993197278914
133.68027210884355
133.8021088435374
133.90870748299318
134.08598639455784
134.42619047619047
134.77544217687074
135.06278911564627
135.17510204081634
135.3281632653061
135.5051700680272
135.7756462585034
136.02013605442176
136.23768707482992
136.3582993197279
136.55380952380952
136.77020408163267
137.09687074829935
137.3908843537415
137.741768707483
137.94857142857143
138.32088435374152
138.64605442176872
138.86891156462588
139.05734693877554
139.4391836734694
139.92020408163265
140.28278911564624
140.73489795918368
141.19
141.68965986394556
142.04625850340136
142.50632653061226
143.06238095238095
143.61469387755102
144.10408163265305
144.54299319727892
145.13891156462586
145.8448979591837
146.6269387755102
147.27530612244897
147.943537414966
148.6938095238095
149.50149659863945
150.3678231292517
151.38129251700678
152.50850340136054
153.64306122448983
154.79727891156463
155.99
157.2896598639456
158.6978231292517
160.10816326530613
161.4265986394558
162.67414965986399
163.8308843537415
164.7965306122449
165.54285714285714
166.33578231292515
167.057074829932
167.68836734693878
168.16462585034014
168.7357142857143
169.24319727891157
169.54122448979592
169.75775510204082
169.98789115646258
170.35918367346937
170.63632653061225
170.93442176870747
171.2217006802721
171.55680272108842
171.82244897959183
172.10816326530613
172.4808163265306
172.77054421768707
173.05938775510205
173.35768707482995
173.78374149659865
174.29938775510203
174.80047619047622
175.22931972789115
175.61489795918368
175.99829931972792
176.2665986394558
176.37585034013605
176.38278911564623
176.33319727891157
176.2883673469388
176.09931972789116
175.7665986394558
175.41979591836736
175.23380952380953
175.26231292517008
175.26714285714286
175.12278911564627
174.78183673469388
174.39789115646258
173.8070068027211
173.17646258503402
172.52979591836737
171.98333333333335
171.4810204081633
170.9661224489796
170.32707482993197
169.35156462585033
168.30857142857144
166.97857142857146
165.43972789115645
163.5856462585034
161.7069387755102
159.8109523809524
158.0239455782313
156.32823129251702
154.42319727891157
152.26632653061225
150.15367346938774
148.23489795918368
146.50020408163266
144.96945578231293
143.57034013605443
141.8991156462585
140.19122448979596
138.52755102040817
137.15523809523813
135.6812244897959
134.408231292517
133.25591836734696
132.16673469387757
130.85272108843537
129.43170068027212
128.14210884353741
126.98551020408163
125.59326530612245
124.01204081632653
122.30387755102042
120.48904761904761
118.63646258503402
116.95476190476191
115.51986394557824
113.7765306122449
112.22619047619048
110.87224489795919
109.80591836734693
108.73102040816327
107.88938775510204
106.92387755102042
105.64
104.04802721088436
102.42503401360544
100.65496598639456
98.46714285714287
96.07775510204081
93.8426530612245
91.9144217687074
89.84044217687064
