165.39649659863954
165.39258503401356
165.49326530612248
165.51312925170072
165.40414965986395
165.23925170068028
165.1234693877551
165.10061224489795
165.15816326530614
165.27408163265306
165.3239455782313
165.17156462585035
164.8512925170068
164.55680272108845
164.37149659863948
164.34068027210884
164.40897959183673
164.48408163265307
164.52714285714288
164.51367346938775
164.5096598639456
164.5057823129252
164.41700680272106
164.24700680272107
164.21149659863943
164.32653061224488
164.34006802721092
164.33020408163264
164.378231292517
164.49394557823132
164.5548299319728
164.5465306122449
164.38965986394558
164.2213605442177
164.11408163265304
164.0191836734694
163.83142857142857
163.75585034013605
163.79850340136056
163.88482993197277
164.00129251700682
164.22061224489795
164.4134693877551
164.59598639455783
164.71993197278914
164.7982993197279
164.63149659863944
164.5669387755102
164.5762585034014
164.63278911564623
164.50340136054422
164.43394557823132
164.4487755102041
164.47741496598638
164.4633333333333
164.4808843537415
164.59632653061226
164.71122448979594
164.76496598639457
164.80115646258503
164.76734693877552
164.69809523809528
164.69714285714286
164.84700680272107
164.8974149659864
164.80836734693878
164.71938775510205
164.75564625850342
164.79380952380953
164.71115646258505
164.48687074829934
164.2591836734694
164.1912244897959
164.31551020408165
164.41503401360546
164.48700680272108
164.59646258503403
164.783537414966
164.78346938775508
164.72945578231293
164.5809523809524
164.50469387755103
164.46013605442175
164.43510204081633
164.27680272108842
164.1095238095238
164.12714285714287
164.2221768707483
164.34625850340134
164.38503401360543
164.46190476190478
164.5118367346939
164.5883673469388
164.71231292517007
164.8409523809524
164.87510204081633
164.76088435374152
164.60911564625852
164.53904761904764
164.70326530612243
164.92891156462585
165.0025850340136
164.95659863945576
164.9370068027211
165.04884353741497
165.2278231292517
165.47006802721089
165.6944897959184
166.01625850340136
166.35496598639457
166.68768707482994
166.98374149659864
167.23891156462585
167.57904761904763
167.84333333333336
168.08367346938778
168.34190476190477
168.77619047619046
169.08
169.2830612244898
169.50863945578232
169.85006802721088
170.17972789115646
170.48884353741497
170.80435374149658
171.15319727891156
171.57183673469387
171.87639455782312
172.09408163265306
172.2831972789116
172.48843537414967
172.84768707482993
173.05102040816325
173.2843537414966
173.5186394557823
173.9551700680272
174.32285714285715
174.65081632653062
175.08687074829933
175.5296598639456
175.95408163265307
176.37843537414966
176.90482993197278
177.44442176870746
177.93931972789116
178.5087074829932
179.01088435374152
179.39367346938778
179.77027210884359
180.26632653061225
180.80217687074833
181.23244897959185
181.5639455782313
181.92619047619047
182.35503401360546
182.6825170068027
183.0313605442177
183.53986394557825
184.19585034013605
184.78102040816327
185.4140136054422
186.11931972789114
186.93142857142857
187.73877551020408
188.65340136054422
189.58761904761906
190.43673469387755
191.2004761904762
191.94707482993198
192.67979591836735
193.36428571428573
194.06979591836736
194.74224489795915
195.45292517006806
196.1712925170068
196.88326530612247
197.60659863945577
198.4087074829932
199.27374149659863
200.1531972789116
201.03054421768707
201.96027210884355
202.72401360544217
203.587074829932
204.4242857142857
205.34489795918367
206.18353741496597
207.1200680272109
208.03068027210887
208.92693877551022
209.83102040816328
210.7226530612245
211.55721088435374
212.40823129251703
213.2438095238095
214.0530612244898
214.78020408163266
215.6095238095238
216.44945578231295
217.2656462585034
217.94503401360546
218.65938775510207
219.35959183673472
220.06585034013608
220.73414965986393
221.382925170068
222.02993197278914
222.62503401360544
223.13482993197277
223.6429931972789
224.18367346938777
224.73034013605445
225.15680272108844
225.58306122448982
225.98721088435371
226.40204081632652
226.77374149659863
227.15673469387752
227.4469387755102
227.70013605442176
227.9553741496599
228.27081632653062
228.57761904761907
228.86469387755105
229.0913605442177
229.24972789115648
229.37551020408165
229.5104081632653
229.62081632653064
229.7352380952381
229.83789115646255
229.9136054421769
229.98666666666668
230.07095238095238
230.11054421768705
230.08142857142857
230.0314285714286
229.99190476190478
229.94986394557824
229.91612244897956
229.84537414965988
229.7344897959184
229.58979591836737
229.47190476190477
229.315306122449
229.09816326530614
228.93714285714287
228.72571428571428
228.48197278911567
228.17768707482995
227.9440136054422
227.65986394557825
227.3613605442177
227.01857142857145
226.6834693877551
226.36204081632656
225.99115646258502
225.53278911564627
225.0661904761905
224.69544217687076
224.3668707482993
223.9447619047619
223.4787755102041
223.0413605442177
222.59047619047618
222.10591836734696
221.57333333333332
221.07176870748302
220.54455782312925
220.00367346938776
219.4708163265306
218.95278911564625
218.51054421768708
217.9626530612245
217.49034013605444
216.9783673469388
216.44523809523812
215.8008843537415
215.2779591836735
214.82850340136054
214.39081632653063
213.9126530612245
213.4756462585034
212.96979591836737
212.51591836734696
212.04136054421767
211.5521768707483
211.12884353741498
210.83904761904762
210.5319047619048
210.13387755102042
209.79027210884357
209.5452380952381
209.2413605442177
208.91938775510204
208.60367346938776
208.38360544217687
208.15387755102043
207.87421768707483
207.66891156462586
207.551768707483
207.43183673469386
207.2221088435374
206.98156462585035
206.8045578231293
206.6314965986395
206.50238095238097
206.43877551020407
206.4591156462585
206.40938775510205
206.3219047619048
206.2677551020408
206.2778911564626
206.33517006802722
206.40340136054422
206.43374149659866
206.45244897959185
206.5404081632653
206.63680272108843
206.72551020408164
206.74034013605444
206.72680272108843
206.76074829931974
206.90081632653062
207.04918367346937
207.107074829932
207.0804761904762
207.07884353741497
207.148231292517
207.2813605442177
207.39448979591833
207.45047619047622
207.46938775510205
207.54312925170066
207.7104081632653
207.86462585034013
207.89387755102044
207.81557823129253
207.8
207.86517006802723
207.90170068027209
207.87088435374153
207.9274149659864
208.09204081632657
208.19850340136054
208.17224489795916
208.11455782312925
208.1195238095238
208.168843537415
208.23374149659864
208.26680272108842
208.26687074829934
208.2496598639456
208.25414965986394
208.27578231292517
208.36687074829933
208.36761904761903
208.3469387755102
208.3382993197279
208.47625850340137
208.5584353741497
208.5482993197279
208.48068027210886
208.408843537415
208.3013605442177
208.25462585034015
208.3274149659864
208.4161224489796
208.43850340136055
208.4234013605442
208.3522448979592
208.2204081632653
208.20238095238096
208.2209523809524
208.28272108843538
208.25598639455782
208.21292517006805
208.14482993197282
208.11537414965989
208.14306122448983
208.13870748299323
208.14027210884353
208.06585034013602
208.05734693877548
208.0291836734694
207.9791156462585
207.94564625850342
207.9374829931973
207.92714285714285
207.83088435374148
207.76986394557824
207.72938775510204
207.69904761904763
207.62551020408162
207.4748299319728
207.3338775510204
207.1987755102041
207.1848299319728
207.19625850340134
207.19938775510204
207.16571428571427
207.09326530612245
206.9621088435374
206.84244897959184
206.77727891156462
206.67632653061224
206.57673469387754
206.5144897959184
206.48156462585035
206.39727891156463
206.2578231292517
206.07068027210886
206.02816326530615
206.03204081632654
205.94387755102042
205.79054421768706
205.67074829931974
205.55680272108845
205.43850340136055
205.34448979591838
205.2247619047619
205.1077551020408
204.98931972789117
204.906462585034
204.77680272108844
204.60551020408164
204.39292517006805
204.19632653061228
203.98360544217687
203.81891156462586
203.68598639455783
203.5873469387755
203.48020408163265
203.38074829931972
203.18823129251703
203.04986394557824
202.9125850340136
202.75721088435373
202.54285714285714
202.38156462585033
202.2112244897959
201.99217687074832
201.78074829931973
201.58795918367346
201.3851700680272
201.16163265306122
200.98598639455784
200.81285714285715
200.64258503401362
200.43197278911566
200.2995238095238
200.07299319727892
199.73401360544216
199.33496598639456
199.1008163265306
198.93795918367346
198.77306122448977
198.57122448979592
198.32149659863944
198.0294557823129
197.7652380952381
197.52537414965988
197.28598639455782
197.01551020408164
196.72421768707483
196.39448979591842
196.07782312925173
195.77714285714285
195.44843537414968
195.0921768707483
194.80904761904762
194.57285714285715
194.37503401360544
194.10823129251702
193.82204081632653
193.50551020408165
193.2308163265306
192.94292517006804
192.69170068027213
192.44333333333333
192.13551020408164
191.74095238095236
191.4031292517007
191.17721088435377
190.9260544217687
190.5218367346939
190.15136054421768
189.89115646258503
189.661156462585
189.35748299319727
189.01829931972793
188.69761904761907
188.44040816326532
188.12047619047618
187.76306122448977
187.37911564625853
187.0708843537415
186.76387755102039
186.4760544217687
186.16857142857143
185.82850340136054
185.49442176870753
185.0921768707483
184.7499319727891
184.43448979591835
184.1708163265306
183.91476190476192
183.64204081632653
183.28598639455782
182.81149659863945
182.40326530612245
182.06142857142856
181.76993197278912
181.43197278911566
181.06986394557822
180.67585034013607
180.38183673469388
180.0891156462585
179.73945578231292
179.32469387755106
179.01605442176873
178.65605442176872
178.27551020408166
177.8440816326531
177.4957142857143
177.19836734693877
176.80836734693878
176.44761904761904
176.0542857142857
175.6582993197279
175.14285714285714
174.72734693877553
174.39142857142858
174.0605442176871
173.7287074829932
173.32442176870748
172.9574829931973
172.50557823129253
172.07959183673472
171.64367346938775
171.24972789115648
170.78231292517012
170.47619047619048
170.1136054421769
169.69034013605443
169.12795918367345
168.7095238095238
168.29061224489794
167.8674149659864
167.39945578231294
166.95986394557823
166.59755102040816
166.24836734693878
165.85632653061225
165.37197278911563
164.8308843537415
164.33639455782313
163.90884353741498
163.4921768707483
163.00659863945577
162.47353741496596
161.94666666666666
161.5186394557823
161.11333333333334
160.6752380952381
160.1777551020408
159.77632653061227
159.37469387755104
158.99156462585034
158.5396598639456
158.05394557823126
157.5622448979592
157.1398639455782
156.68850340136055
156.19034013605443
155.72510204081632
155.26013605442176
154.7013605442177
154.1743537414966
153.71721088435373
153.34353741496597
152.86979591836734
152.37238095238098
151.9008843537415
151.4847619047619
151.0744897959184
150.66680272108846
150.23367346938778
149.75857142857143
149.28755102040816
148.90081632653062
148.40897959183673
148.08714285714285
147.7913605442177
147.51265306122448
147.04231292517005
146.58795918367346
146.20061224489797
145.87891156462587
145.65149659863945
145.2779591836735
144.84170068027214
144.34496598639456
143.95503401360546
143.569387755102
143.1101360544218
142.67884353741496
142.33108843537417
142.02931972789116
141.65272108843538
141.34598639455783
141.05251700680273
140.66945578231292
140.23149659863947
139.86034013605445
139.4595918367347
139.11571428571426
138.76095238095238
138.48299319727892
138.14795918367346
137.7552380952381
137.2195918367347
136.81163265306122
136.61965986394557
136.3330612244898
135.88530612244898
135.4222448979592
135.07353741496598
134.7648299319728
134.40952380952382
134.0104081632653
133.5504761904762
133.17931972789117
132.82755102040818
132.423537414966
131.94884353741497
131.62768707482994
131.3143537414966
131.01299319727892
130.59183673469386
130.20176870748298
129.74319727891157
129.27673469387753
128.78585034013605
128.35020408163263
127.95496598639455
127.56190476190476
127.20326530612246
126.85755102040817
126.42251700680272
125.97965986394559
125.6891836734694
125.47333333333333
125.18551020408164
124.8265306122449
124.40292517006802
123.99639455782314
123.58850340136055
123.25462585034015
122.86102040816327
122.54340136054421
122.28571428571429
121.9023129251701
121.54319727891158
121.17761904761905
120.87360544217685
120.47585034013605
120.22884353741496
119.97666666666666
119.64891156462585
119.26
118.90421768707483
118.58809523809524
118.2056462585034
117.73455782312925
117.28448979591838
116.90020408163265
116.59340136054422
116.29857142857142
116.03292517006804
115.80768707482993
115.4882993197279
115.12272108843538
114.77353741496599
114.44707482993198
114.04142857142858
113.64571428571429
113.3982993197279
113.19326530612246
112.87795918367348
112.53802721088435
112.18537414965986
111.95013605442179
111.65006802721088
111.39863945578233
110.99952380952382
110.67673469387756
110.44136054421769
110.29911564625851
110.025306122449
109.66061224489798
109.3557142857143
108.98646258503402
108.73503401360546
108.54013605442178
108.40925170068029
108.05768707482993
107.73578231292517
107.44707482993198
107.10959183673471
106.92333333333335
106.82102040816326
106.72721088435372
106.36578231292518
106.13000000000001
105.92823129251701
105.74095238095238
105.46367346938774
105.36292517006802
105.19163265306122
104.97585034013605
104.61510204081632
104.45503401360546
104.2465986394558
103.97768707482994
103.57959183673469
103.32605442176872
103.22421768707484
103.14074829931974
102.98687074829931
102.75448979591837
102.55551020408163
102.42442176870749
102.25802721088436
102.0078231292517
101.84224489795918
101.68557823129252
101.48238095238096
101.28925170068028
101.15646258503402
100.95693877551021
100.77408163265306
100.67183673469388
100.6374829931973
100.45836734693879
100.2500680272109
100.02544217687075
99.98224489795919
99.98476190476191
99.8726530612245
99.64850340136054
99.55625850340138
99.50074829931972
99.32775510204081
99.05904761904762
98.94476190476192
98.83850340136055
98.753537414966
98.65421768707483
98.62455782312925
98.51408163265306
98.35442176870748
98.111768707483
98.11632653061226
98.12979591836735
97.95829931972789
97.56591836734695
97.40210884353742
97.34755102040816
97.23959183673469
97.12884353741498
97.05176870748299
96.92850340136056
96.82217687074831
96.76448979591837
96.76034013605444
96.72414965986395
96.6261224489796
96.54904761904763
96.56979591836736
96.57911564625849
96.54285714285716
96.49836734693878
96.44591836734695
96.37721088435373
96.35829931972789
96.39945578231293
96.4634693877551
96.45721088435376
96.36904761904762
96.28387755102041
96.26108843537415
96.35013605442177
96.44897959183675
96.43156462585034
96.2456462585034
96.18891156462585
96.29142857142858
96.52210884353741
96.60469387755103
96.53197278911566
96.45197278911564
96.51176870748299
96.64312925170069
96.60421768707482
96.62428571428572
96.69843537414965
96.73142857142858
96.74795918367347
96.93367346938776
97.09210884353742
97.08714285714285
97.25986394557823
97.59897959183674
97.72748299319728
97.73714285714286
97.86659863945577
98.07585034013606
98.1048299319728
98.20061224489795
98.36666666666667
98.65408163265306
99.0274149659864
99.36326530612246
99.64360544217686
99.86959183673468
100.06517006802721
100.18108843537415
100.42809523809525
100.84551020408162
101.22455782312926
101.621768707483
101.97489795918368
102.4065306122449
102.7460544217687
103.07068027210883
103.39768707482993
103.75251700680272
104.17809523809525
104.68687074829931
105.1034693877551
105.34537414965988
105.73945578231293
106.34278911564627
106.87632653061226
107.25925170068028
107.68353741496598
108.25789115646259
108.83163265306122
109.31489795918368
109.79591836734696
110.38707482993198
110.88761904761905
111.31938775510204
111.69210884353743
112.12163265306123
112.46850340136055
112.95993197278912
113.4808843537415
113.92156462585035
114.17244897959183
114.54714285714286
115.02292517006804
115.54843537414968
116.00006802721089
116.34163265306123
116.53074829931973
116.84000000000002
117.37986394557824
117.88931972789116
118.21714285714287
118.52632653061224
118.82414965986395
119.23850340136056
119.58197278911565
119.93823129251702
120.16972789115647
120.59455782312924
121.08204081632653
121.43013605442177
121.66551020408164
121.92421768707483
122.31530612244899
122.56210884353742
122.8457142857143
123.14857142857143
123.47755102040817
123.7248299319728
124.0326530612245
124.32571428571428
124.60836734693879
124.80414965986395
125.03632653061226
125.24510204081633
125.54108843537415
125.80775510204083
126.10578231292519
126.39612244897961
126.72319727891157
127.04789115646258
127.22000000000001
127.33768707482993
127.54006802721088
127.88707482993198
128.21333333333334
128.48462585034014
128.65469387755104
128.84965986394556
129.11666666666667
129.33585034013606
129.45210884353742
129.5821088435374
129.7795918367347
129.94843537414965
130.13136054421767
130.23414965986393
130.2773469387755
130.38102040816327
130.65360544217688
130.8142857142857
130.87897959183672
130.89884353741496
131.02489795918368
131.00061224489798
130.88231292517008
130.73965986394558
130.6804761904762
130.68489795918367
130.56775510204085
130.33224489795919
130.0834693877551
129.92979591836735
129.82496598639457
129.55034013605442
129.2283673469388
128.88448979591837
128.74156462585034
128.6652380952381
128.4486394557823
128.00285714285712
127.54931972789116
127.19741496598641
126.8460544217687
126.5260544217687
126.3047619047619
125.94965986394558
125.42755102040817
124.9117006802721
124.49863945578231
124.04469387755101
123.61965986394559
123.24380952380953
122.77761904761904
122.21891156462586
121.73850340136055
121.29843537414966
120.84428571428572
120.41455782312926
119.99319727891157
119.6187755102041
119.27462585034014
118.89986394557823
118.39721088435374
117.88727891156464
117.47455782312926
116.9812925170068
116.58278911564626
116.12061224489796
115.71346938775511
115.26891156462585
114.94918367346939
114.51401360544217
114.07000000000001
113.69510204081632
113.36238095238096
112.96272108843537
112.68408163265308
112.35789115646259
111.98455782312926
111.60088435374149
111.26442176870748
110.92360544217686
110.5882993197279
110.34251700680272
110.01755102040818
109.69278911564626
109.32789115646257
108.87340136054422
108.50870748299319
108.29278911564626
108.1195918367347
107.82081632653063
107.48231292517008
107.11142857142858
106.79408163265306
106.61863945578231
106.3939455782313
106.05591836734693
105.69904761904763
105.36006802721089
105.0282993197279
104.67020408163266
104.43666666666667
104.16421768707484
103.87802721088435
103.47292517006801
103.24367346938776
103.08714285714285
103.00761904761904
102.78734693877551
102.45707482993198
102.21170068027212
102.16204081632654
102.13666666666667
101.92836734693877
101.78639455782313
101.66421768707482
101.51564625850341
101.16088435374151
100.91938775510204
100.71782312925171
100.71319727891158
100.50489795918367
100.41999999999999
100.27972789115645
100.3687074829932
100.23340136054422
100.09278911564627
99.9195918367347
99.78571428571428
99.60687074829933
99.5765986394558
99.70414965986396
99.7512925170068
99.70068027210885
99.73557823129252
99.71714285714286
99.67496598639455
99.58625850340137
99.60666666666667
99.64176870748301
99.64632653061224
99.6052380952381
99.50619047619048
99.48380952380953
99.56632653061224
99.63585034013606
99.52156462585035
99.45
99.5952380952381
99.88700680272109
100.01156462585034
100.05489795918368
99.96299319727892
99.98163265306121
100.0091156462585
100.18374149659863
100.23285714285714
100.13013605442177
100.1074149659864
100.29088435374149
100.39244897959185
100.481768707483
100.68517006802722
100.89006802721089
100.98986394557824
101.0678231292517
101.17993197278912
101.36925170068025
101.54319727891158
101.68034013605443
101.81639455782313
102.02911564625849
102.17632653061224
102.3234693877551
102.43081632653062
102.60544217687075
102.79238095238095
102.92149659863946
103.05986394557824
103.301768707483
103.5265306122449
103.65972789115648
103.72965986394559
103.80278911564626
103.88557823129253
104.07142857142857
104.21727891156462
104.31775510204082
104.33863945578233
104.48585034013607
104.721768707483
104.88965986394558
104.96673469387756
105.09278911564627
105.3539455782313
105.63231292517007
105.88700680272109
106.081768707483
106.39020408163266
106.79374149659863
107.06122448979592
107.24034013605443
107.42054421768708
107.70795918367347
107.79721088435375
107.87714285714286
107.99068027210885
108.1660544217687
108.3152380952381
108.46034013605441
108.71054421768707
108.84755102040816
109.07727891156462
109.26476190476191
109.48551020408163
109.6052380952381
109.8591836734694
110.1361224489796
110.33149659863948
110.35816326530613
110.4574149659864
110.63945578231294
110.74170068027212
110.8738775510204
111.18755102040816
111.54448979591837
111.66142857142856
111.72340136054422
111.92952380952381
112.29367346938776
112.53863945578232
112.76789115646258
113.05496598639456
113.3000680272109
113.39455782312925
113.5517006802721
113.77482993197279
114.02632653061224
114.24863945578231
114.495306122449
114.75142857142859
115.16108843537415
115.64938775510203
116.03102040816326
116.30000000000001
116.53204081632654
116.94721088435375
117.40136054421768
117.94945578231292
118.516462585034
119.1456462585034
119.69292517006802
120.18244897959183
120.52673469387754
120.91292517006804
121.34496598639456
122.01367346938775
122.61006802721089
123.20006802721088
123.72755102040816
124.42020408163265
125.22482993197279
126.07183673469387
126.70489795918368
127.38054421768707
128.2609523809524
129.36367346938775
130.30115646258506
131.41625850340137
132.6538775510204
133.88673469387757
135.04346938775512
136.52278911564628
138.3595918367347
140.28163265306122
141.94428571428574
143.47020408163266
145.14156462585032
146.83102040816328
148.4178231292517
149.77496598639456
151.10714285714286
152.17414965986393
152.97503401360544
153.47877551020412
153.8765306122449
154.093537414966
154.05795918367346
154.10850340136057
154.3060544217687
154.66687074829932
154.96442176870747
155.17510204081634
155.08244897959185
155.02850340136052
155.1822448979592
155.64102040816329
156.25809523809522
157.00816326530614
157.8160544217687
158.67319727891157
159.64829931972787
160.6648299319728
161.56557823129253
162.3939455782313
163.0904081632653
163.84857142857143
164.5138775510204
165.11326530612246
165.49510204081633
165.80326530612246
166.2139455782313
166.59938775510204
166.983537414966
167.15455782312927
167.53231292517006
168.13836734693876
168.82789115646256
169.15204081632652
169.19197278911565
169.18414965986395
169.0675510204082
168.8908163265306
168.67557823129252
168.48244897959182
168.24673469387756
168.07421768707482
167.85367346938776
167.2242857142857
166.18503401360545
164.86625850340135
162.97333333333336
160.47414965986394
157.5631292517007
154.75639455782314
152.02761904761905
149.4138775510204
146.75748299319727
143.96489795918365
141.11993197278912
138.30462585034013
135.57911564625851
133.13414965986397
130.76605442176873
128.29421768707482
125.75414965986397
123.46278911564627
121.41088435374151
119.28020408163266
117.16333333333334
115.15591836734694
113.21687074829933
111.10360544217687
108.73605442176871
106.64734693877551
104.77088435374151
102.88625850340136
100.73435374149662
98.48455782312925
96.33700680272109
94.47380952380954
92.74666666666667
91.10319727891157
89.45802721088435
88.10530612244898
86.83414965986395
85.90061224489796
85.10802721088436
84.30585034013606
83.23435374149659
82.04755102040816
80.74374149659864
79.30734693877552
77.55360544217687
75.66625850340137
73.7077551020408
71.8739455782313
70.05149659863939
68.3734353741496
