88.81904761904765
88.9190476190476
88.93809523809524
88.72081632653061
88.88183673469388
88.39408163265306
88.37108843537416
88.42040816326531
88.37503401360544
88.23734693877552
87.90551020408164
87.76244897959185
87.61863945578231
87.70197278911564
87.4013605442177
87.22993197278912
86.9569387755102
87.05265306122449
86.76605442176873
86.75149659863946
86.22081632653061
86.31306122448979
86.30802721088436
86.20625850340137
85.69414965986397
85.81952380952382
85.81653061224489
85.80557823129251
85.60836734693878
85.92761904761906
85.79843537414968
85.70768707482995
85.40680272108844
85.49238095238096
85.7030612244898
85.6087074829932
85.35904761904763
85.26197278911565
85.39857142857143
85.69068027210884
85.79380952380951
85.9169387755102
85.6669387755102
85.71421768707484
85.69748299319727
85.72721088435375
85.75380952380952
85.98102040816326
85.89340136054422
86.03476190476191
86.0895238095238
86.25299319727893
86.09857142857143
86.13142857142857
86.15285714285714
86.2813605442177
86.28360544217688
86.12421768707483
86.11979591836734
86.16346938775511
86.07421768707484
86.07795918367347
86.25761904761906
86.3539455782313
86.35591836734693
85.97938775510205
86.06115646258503
86.24809523809523
86.48272108843537
86.40258503401361
86.32278911564626
85.98095238095239
85.91993197278912
86.21993197278911
86.04938775510206
86.04476190476191
85.96870748299321
86.23870748299319
85.93312925170068
85.94503401360544
85.88326530612244
86.14517006802721
86.1456462585034
85.97414965986395
85.94496598639455
85.98197278911564
85.85455782312926
85.71877551020407
85.55360544217687
85.37102040816328
85.16421768707482
85.18421768707482
85.15217687074829
85.00748299319729
84.79530612244898
84.84775510204082
84.67557823129252
84.57619047619046
84.23748299319729
84.27129251700681
84.50204081632654
84.70074829931973
84.721768707483
84.45938775510204
84.23578231292517
84.13863945578231
84.64442176870747
85.20006802721089
85.28285714285715
85.27612244897959
85.31775510204082
85.69809523809525
86.01986394557822
86.51108843537415
86.47455782312926
86.72755102040816
86.74673469387754
87.0578231292517
87.09476190476191
87.62571428571428
87.92387755102041
88.33210884353741
88.12578231292517
87.99360544217689
88.19455782312924
88.88591836734693
89.01040816326531
89.19238095238096
89.61789115646259
89.74544217687075
89.87857142857143
90.32108843537415
90.94659863945579
90.91340136054423
91.05891156462584
91.48632653061225
91.58238095238096
91.90292517006803
92.17891156462585
92.79496598639456
92.79707482993197
93.3822448979592
93.70115646258503
94.18299319727892
94.54476190476191
95.1070068027211
95.39625850340136
95.63272108843539
96.03666666666666
96.42285714285714
97.00258503401362
97.53653061224489
97.66598639455782
97.61897959183673
98.13197278911565
98.64986394557825
99.19197278911564
99.45448979591836
100.13380952380952
100.67578231292518
101.64619047619048
101.87598639455783
102.3138775510204
102.80115646258503
103.6508843537415
104.44918367346939
105.38537414965987
106.17605442176871
106.88510204081632
107.52027210884354
108.03244897959183
108.53829931972788
109.21693877551022
110.17285714285714
110.80204081632652
111.41612244897959
112.19380952380953
113.57285714285715
114.78306122448981
115.97510204081634
117.02843537414965
118.15850340136055
119.21891156462586
120.82068027210886
122.43564625850341
124.28074829931973
126.20687074829932
127.96666666666667
129.70904761904762
131.69857142857143
133.94414965986397
136.10102040816327
138.55503401360545
140.71612244897958
142.8117006802721
145.0421088435374
147.24265306122447
149.3831292517007
151.59224489795923
153.5404081632653
155.39653061224493
157.30884353741496
159.2443537414966
161.0798639455782
163.04251700680274
164.87721088435376
166.62687074829932
168.32292517006803
170.28993197278913
172.2787074829932
174.1322448979592
175.69061224489798
177.3487755102041
178.96503401360545
180.49061224489796
181.95707482993197
183.40312925170068
184.74442176870747
185.98142857142855
187.31367346938774
188.5852380952381
189.7191836734694
190.69231292517009
191.52693877551022
192.3983673469388
193.30251700680273
194.16482993197278
194.64414965986396
195.18625850340135
195.90394557823132
196.41530612244895
196.72285714285715
197.0944217687075
197.60544217687072
198.02653061224487
198.37857142857143
198.64591836734695
198.67557823129252
198.82000000000005
198.84448979591838
198.9240816326531
198.95142857142858
199.01380952380953
198.83061224489796
198.61748299319729
198.31020408163266
198.17340136054423
197.98102040816326
197.65761904761905
196.99034013605444
196.34755102040816
195.68551020408165
195.14639455782316
194.58931972789117
194.0856462585034
193.45673469387756
192.62809523809526
191.9265986394558
191.02414965986395
190.1112925170068
189.04319727891158
188.19006802721088
187.12557823129254
186.07911564625851
184.868231292517
183.53850340136057
182.31462585034015
181.33979591836734
180.40374149659866
179.35768707482993
178.24857142857144
176.92680272108842
175.5991836734694
174.55034013605444
173.67108843537417
172.51
171.36952380952383
170.5099319727891
169.66537414965984
168.73693877551023
167.80088435374148
167.09585034013605
166.38020408163268
165.59768707482993
164.70074829931974
163.98122448979592
163.35986394557824
162.94551020408164
162.62142857142857
162.26619047619047
161.67727891156463
161.18639455782312
160.86639455782313
160.9125850340136
160.70598639455784
160.46795918367349
160.16013605442177
159.97884353741497
159.83006802721087
159.97510204081632
160.05816326530612
160.09782312925168
160.3361904761905
160.65768707482994
160.60673469387757
160.8673469387755
161.15081632653062
161.6339455782313
161.80408163265304
162.24925170068025
162.49727891156462
162.95646258503402
163.24585034013603
163.92557823129252
164.54680272108845
165.33748299319728
165.91190476190476
166.5209523809524
167.0044217687075
167.6873469387755
168.46081632653062
169.0474149659864
169.52034013605441
170.17319727891157
170.98612244897961
171.72802721088436
172.39367346938775
173.13326530612244
173.87503401360544
174.45353741496598
175.07544217687075
175.81809523809522
176.42965986394557
176.91421768707482
177.13462585034014
177.60421768707482
178.08251700680273
178.86816326530612
179.34367346938774
179.82891156462586
180.06068027210887
180.46408163265306
180.65108843537416
181.06380952380954
181.42768707482992
182.0052380952381
182.3429931972789
182.81836734693877
183.02238095238096
183.41469387755103
183.78993197278913
184.1122448979592
184.07238095238094
184.06204081632654
184.3008163265306
184.68360544217688
184.99081632653062
185.28176870748302
185.40598639455783
185.63455782312928
185.78870748299323
186.28986394557825
186.38387755102042
186.48870748299322
186.4378231292517
186.63646258503402
186.8426530612245
187.1655102040816
187.2952380952381
187.2978911564626
187.2548979591837
187.3657142857143
187.47938775510204
187.76782312925172
187.8274149659864
187.8560544217687
187.79972789115646
188.02149659863946
188.18585034013606
188.18585034013606
188.0943537414966
188.33333333333331
188.6265306122449
188.69857142857146
188.54278911564626
188.52496598639456
188.48544217687075
188.52013605442178
188.43659863945578
188.57285714285715
188.65346938775508
188.5325850340136
188.33680272108845
188.36931972789117
188.60857142857145
188.49877551020407
188.44727891156464
188.31340136054422
188.36578231292515
188.03244897959183
187.9074149659864
187.96727891156462
188.11537414965986
187.99789115646257
187.9556462585034
187.82190476190476
187.70952380952383
187.54278911564626
187.50551020408165
187.35863945578234
187.2948979591837
187.1077551020408
187.1230612244898
187.09061224489798
186.81795918367348
186.67714285714288
186.64965986394557
186.51142857142855
186.11687074829933
186.07931972789117
185.90755102040816
185.65625850340138
185.30204081632655
185.44374149659865
185.41721088435372
185.25598639455782
184.80455782312924
184.8636054421769
184.77727891156462
184.55938775510202
183.9713605442177
183.8191836734694
183.81435374149663
183.895306122449
183.7257142857143
183.50489795918367
183.24598639455783
182.79945578231292
182.4813605442177
182.34761904761905
182.21993197278914
182.05374149659866
181.7943537414966
181.5987074829932
181.2265306122449
181.033537414966
180.8790476190476
180.74687074829933
180.55959183673468
180.44551020408164
180.17190476190478
179.8261224489796
179.44340136054424
179.22326530612247
178.85319727891158
178.60244897959186
178.49585034013606
178.32659863945577
178.02367346938775
177.53938775510204
177.35061224489795
177.07163265306122
176.68312925170068
176.0352380952381
175.7125850340136
175.44122448979596
175.10442176870748
174.8187074829932
174.685306122449
174.41911564625852
174.05088435374154
173.8374149659864
173.2830612244898
172.83312925170068
172.3991156462585
172.31102040816324
171.75122448979593
171.50408163265305
171.16448979591837
170.88122448979593
170.32244897959185
170.07510204081635
169.6429931972789
169.41537414965984
169.05993197278912
168.745306122449
167.98149659863947
167.4922448979592
167.0887074829932
166.70959183673472
165.98530612244897
165.5439455782313
165.42278911564628
165.27408163265306
164.65142857142857
163.96517006802722
163.23707482993197
162.80503401360542
162.44775510204082
162.3904081632653
161.81244897959184
161.14979591836735
160.6070068027211
160.46877551020407
160.07863945578234
159.4195238095238
158.6112925170068
158.07755102040818
157.56244897959184
157.06462585034015
156.37428571428572
155.80292517006802
155.3123129251701
154.79020408163265
154.2203401360544
153.51469387755103
152.85945578231295
152.43884353741498
152.01700680272108
151.57721088435375
151.0861904761905
150.6412925170068
149.85857142857142
149.14435374149662
148.63387755102042
148.04707482993194
147.24408163265304
146.59068027210884
146.02476190476187
145.40999999999997
144.82006802721088
144.25578231292516
143.83591836734698
143.1449659863946
142.53367346938776
141.74972789115645
141.1356462585034
140.43238095238095
139.82367346938776
139.0744897959184
138.303537414966
137.66979591836736
137.13353741496599
136.86911564625854
136.2539455782313
135.46544217687074
134.5152380952381
133.8587074829932
133.0617006802721
132.3812244897959
131.59972789115645
131.11517006802723
130.66136054421767
130.01380952380953
129.18190476190478
128.5697959183674
128.2295918367347
127.52727891156464
126.84714285714287
126.09163265306123
125.47700680272109
124.52619047619048
124.10387755102042
123.62843537414966
122.9500680272109
122.21816326530615
121.5008843537415
120.59646258503402
119.99741496598641
119.60530612244898
118.91183673469389
118.08551020408163
117.61095238095238
117.25782312925169
116.67156462585034
115.971768707483
115.06006802721087
114.40795918367348
113.80149659863946
113.50741496598638
113.03074829931973
112.07061224489797
111.24931972789116
110.65993197278911
110.32598639455782
109.5221768707483
108.77074829931973
108.06183673469388
107.65748299319729
107.21095238095238
106.51721088435374
105.97775510204082
105.46931972789116
105.00095238095238
104.18755102040816
103.4321768707483
102.8147619047619
102.39578231292518
101.9443537414966
101.54156462585034
101.15408163265306
100.36795918367346
99.74693877551019
99.20224489795919
98.69619047619048
98.19061224489796
97.81489795918367
97.47646258503403
96.66149659863946
96.11074829931974
95.571768707483
95.63380952380953
94.94006802721088
94.42401360544218
93.80537414965987
93.55986394557823
92.79231292517008
92.28020408163266
91.74319727891157
91.16619047619048
90.72945578231293
90.34809523809525
90.00414965986394
89.13965986394558
88.4839455782313
87.9621768707483
87.931768707483
87.79204081632653
87.55952380952381
86.69666666666667
85.9543537414966
85.13306122448981
84.77136054421769
84.17489795918368
83.95054421768708
83.23190476190476
82.90517006802722
82.39979591836735
81.86469387755102
81.06
80.7695238095238
80.47183673469388
80.21829931972789
79.54034013605443
79.19564625850339
78.74333333333334
78.28863945578232
77.56462585034014
77.17721088435374
76.54687074829931
76.09523809523809
75.63204081632652
75.25210884353741
74.6421768707483
74.45625850340136
74.06666666666666
73.88299319727892
73.23122448979592
72.72455782312925
72.05639455782313
71.90557823129252
71.78802721088437
71.36312925170068
70.84911564625851
70.40197278911565
70.22693877551022
69.65244897959184
68.99380952380952
68.6504081632653
68.48163265306123
68.09448979591836
67.72448979591836
67.52428571428572
67.4070068027211
66.97353741496599
66.56340136054422
66.04761904761905
65.53142857142858
65.12326530612245
64.6226530612245
64.5699319727891
64.36666666666667
64.0365306122449
63.543741496598635
63.310136054421775
63.16707482993197
62.77503401360544
62.630748299319734
62.308299319727894
61.86333333333334
61.50238095238096
61.22952380952381
60.80707482993198
60.12380952380952
59.83979591836735
59.784013605442176
59.70761904761905
59.54612244897959
59.30414965986395
58.966734693877555
58.317346938775515
57.9621768707483
58.13340136054421
58.28197278911564
57.97081632653061
57.32836734693878
56.88047619047619
56.89741496598639
56.8539455782313
56.583061224489796
56.16605442176871
56.08979591836735
55.9091156462585
55.65625850340136
55.4730612244898
55.287006802721095
55.30938775510204
55.16482993197278
55.15360544217687
55.05176870748299
54.815646258503406
54.43938775510204
54.322925170068025
54.041700680272115
53.65027210884354
53.644081632653055
53.881564625850345
53.56857142857143
52.91061224489796
52.736054421768706
52.79625850340137
52.74170068027212
52.451632653061225
52.14605442176871
51.8778231292517
52.02884353741497
52.203877551020405
52.04496598639455
51.34755102040816
51.341496598639466
51.41367346938775
51.55346938775511
51.15857142857143
51.239183673469384
50.84224489795918
50.65897959183674
50.376598639455786
50.56714285714286
50.530612244897966
50.64006802721089
50.542312925170066
50.52149659863946
50.27292517006803
50.055238095238096
49.80680272108843
49.94462585034014
49.686190476190475
49.22557823129252
48.90897959183674
49.070340136054426
49.11074829931973
49.16952380952381
49.144489795918375
48.71680272108844
48.42081632653061
48.45612244897959
48.80183673469388
48.53795918367347
48.501768707482995
48.46612244897959
48.79136054421768
48.707687074829934
48.294693877551026
47.87210884353741
47.68482993197279
47.725578231292516
47.83387755102041
47.98775510204082
48.19673469387755
48.146530612244895
47.88700680272109
47.54408163265306
47.43380952380953
47.29210884353741
47.54156462585035
47.57027210884354
47.63829931972789
47.32496598639456
47.38
47.23843537414966
47.541700680272115
47.39476190476191
47.20149659863946
46.96775510204081
47.02061224489796
46.82748299319728
46.98061224489796
46.99891156462586
47.069591836734695
47.218435374149664
47.19156462585034
46.916326530612245
46.883877551020404
47.01374149659864
47.29292517006803
47.188571428571436
47.36639455782313
46.97680272108843
47.178163265306125
47.08857142857143
47.20795918367347
46.93469387755102
47.10517006802721
47.33727891156463
47.26428571428572
47.05265306122449
47.27863945578231
47.439863945578225
47.37680272108843
47.179863945578234
47.43598639455782
47.78251700680272
48.20319727891157
47.80700680272109
47.395374149659865
47.38646258503402
47.65612244897959
47.7360544217687
47.95197278911565
48.192176870748305
47.82244897959184
48.019387755102045
48.45979591836734
48.7852380952381
48.29816326530613
48.534693877551014
48.60952380952381
48.88442176870748
48.98251700680272
49.22496598639456
49.232517006802716
49.4187074829932
49.50210884353742
49.49795918367347
49.68272108843537
49.96108843537415
50.0269387755102
50.21258503401361
50.542925170068024
50.915306122448975
51.27204081632653
51.32585034013606
51.61462585034014
51.76047619047619
52.42333333333333
52.41251700680273
52.43258503401361
52.26653061224489
52.778027210884346
53.094421768707484
53.209931972789114
53.11551020408163
53.05680272108843
52.89931972789116
53.05102040816327
53.1343537414966
53.317687074829934
53.674897959183674
53.71897959183673
53.41707482993198
53.243197278911566
53.662653061224496
53.794557823129246
53.813265306122446
53.63965986394558
53.92442176870749
54.05850340136054
54.26489795918367
54.247346938775515
54.741564625850344
54.84482993197279
54.835034013605444
54.8830612244898
55.17829931972789
55.34224489795918
55.10659863945579
55.44455782312926
55.74503401360544
55.475578231292516
55.331156462585035
55.743537414965985
56.22904761904762
55.803401360544214
55.715918367346944
55.7987074829932
56.10993197278912
56.302993197278916
56.37700680272109
56.27183673469388
56.36884353741496
56.40482993197279
56.50721088435374
56.61183673469388
56.975850340136056
57.24034013605442
57.292312925170066
57.27401360544218
57.36979591836735
57.48326530612245
57.444829931972784
57.48312925170068
57.95204081632653
58.098843537414965
58.309863945578236
58.35530612244898
58.67680272108844
58.594965986394556
58.625306122448976
58.322925170068025
58.42292517006803
58.885714285714286
59.20448979591836
58.901496598639454
58.61408163265306
58.68265306122449
58.764829931972784
58.79734693877552
58.65353741496599
58.47231292517008
58.26619047619048
58.506734693877554
58.37095238095238
58.39401360544218
58.25673469387755
58.16605442176871
57.85836734693878
57.65537414965987
57.506462585034015
57.40061224489796
57.396258503401356
57.486326530612246
57.02503401360544
56.82156462585034
56.620068027210884
56.79136054421769
56.075170068027205
55.996326530612244
55.785986394557824
56.06183673469387
55.94408163265307
55.83292517006802
55.23068027210885
54.84775510204082
54.81768707482993
54.93850340136055
54.69884353741497
54.704081632653065
54.44755102040816
54.61931972789115
54.24666666666667
54.02367346938776
53.62204081632654
53.36401360544218
53.10108843537415
52.957414965986395
52.9156462585034
52.53047619047619
52.50721088435374
52.58380952380952
52.5148299319728
52.41700680272109
52.28809523809524
52.23843537414967
51.94238095238095
51.86346938775511
51.52006802721089
51.785170068027206
51.79741496598639
51.378843537414966
50.96639455782313
51.04278911564626
51.15986394557823
50.83095238095238
50.609251700680275
50.298299319727896
50.35496598639456
50.516870748299326
50.58945578231293
50.30714285714286
49.95612244897959
49.80965986394558
49.914897959183676
50.28462585034014
49.93108843537415
49.95360544217687
49.79054421768708
49.77081632653062
49.31530612244898
49.58081632653061
49.56061224489796
49.32142857142857
48.89551020408163
49.19551020408163
49.343061224489794
49.334693877551025
49.14734693877551
49.316054421768705
48.900068027210885
48.69095238095238
48.87006802721089
48.95693877551021
48.679591836734694
48.55027210884353
48.68360544217687
48.83993197278912
49.01421768707483
48.68469387755103
48.5821768707483
48.70639455782313
48.96625850340136
48.716394557823136
48.58598639455783
48.48428571428572
48.67877551020408
48.889659863945575
48.94034013605442
48.872789115646256
48.83142857142857
48.67863945578232
48.850408163265314
49.121836734693886
49.47857142857143
49.33850340136054
49.13183673469388
48.7465306122449
49.088299319727895
49.42074829931973
49.39619047619048
49.395646258503405
49.50047619047619
49.62891156462585
49.4308843537415
49.42414965986395
49.80210884353741
50.205510204081634
50.13693877551021
49.83789115646259
49.95700680272109
50.52278911564626
50.70455782312925
50.801632653061226
50.88170068027211
51.05544217687074
50.61408163265306
50.765782312925175
51.32727891156463
51.49693877551021
51.15272108843537
51.2704081632653
51.41700680272109
51.6808843537415
52.247346938775515
52.33081632653061
52.0156462585034
51.66013605442177
52.102176870748295
52.13204081632653
52.58013605442177
52.932517006802726
53.20312925170068
53.05884353741497
53.41789115646259
53.588027210884356
53.621836734693886
53.91530612244898
54.32278911564626
54.32414965986395
54.65122448979593
55.01496598639456
55.074557823129254
55.09251700680272
55.5225850340136
55.86673469387756
56.04258503401361
56.136394557823124
56.26047619047619
56.29312925170068
56.667959183673474
56.67340136054422
57.00190476190477
57.175986394557825
57.73809523809524
57.82190476190476
58.30292517006803
58.709319727891156
59.16700680272109
59.31040816326531
59.42142857142857
59.742448979591835
60.61489795918368
61.147959183673464
61.38775510204081
61.33061224489796
61.546054421768716
61.39360544217687
61.50448979591837
61.39489795918367
61.29374149659864
61.353197278911566
61.51632653061225
61.61340136054422
61.632925170068035
62.330000000000005
62.75163265306122
63.1165306122449
63.111496598639455
63.49374149659864
63.67469387755102
64.14809523809524
64.311768707483
64.49401360544218
64.38863945578231
64.48802721088435
64.98884353741497
65.47578231292518
65.86496598639457
65.93034013605443
66.4995918367347
66.81816326530613
67.04326530612244
67.10115646258502
67.70727891156463
68.22394557823128
68.40544217687074
68.9104761904762
69.92612244897961
70.40795918367348
70.26714285714286
70.19408163265305
70.57503401360546
71.19823129251701
72.16496598639456
72.83823129251701
73.38299319727892
73.85557823129253
74.59993197278911
75.49108843537414
76.73789115646258
77.80013605442176
78.63272108843537
79.39931972789115
80.03272108843538
80.57659863945578
81.10353741496598
82.02857142857144
82.50442176870749
83.54741496598639
84.27170068027212
85.45802721088435
85.84925170068027
87.12136054421768
88.1851700680272
89.94108843537414
91.27789115646259
92.7357142857143
93.91591836734696
95.53625850340136
96.64455782312925
98.0417006802721
99.62306122448979
101.7491836734694
103.59619047619047
105.4848299319728
107.78265306122448
110.04816326530613
112.40380952380953
114.3382993197279
116.57251700680273
118.72931972789117
120.88000000000001
122.87850340136055
124.8639455782313
126.79
128.2030612244898
129.27258503401362
130.32265306122449
131.2834693877551
131.923537414966
132.69761904761904
133.64625850340136
134.35272108843537
134.7231292517007
135.59884353741495
136.5639455782313
137.38163265306122
137.54945578231295
137.81013605442178
138.3270068027211
138.97768707482993
139.38680272108843
139.94462585034015
140.65748299319728
141.17646258503402
141.54659863945577
142.15333333333334
142.6052380952381
142.9603401360544
143.41027210884354
144.1173469387755
144.71027210884353
145.0344217687075
145.46979591836734
145.72680272108843
145.94843537414968
145.96986394557823
146.35857142857142
146.56374149659865
146.60292517006803
146.30510204081634
146.32210884353742
146.31244897959186
146.05891156462587
145.45190476190476
144.80163265306123
144.38761904761904
143.93013605442178
143.4938775510204
143.00224489795917
142.73238095238096
142.30115646258503
141.66068027210883
141.07476190476189
140.50918367346938
139.83136054421766
138.66272108843538
137.15544217687074
136.10319727891155
135.03591836734694
133.9294557823129
132.5248979591837
131.29646258503402
129.73761904761903
128.1008163265306
126.45693877551021
124.60272108843537
122.71340136054422
120.9261224489796
119.03598639455782
116.9160544217687
114.57687074829931
112.26455782312925
110.22809523809525
108.10510204081633
105.94564625850339
103.3665306122449
101.01102040816326
98.56551020408165
96.21557823129253
94.09537414965986
91.93721088435375
89.60462585034014
86.85176870748299
84.38789115646259
82.15068027210884
79.84544217687075
77.63761904761905
75.55578231292517
74.44496598639455
73.30319727891157
71.93047619047618
69.6952380952381
67.7661224489796
65.93904761904763
64.57034013605443
62.68544217687075
60.773265306122454
58.809455782312924
57.322108843537414
55.66700680272104
53.99336734693874
