89.88306122448982
90.23442176870746
89.83646258503401
89.49625850340136
89.19938775510205
89.08965986394558
89.13448979591837
89.1369387755102
88.65809523809524
88.45020408163265
88.19510204081634
88.18891156462584
88.12496598639456
88.09129251700679
87.81734693877553
87.59775510204082
87.29585034013606
87.07319727891158
86.9804761904762
87.08877551020407
87.39659863945579
87.44619047619047
86.98442176870749
86.68653061224491
86.88680272108843
87.04863945578231
87.24809523809523
87.07231292517005
86.62401360544217
86.20204081632653
86.68789115646258
86.80340136054423
86.61979591836734
86.09809523809524
86.19795918367346
85.94054421768708
86.01156462585034
85.80918367346939
86.07979591836735
86.20687074829932
86.44986394557824
86.27789115646259
86.17904761904762
86.39625850340137
86.75095238095238
86.71095238095239
86.41557823129253
86.35986394557823
86.64408163265307
86.96020408163265
86.63965986394557
86.25006802721089
86.13775510204081
86.46238095238095
86.70081632653063
86.59687074829932
86.62299319727892
86.7904761904762
86.76795918367347
86.48646258503402
86.45
86.67721088435374
86.8456462585034
86.98122448979592
87.11238095238095
87.11115646258504
87.30333333333334
87.16931972789116
87.15374149659863
86.87863945578232
87.04387755102042
86.6704761904762
86.36387755102041
86.21442176870748
86.82877551020408
86.74102040816327
86.81170068027211
86.91476190476192
87.00551020408165
86.61993197278912
86.75122448979593
86.96136054421768
86.74333333333334
86.44312925170068
86.3695918367347
86.60789115646259
86.49639455782314
86.51380952380953
86.32693877551021
86.54510204081632
86.26054421768707
86.1365306122449
85.72537414965987
85.89816326530612
85.97945578231293
85.81496598639455
85.46020408163267
85.438231292517
85.5604761904762
85.34952380952382
85.31727891156464
85.44176870748299
85.35891156462586
84.8665306122449
84.8930612244898
85.14734693877551
85.96870748299321
86.08585034013606
86.32714285714286
86.1752380952381
86.62496598639456
86.91020408163266
87.13217687074831
87.21306122448979
87.3382993197279
87.7934693877551
87.95455782312926
88.1634693877551
88.0891836734694
88.36734693877551
88.71217687074831
89.19095238095238
89.21632653061225
89.29659863945578
89.25047619047618
89.53
89.72863945578231
90.2487755102041
90.61755102040817
91.09340136054422
90.93897959183674
91.21884353741497
91.66469387755103
92.05503401360545
92.07210884353742
92.43462585034013
92.46380952380952
92.76727891156463
93.408231292517
93.75768707482993
93.6514285714286
94.0157142857143
94.66897959183675
94.9226530612245
95.26530612244899
95.82448979591837
96.3251700680272
96.80891156462584
97.24034013605444
97.52598639455782
97.60938775510203
98.02544217687075
98.80102040816327
99.43598639455783
99.68285714285713
99.98850340136055
100.47142857142858
100.85428571428572
101.20721088435374
101.7804081632653
102.41646258503401
102.76421768707483
103.6448299319728
104.09034013605441
104.86503401360544
105.2991156462585
106.3761224489796
106.92231292517006
107.65557823129252
108.19734693877552
109.10496598639457
110.09081632653061
110.89292517006801
111.5729931972789
112.23510204081634
113.10068027210885
113.89027210884356
114.82693877551021
115.76231292517006
116.73687074829934
117.96455782312925
119.35149659863946
120.93183673469387
122.29448979591837
124.09734693877552
125.77523809523808
127.57272108843537
129.36857142857144
131.43204081632655
133.54197278911565
135.7412925170068
137.85374149659862
139.80945578231294
141.84122448979593
144.11108843537417
146.32462585034014
148.37612244897963
150.47285714285715
152.67278911564625
154.73115646258503
156.7416326530612
158.82741496598638
160.57938775510206
162.36510204081634
164.1496598639456
166.15843537414966
168.10306122448978
170.2512925170068
172.10333333333335
173.51095238095238
175.01251700680274
176.71224489795918
178.78863945578235
180.59163265306125
182.09326530612248
183.3344217687075
184.68448979591835
185.9560544217687
186.9808163265306
188.02748299319728
189.21904761904761
190.5430612244898
191.6095918367347
192.6091156462585
193.12761904761905
193.82836734693882
194.50217687074831
195.44625850340137
195.96714285714287
196.58421768707484
196.9334013605442
197.4831292517007
198.04775510204084
198.56
198.7344217687075
198.92748299319726
199.25
199.4748299319728
199.4665986394558
199.54986394557824
199.67585034013604
199.76292517006806
199.5613605442177
199.59727891156464
199.41877551020409
199.2652380952381
198.90945578231293
198.6583673469388
198.18374149659863
197.8091156462585
197.4212925170068
196.84428571428572
196.16496598639455
195.59224489795918
195.21380952380952
194.54244897959185
193.65727891156462
192.6710204081633
191.77374149659866
190.7749659863946
189.9236054421769
189.22931972789118
188.3487074829932
187.09244897959184
185.82074829931975
184.7644217687075
183.64537414965986
182.6721768707483
181.59625850340137
180.36034013605445
179.0512244897959
178.12585034013605
177.21530612244896
176.0099319727891
174.76054421768708
173.65863945578235
172.607074829932
171.38258503401363
170.62074829931973
169.80346938775511
169.02897959183673
168.04598639455781
167.5078231292517
166.76972789115646
166.14843537414964
165.39034013605442
164.74299319727893
164.16775510204081
163.83707482993196
163.47285714285715
163.06775510204082
162.6356462585034
162.1874149659864
161.87918367346938
161.62863945578232
161.64564625850338
161.52197278911564
161.5369387755102
161.31823129251703
161.20027210884354
161.13061224489797
161.32496598639455
161.5138775510204
161.59571428571428
161.76278911564629
162.00013605442177
162.4819047619048
162.73544217687072
162.95931972789117
163.27027210884356
163.7829931972789
164.321768707483
164.8278911564626
165.52448979591838
166.03197278911566
166.5295918367347
166.8674829931973
167.53074829931973
168.03231292517006
168.57666666666668
169.4001360544218
170.2412925170068
170.7934693877551
171.54401360544222
172.60115646258504
173.2630612244898
173.70326530612243
174.1657142857143
174.723537414966
175.2908163265306
176.0396598639456
176.55897959183673
177.11034013605442
177.60088435374152
178.0936734693878
178.71836734693878
179.5344217687075
180.02591836734695
180.35802721088436
180.78217687074832
181.23006802721088
181.3105442176871
181.67170068027212
182.1585714285714
182.67850340136053
182.92768707482992
183.26544217687075
183.60251700680274
183.86843537414967
184.19931972789118
184.27945578231294
184.47285714285715
184.5601360544218
184.9409523809524
185.19707482993198
185.58020408163264
185.8326530612245
185.93775510204082
185.86292517006805
185.96469387755104
186.19272108843538
186.61319727891154
186.87224489795918
187.02659863945578
187.01442176870748
187.05204081632652
187.30061224489796
187.52632653061224
187.75809523809525
187.79142857142858
187.83585034013606
187.97367346938773
187.99074829931973
188.1439455782313
188.2661904761905
188.4665986394558
188.44401360544217
188.51755102040815
188.50836734693877
188.6660544217687
188.67074829931977
188.8616326530612
188.91394557823133
189.02285714285713
188.78707482993195
188.84428571428572
188.89204081632656
188.87224489795918
188.8929931972789
188.92197278911564
188.93510204081633
188.8739455782313
188.82258503401363
188.63380952380953
188.56306122448981
188.5491836734694
188.45714285714288
188.49510204081633
188.63857142857142
188.78204081632654
188.78707482993195
188.70408163265304
188.41653061224488
188.13496598639458
188.06585034013605
188.0821088435374
187.95088435374151
187.6961224489796
187.5278911564626
187.4689115646259
187.65544217687074
187.68965986394556
187.64197278911564
187.38380952380953
187.27945578231294
187.19993197278913
187.24714285714288
187.0010884353742
186.56272108843538
186.27251700680273
186.25285714285715
186.09891156462587
185.9643537414966
185.83938775510205
185.68537414965988
185.50632653061228
185.45496598639457
185.24537414965988
184.94
184.81952380952382
184.6500680272109
184.46904761904761
184.47721088435372
184.52034013605441
184.22918367346938
183.83115646258506
183.41768707482993
183.05285714285716
182.71013605442175
182.75666666666666
182.54442176870748
182.3037414965986
181.98387755102038
181.96802721088434
181.7095918367347
181.5004761904762
181.20551020408163
181.01850340136053
180.8020408163265
180.64469387755105
180.41190476190476
180.10326530612244
179.77829931972786
179.48408163265307
179.33551020408163
178.94435374149663
178.6604761904762
178.39782312925172
178.2679591836735
177.98034013605442
177.63619047619045
177.224693877551
176.851768707483
176.71829931972786
176.46231292517007
175.98734693877552
175.49632653061224
175.35496598639457
175.1753741496599
174.9261904761905
174.5547619047619
174.17530612244897
173.80251700680273
173.46244897959184
173.0734693877551
172.56496598639455
172.37136054421768
172.0465986394558
171.73081632653063
171.19272108843538
170.7708843537415
170.24986394557826
169.83761904761903
169.43836734693878
169.09598639455783
168.67863945578233
168.27503401360542
167.87959183673468
167.48510204081634
166.96850340136055
166.48687074829934
165.98095238095237
165.8287074829932
165.5477551020408
165.13074829931975
164.2643537414966
163.94632653061223
163.55367346938777
163.03122448979593
162.22163265306122
161.78380952380954
161.62911564625853
161.12551020408165
160.55768707482991
160.15809523809526
159.89673469387753
159.3621768707483
158.73231292517005
158.16102040816327
157.45176870748298
156.87190476190477
156.5252380952381
155.98789115646258
155.3051700680272
154.55013605442178
154.0791156462585
153.29353741496598
152.51251700680274
151.81482993197278
151.55312925170068
151.22408163265308
150.74510204081633
149.96061224489796
149.47714285714284
149.13183673469388
148.46224489795918
147.4804081632653
146.6674149659864
146.32891156462586
146.0448299319728
145.54972789115646
144.59027210884352
143.8026530612245
143.16802721088436
142.77598639455783
142.06061224489795
141.55489795918368
140.91455782312926
140.50687074829932
139.59870748299318
138.87380952380954
138.17326530612243
137.73312925170066
137.03074829931973
136.33244897959185
135.61680272108845
135.02700680272108
134.14850340136053
133.37537414965988
132.7434693877551
132.3321768707483
131.48544217687075
130.76034013605442
130.1895238095238
129.82666666666665
129.15081632653062
128.48448979591836
127.79374149659863
127.10884353741496
126.53000000000002
125.89326530612246
125.24823129251702
124.41292517006802
123.74435374149658
123.27476190476192
122.80217687074831
122.02054421768707
121.24061224489797
120.64510204081634
120.0042857142857
119.11374149659865
118.49503401360543
117.97319727891157
117.38095238095238
116.92244897959183
116.49000000000001
115.99843537414965
115.0343537414966
114.33034013605443
113.70666666666668
113.11068027210885
112.3187074829932
111.86673469387756
111.38938775510204
110.903537414966
110.18680272108843
109.531768707483
108.64816326530612
108.15408163265306
107.76285714285714
107.2700680272109
106.54632653061225
105.93612244897959
105.2495918367347
104.56360544217686
103.85047619047619
103.70734693877552
103.32687074829933
102.69571428571429
101.7261224489796
101.36435374149659
100.89823129251701
100.44585034013605
99.77442176870748
99.22931972789117
98.61183673469388
98.1286394557823
97.60795918367347
97.04918367346939
96.5865306122449
96.16408163265307
95.59993197278911
95.16108843537415
94.74482993197279
94.33149659863946
93.6934693877551
93.35952380952381
92.86863945578233
92.36625850340137
91.8448299319728
91.38006802721088
90.82367346938776
90.33802721088435
89.90027210884354
89.45312925170069
88.5874149659864
88.12469387755101
87.53537414965987
87.05088435374151
86.40741496598639
86.16176870748299
85.52605442176872
85.02659863945578
84.67639455782313
84.53727891156464
83.89965986394559
83.13537414965987
82.4365306122449
82.17231292517008
81.87421768707483
81.45537414965986
80.99238095238094
80.71115646258502
80.21000000000001
79.8395918367347
79.16129251700681
78.72727891156462
78.26619047619049
78.05795918367346
77.48285714285714
76.82333333333332
76.20455782312925
75.68965986394556
75.09387755102043
74.82156462585036
74.43537414965988
74.0929931972789
73.29544217687075
73.20585034013605
73.07047619047619
72.79408163265306
72.21176870748299
71.88197278911565
71.44945578231292
70.98469387755102
70.55115646258503
70.17380952380952
69.68319727891156
69.58877551020409
69.26598639455781
68.7339455782313
68.11088435374148
67.90727891156462
67.76986394557824
67.45639455782313
66.95034013605442
66.47455782312926
65.82904761904761
65.2634693877551
65.05142857142857
65.09428571428572
64.76897959183674
64.39122448979592
63.78489795918367
63.53224489795919
63.09639455782313
62.79210884353742
62.42925170068027
62.286190476190484
62.02428571428572
61.79795918367347
61.5952380952381
61.04346938775511
60.65537414965986
60.64231292517007
60.46585034013605
59.948367346938774
59.892857142857146
59.85421768707482
59.57789115646258
59.248571428571424
59.303061224489795
58.89605442176871
58.47748299319728
57.989387755102044
57.64142857142857
57.12734693877551
57.56639455782313
57.63897959183673
57.58755102040816
57.037823129251706
56.62734693877552
56.4143537414966
56.43884353741497
56.47210884353741
56.05374149659864
55.57142857142857
55.36156462585034
55.44578231292517
55.23700680272109
55.10061224489796
54.979455782312925
54.95755102040816
54.5995238095238
54.362380952380946
54.10190476190476
53.89183673469388
53.918911564625844
53.53802721088436
53.31068027210885
53.04823129251701
53.09680272108844
52.74163265306123
52.48020408163266
52.32687074829933
52.31197278911564
52.24510204081633
52.32714285714285
52.138163265306126
51.802517006802724
51.59238095238095
51.73394557823129
51.49734693877551
51.26666666666667
51.158027210884356
51.31
50.69210884353742
50.49
50.81455782312925
51.31530612244898
50.934013605442175
50.557414965986396
50.40646258503402
50.412244897959184
50.128095238095234
49.84401360544218
49.592176870748304
49.38408163265306
49.18748299319728
49.242040816326536
49.36108843537416
49.417959183673474
49.36238095238096
49.47034013605442
49.12564625850341
48.91360544217688
48.67931972789117
49.01918367346939
48.68013605442177
48.849047619047624
48.74136054421769
48.74816326530613
48.241020408163266
48.31836734693878
48.24306122448979
48.484353741496605
48.67693877551021
48.39625850340136
48.04462585034013
47.857959183673465
48.05401360544218
47.59591836734694
47.6408843537415
47.73972789115647
48.14102040816327
48.091088435374154
48.22353741496599
48.060136054421775
48.134625850340136
47.8921768707483
47.88387755102041
47.61489795918368
47.59741496598639
47.66707482993198
47.83387755102041
47.85986394557823
47.62068027210884
47.700748299319734
47.409387755102046
47.638843537414964
47.63945578231293
47.938163265306116
47.5778231292517
47.51428571428571
47.44816326530612
47.564353741496596
47.56918367346939
47.561292517006805
47.511156462585035
47.300544217687076
47.33857142857144
47.3470068027211
47.61210884353741
47.72095238095238
47.99721088435374
47.858707482993196
47.950136054421776
48.070340136054426
48.14244897959183
47.98666666666667
47.85401360544218
47.79931972789116
47.807959183673475
47.85972789115647
48.18496598639456
48.352312925170075
48.16530612244898
48.108435374149664
48.24170068027212
48.58959183673469
48.494965986394554
48.641836734693875
48.55836734693877
48.536666666666676
48.32551020408164
48.64503401360544
48.771428571428565
49.069319727891155
49.42857142857143
49.981428571428566
50.03476190476191
49.89768707482993
49.82809523809524
50.23700680272109
50.66666666666667
50.63673469387756
50.58074829931973
50.86510204081633
51.40183673469388
51.539795918367346
51.561768707483
51.51244897959184
52.03163265306122
52.55639455782314
52.5495918367347
52.37272108843538
52.77721088435374
53.236870748299324
53.5378231292517
53.6243537414966
53.782653061224494
53.66448979591837
53.86074829931974
53.752585034013606
53.77748299319728
53.951360544217685
54.2839455782313
54.374149659863946
54.328639455782316
54.17605442176871
53.96551020408163
54.22231292517007
54.397074829931974
54.38448979591838
54.26210884353742
54.31965986394558
54.680068027210886
54.97897959183673
55.10918367346939
55.33571428571429
55.37197278911565
55.42034013605442
55.32659863945578
55.7230612244898
55.812721088435374
55.79496598639456
55.91095238095238
56.270204081632656
56.720068027210885
56.535986394557824
56.66360544217687
56.2104761904762
56.221224489795915
56.14727891156463
56.5065306122449
56.461496598639464
56.80000000000001
56.91115646258503
57.03102040816327
56.93591836734694
56.96836734693878
56.98795918367347
57.284285714285716
57.46809523809524
57.70448979591836
57.83993197278912
57.810204081632655
57.866462585034014
57.89367346938776
57.99013605442177
57.98829931972789
58.27095238095238
58.69897959183674
58.949931972789116
58.892380952380954
58.912721088435376
59.10190476190476
59.0352380952381
58.88891156462586
58.92272108843538
59.46768707482994
59.57544217687076
59.51204081632653
59.34510204081633
59.3621768707483
58.775986394557826
58.457755102040814
58.60836734693878
59.021564625850345
58.99312925170068
59.03557823129251
58.62972789115646
58.44108843537415
58.18353741496599
58.21299319727891
58.17891156462585
58.320680272108845
58.270204081632656
57.988775510204086
57.941768707482986
58.15789115646258
57.90142857142858
57.411564625850346
57.05408163265306
57.16755102040816
57.090544217687075
57.11489795918367
56.86612244897959
56.6243537414966
56.366462585034014
56.10775510204081
55.94333333333333
55.92687074829932
55.55231292517007
55.36931972789116
55.302925170068036
55.4665306122449
54.74299319727891
54.384557823129256
54.216190476190484
54.47761904761906
54.1474149659864
53.825374149659865
53.55578231292517
53.53605442176871
53.562653061224495
53.45074829931973
53.32061224489796
53.21163265306123
53.07727891156462
52.72340136054422
52.60367346938776
52.33510204081634
52.248435374149665
52.19721088435374
52.11204081632653
51.99469387755102
52.05884353741497
51.984625850340144
51.66843537414967
51.61721088435374
51.52517006802721
51.391020408163264
51.330612244897964
51.03387755102041
50.90823129251701
50.78074829931974
50.869455782312926
50.57272108843537
50.468707482993196
50.49258503401361
50.62387755102041
50.94095238095239
50.533197278911565
50.46156462585034
50.087210884353745
50.22054421768708
49.949115646258505
49.96551020408164
49.75156462585034
49.76374149659864
49.99979591836735
49.94687074829932
49.64108843537415
49.26653061224491
49.36244897959184
49.70564625850341
49.50741496598639
49.690340136054424
49.66823129251701
49.956870748299316
49.31149659863945
49.44333333333333
49.42761904761905
49.69020408163265
49.225306122448984
49.19816326530612
49.17952380952381
49.239591836734704
49.22925170068027
49.39006802721089
49.25904761904762
48.755374149659865
49.02428571428571
49.28190476190477
49.47102040816326
49.527687074829934
49.57061224489796
49.49020408163265
49.54775510204081
50.334421768707486
50.238231292517
50.123265306122455
50.0887074829932
50.38149659863946
50.2491156462585
50.105442176870746
49.97714285714285
49.90299319727891
49.92761904761905
50.014217687074826
49.959931972789114
50.23598639455783
50.428163265306125
50.48734693877552
50.6391836734694
51.023265306122454
50.96523809523809
50.59564625850339
50.47795918367348
50.76870748299319
51.06258503401361
51.085034013605444
51.1187074829932
51.38476190476191
51.93258503401361
51.97333333333333
51.825714285714284
51.71659863945578
51.74768707482993
52.15605442176871
52.304217687074825
52.60394557823129
52.57625850340136
52.97482993197279
52.90727891156463
52.95482993197279
52.766666666666666
53.194421768707485
53.264353741496606
53.46047619047619
53.576802721088434
54.19714285714286
54.24632653061225
54.44129251700681
54.89238095238096
55.540000000000006
55.808843537414965
55.80068027210884
55.77081632653061
55.912040816326524
56.22653061224489
56.5339455782313
56.767755102040816
56.743401360544226
56.84265306122449
57.099659863945575
57.79244897959184
57.869523809523805
57.85605442176871
58.030680272108846
58.43353741496599
58.58748299319728
58.897959183673464
59.332585034013604
59.58401360544218
59.84394557823129
60.538979591836735
60.85333333333333
61.31122448979592
61.61455782312925
61.76591836734694
61.76054421768708
62.061904761904756
62.27700680272109
62.34013605442176
62.572108843537414
62.286802721088435
62.11986394557824
62.48482993197279
63.21299319727892
63.21408163265307
63.388571428571424
63.60353741496599
63.95721088435374
64.17578231292516
64.47380952380952
64.22904761904762
64.63700680272109
65.07530612244898
65.50857142857143
65.42272108843537
65.85700680272109
66.05666666666667
66.46537414965987
66.34748299319727
66.74700680272109
67.05244897959184
67.89816326530612
67.59925170068027
67.82945578231295
68.09925170068028
69.2595918367347
69.65421768707483
70.08272108843536
70.10333333333332
70.93081632653062
71.14578231292518
71.69278911564626
71.75952380952381
72.25510204081633
72.69190476190477
73.54020408163265
74.20034013605442
74.82401360544218
75.51401360544217
76.18210884353742
77.31605442176871
78.51625850340136
79.39421768707484
80.29938775510203
81.42360544217686
82.36299319727891
82.40299319727893
83.11639455782313
83.65183673469387
84.60163265306122
85.0008843537415
86.28673469387755
87.19659863945579
88.73380952380953
90.04632653061225
91.28510204081633
92.2895918367347
93.77904761904762
95.2943537414966
96.66911564625849
97.88945578231292
99.37040816326532
101.31836734693877
103.43496598639456
105.18482993197279
106.87619047619047
109.36238095238096
111.95122448979593
113.9974149659864
115.98170068027211
118.28163265306122
120.63891156462586
122.57081632653062
124.48238095238096
126.10326530612247
127.841768707483
129.55591836734695
130.93074829931976
132.10721088435375
133.0961224489796
134.08115646258503
134.97503401360547
135.67503401360545
136.30034013605444
136.85789115646259
137.28571428571428
137.75156462585034
138.43918367346942
138.9213605442177
139.04510204081632
139.66551020408167
140.2444217687075
140.8044217687075
141.1987755102041
141.63727891156464
142.11993197278912
142.7139455782313
143.19455782312923
143.36809523809524
143.92333333333335
144.50891156462586
145.0168707482993
145.19680272108846
145.75251700680275
146.29129251700684
146.77680272108844
146.75183673469388
146.80244897959182
146.93360544217688
147.02945578231294
147.21496598639456
147.11408163265307
146.90319727891156
146.4463945578231
146.28278911564627
145.88829931972788
145.6463265306122
145.29714285714286
144.97
144.13666666666668
143.71394557823132
143.38258503401363
143.16775510204081
142.25108843537416
141.74333333333334
141.16727891156464
140.61278911564625
139.50408163265305
138.5078231292517
137.23170068027207
135.89061224489797
134.7440136054422
133.23530612244897
131.88421768707482
130.11380952380952
128.94802721088436
127.1057142857143
125.5661224489796
123.71156462585033
121.97843537414967
120.22190476190477
118.20782312925171
116.10564625850341
113.78843537414967
111.87197278911565
109.23285714285714
107.09619047619049
104.83802721088438
102.62006802721089
99.86312925170068
97.79530612244898
95.59993197278912
93.28863945578232
90.62190476190477
87.96278911564627
84.84734693877553
82.47755102040816
80.2165306122449
78.53081632653061
76.69367346938775
75.69530612244898
74.6608843537415
73.18095238095239
71.19190476190477
69.31081632653061
67.62972789115646
65.92680272108844
63.83319727891156
61.91027210884354
59.680612244897965
57.98965986394558
56.28149659863942
54.735578231292465
