90.20336734693883
90.33176870748302
89.65115646258504
89.14292517006803
89.09836734693877
89.05312925170068
89.14231292517007
89.38925170068026
89.27414965986395
89.06027210884355
88.6734693877551
88.71408163265306
88.1791836734694
88.26149659863947
87.66122448979591
87.79517006802722
87.37768707482994
87.65034013605444
87.35149659863946
87.40931972789116
87.16911564625852
87.08054421768708
87.05394557823129
87.02836734693878
86.84748299319727
86.96251700680273
86.87129251700681
86.89884353741496
86.44775510204082
86.54510204081632
86.36564625850339
86.48897959183674
86.37510204081633
86.3713605442177
86.30265306122449
86.26299319727892
86.33714285714285
86.41428571428571
86.32578231292516
86.23591836734695
86.4052380952381
86.5487074829932
86.62442176870748
86.69326530612244
86.8265986394558
86.54068027210886
86.49367346938777
86.34925170068027
86.52721088435375
86.52013605442177
86.81421768707483
86.9891836734694
87.008231292517
86.81136054421768
86.53367346938774
86.41027210884354
86.69428571428571
86.81911564625851
86.71489795918367
86.68367346938776
86.8729931972789
86.7487074829932
86.85850340136054
86.98993197278912
87.23197278911564
87.2343537414966
87.35353741496598
87.17619047619047
87.1408163265306
86.71312925170068
86.49761904761905
86.74625850340138
86.94421768707483
86.63700680272109
86.85360544217687
86.7651700680272
86.91
86.84319727891156
87.36088435374151
87.14993197278912
87.32653061224491
87.02646258503401
86.8539455782313
86.80129251700681
87.16176870748299
86.96374149659864
86.44414965986394
85.92938775510204
86.06068027210885
86.29319727891158
86.36857142857144
86.17857142857142
86.14775510204082
86.32585034013606
86.26979591836735
85.90061224489796
85.41333333333333
85.6004761904762
85.43673469387755
85.23979591836735
85.12217687074829
85.49353741496599
85.52414965986395
85.59714285714287
85.68761904761905
85.61149659863946
85.4644217687075
85.64115646258504
85.92183673469388
86.12374149659865
86.55360544217687
86.92979591836735
87.17884353741496
87.53197278911566
87.95061224489797
88.06625850340137
88.06659863945578
88.18687074829933
88.28789115646259
88.58353741496597
88.94380952380953
89.2057142857143
89.18714285714286
89.24544217687075
89.48163265306123
89.55646258503401
89.79564625850341
90.0074149659864
90.63190476190476
90.9329931972789
91.22850340136056
91.11952380952383
91.34707482993198
91.66027210884354
91.92877551020409
92.30421768707484
92.55503401360545
92.6543537414966
93.36646258503401
93.95020408163265
94.28142857142856
94.35013605442178
95.05115646258504
95.46360544217688
95.71095238095239
95.84693877551021
96.17707482993198
96.81285714285714
97.07251700680273
97.47156462585033
97.64891156462586
98.27496598639456
98.77020408163266
99.55863945578233
99.87231292517008
99.91000000000001
100.27469387755103
100.84156462585034
101.6887755102041
102.23836734693879
102.81401360544218
103.16904761904762
103.9712925170068
104.44605442176871
104.8860544217687
105.46292517006803
106.67054421768708
107.5143537414966
108.12489795918367
108.43646258503402
109.2643537414966
110.31428571428573
111.17238095238096
111.76054421768708
112.39163265306124
112.99891156462586
113.85768707482993
115.07850340136054
116.17387755102041
117.11258503401362
118.32659863945578
119.53000000000002
120.8226530612245
122.34850340136055
124.35653061224491
125.94904761904762
127.73380952380953
129.43802721088434
131.50897959183675
133.76068027210886
136.32197278911565
138.44714285714284
140.24
142.0556462585034
144.44414965986394
146.4812925170068
148.87074829931973
150.74462585034013
153.19482993197278
155.20299319727891
157.48292517006803
159.24380952380955
161.2668707482993
163.16904761904766
165.3008843537415
167.27428571428572
169.21517006802725
170.7887755102041
172.41000000000003
173.87238095238098
175.67925170068028
177.29768707482992
179.0708163265306
180.63598639455782
182.44476190476192
183.76931972789117
185.2395918367347
186.49605442176872
187.69591836734696
188.78108843537416
189.99870748299318
191.15884353741498
192.01999999999998
192.8934693877551
193.78122448979593
194.52591836734695
194.941768707483
195.4761224489796
196.35251700680274
197.16115646258504
197.56945578231296
197.92251700680276
198.43312925170068
198.76952380952383
199.12795918367348
199.28537414965984
199.5343537414966
199.583537414966
199.90061224489796
200.09836734693877
200.2655102040816
200.1925850340136
199.94687074829932
199.8665306122449
199.71455782312927
199.51013605442176
199.16204081632654
198.90204081632655
198.57809523809524
198.1972789115646
197.79884353741494
197.22469387755103
196.6743537414966
196.01299319727894
195.45918367346937
194.70551020408163
193.89469387755102
193.1021768707483
192.24156462585034
191.2634013605442
190.36061224489794
189.52517006802722
188.49027210884356
187.47714285714287
186.49136054421768
185.3169387755102
184.0697959183674
182.98585034013607
181.8969387755102
180.7468707482993
179.49904761904764
178.5213605442177
177.33163265306123
176.19292517006807
175.09421768707483
174.1692517006803
172.94408163265308
171.66183673469388
170.74503401360545
169.84312925170067
169.1713605442177
168.33414965986395
167.7787755102041
166.89598639455784
166.27401360544218
165.3213605442177
164.70108843537417
164.23721088435374
163.91387755102042
163.49340136054423
162.9440136054422
162.53707482993195
162.17707482993197
162.00557823129253
161.81904761904764
161.59768707482993
161.51469387755103
161.29625850340136
161.22748299319727
161.12673469387755
161.17244897959185
161.07986394557827
161.10564625850338
161.38442176870748
161.81163265306122
162.0612925170068
162.24299319727893
162.5960544217687
162.84775510204082
163.23673469387757
163.67877551020408
164.2955102040816
164.7782993197279
165.28360544217688
166.07795918367347
166.53625850340137
167.11551020408163
167.41578231292516
168.28714285714287
168.86102040816328
169.74836734693878
170.37156462585034
170.96136054421768
171.3981632653061
172.08999999999997
173.00721088435375
173.88408163265308
174.35795918367347
174.7578231292517
175.13210884353742
175.9687755102041
176.75360544217688
177.46156462585034
177.88068027210886
178.42510204081634
179.04122448979592
179.50673469387755
180.03122448979593
180.24802721088435
180.56190476190477
180.8518367346939
181.51204081632653
181.85904761904763
181.96945578231293
182.1491156462585
182.58653061224493
182.9056462585034
183.0908843537415
183.57591836734696
183.93054421768707
184.1625850340136
184.3087074829932
184.58680272108842
184.9017006802721
185.14591836734695
185.3365306122449
185.46904761904761
185.70496598639457
185.8757823129252
186.1924489795918
186.45707482993197
186.7321768707483
186.80469387755102
186.9074149659864
186.9031972789116
187.11380952380955
187.42952380952383
187.70938775510203
187.82510204081635
187.80380952380952
187.82843537414965
187.95843537414964
188.2222448979592
188.46591836734694
188.58646258503398
188.48843537414967
188.41285714285715
188.5492517006803
188.7539455782313
188.79857142857145
188.80258503401362
188.82163265306124
188.78945578231293
188.8947619047619
188.8460544217687
188.8184353741497
188.72238095238097
188.98408163265304
189.02782312925171
189.07986394557827
188.88340136054427
188.8874149659864
188.851768707483
188.95278911564625
188.98340136054424
188.87428571428572
188.72877551020406
188.81829931972788
188.8400680272109
188.5713605442177
188.39163265306124
188.4891836734694
188.46680272108844
188.27782312925171
188.05510204081634
188.03027210884355
188.0644897959184
187.9625850340136
187.65639455782312
187.46578231292517
187.55102040816325
187.56659863945578
187.55333333333334
187.1019047619048
186.88993197278916
186.69074829931975
186.84149659863945
186.4900680272109
186.46462585034013
186.2768707482993
186.3525170068027
186.06061224489795
185.91639455782314
185.72598639455782
185.71761904761905
185.7278231292517
185.6078231292517
185.42673469387756
185.19210884353743
184.88761904761904
184.5057823129252
184.2908843537415
184.2730612244898
184.13619047619048
183.93129251700682
183.6226530612245
183.3317006802721
183.1136054421769
182.93489795918367
182.65346938775508
182.37360544217688
182.26034013605442
182.17217687074827
181.85687074829934
181.4760544217687
181.24231292517007
181.15544217687074
181.05986394557823
180.88598639455785
180.64612244897958
180.38244897959183
180.15013605442175
179.93
179.51408163265307
179.2121088435374
178.9695238095238
178.9095918367347
178.70204081632653
178.2256462585034
177.76333333333332
177.44285714285712
177.39857142857142
177.11068027210885
176.74925170068028
176.36421768707484
176.04156462585033
175.54632653061225
175.1439455782313
174.94068027210886
174.69183673469388
174.2782993197279
174.0834693877551
173.86693877551022
173.39013605442176
172.86034013605442
172.42721088435374
172.0826530612245
171.73292517006803
171.61326530612246
171.22163265306122
170.75156462585034
170.20653061224488
169.56095238095241
169.12843537414966
168.98197278911564
168.7718367346939
168.24823129251703
167.99829931972792
167.63734693877552
167.20986394557826
166.66625850340137
166.23673469387757
165.65448979591838
165.25925170068027
164.87272108843536
164.48673469387757
164.05244897959184
163.65972789115648
163.0857142857143
162.48204081632656
161.91646258503403
161.5505442176871
161.06122448979593
160.61020408163267
160.16374149659865
159.7421768707483
159.20489795918365
158.79544217687078
158.28544217687073
157.66503401360544
156.99190476190475
156.41319727891158
155.7639455782313
155.40448979591838
155.15326530612248
154.57408163265308
153.7398639455782
152.92163265306124
152.2634013605442
151.76136054421772
151.30544217687077
150.7039455782313
149.87965986394556
149.49020408163267
149.17319727891154
148.41707482993198
147.5213605442177
147.0110204081633
146.7600680272109
145.89578231292515
145.11891156462585
144.52659863945578
144.12326530612245
143.5696598639456
143.03891156462583
142.3061904761905
141.61557823129252
140.92972789115646
140.3817006802721
139.62870748299318
139.09496598639456
138.47748299319727
137.6317006802721
136.95925170068028
136.44986394557822
135.814693877551
135.07884353741497
134.427074829932
133.601768707483
132.75952380952384
132.055306122449
131.5017006802721
131.08931972789117
130.5161224489796
129.71306122448982
129.0334013605442
128.5395238095238
127.83945578231292
127.09578231292517
126.70965986394557
126.2369387755102
125.35897959183673
124.45945578231293
123.81455782312926
123.38795918367349
122.65108843537415
122.07238095238097
121.40993197278911
120.72911564625852
119.89945578231293
119.2834693877551
118.60054421768709
117.99238095238096
117.69244897959184
117.33000000000001
116.52530612244898
115.58312925170068
114.96020408163265
114.45721088435374
113.80074829931974
112.96326530612247
112.30836734693878
111.66414965986394
110.96714285714286
110.23904761904761
109.81544217687076
109.34061224489795
109.03843537414967
108.4656462585034
107.67374149659864
106.96374149659863
106.33265306122449
106.00863945578232
105.37619047619049
104.71251700680273
103.95421768707483
103.77183673469389
103.39816326530614
102.88544217687075
102.60891156462586
102.00551020408165
101.24081632653062
100.28238095238095
99.76653061224488
99.20408163265306
99.12530612244898
98.41564625850341
97.63557823129253
96.88938775510205
96.7947619047619
96.21197278911565
95.66972789115647
94.97428571428571
94.60598639455783
94.31632653061224
93.82251700680273
93.23809523809526
92.59632653061225
92.35721088435375
91.80503401360545
91.33904761904762
90.52299319727891
90.33238095238096
89.8369387755102
89.3839455782313
88.64789115646258
88.53945578231293
88.11755102040817
87.62428571428572
86.85115646258504
86.10231292517008
85.5839455782313
85.05823129251701
84.63897959183674
84.17673469387755
83.83312925170068
83.36748299319729
82.79863945578231
82.28707482993198
81.78625850340136
81.60585034013606
81.08054421768708
80.72666666666667
80.14775510204083
79.72210884353741
78.95863945578233
78.71925170068029
78.1452380952381
77.83952380952381
77.12836734693877
76.98639455782313
76.55503401360544
76.21197278911563
75.57081632653062
75.3856462585034
74.93190476190475
74.4629931972789
73.76578231292517
73.49544217687075
72.77591836734693
72.44312925170067
71.86931972789115
71.57414965986395
71.04877551020408
70.82857142857142
70.68122448979592
70.38802721088436
70.0130612244898
69.49884353741497
69.25945578231291
68.6625850340136
68.34278911564626
67.8361904761905
67.43469387755104
67.03741496598639
66.79802721088436
66.44891156462586
66.23170068027211
65.7670068027211
65.19809523809523
64.85612244897959
65.04312925170069
64.67054421768708
64.24489795918369
63.85857142857144
63.50326530612245
63.064625850340136
62.73
62.46170068027211
62.058299319727894
61.972517006802725
61.7756462585034
61.36993197278911
60.84278911564626
60.89897959183674
60.782857142857154
60.39034013605443
59.876870748299325
59.830272108843545
59.631020408163266
59.29673469387755
58.880204081632655
58.57238095238095
58.457959183673466
58.14421768707483
57.80081632653061
57.367346938775505
57.655646258503396
57.6560544217687
57.4395918367347
57.12707482993198
56.842176870748304
56.38319727891157
56.029591836734696
56.185646258503404
56.20034013605443
55.80115646258504
55.57027210884354
55.38115646258503
55.20789115646259
54.88707482993197
54.90768707482994
54.75925170068027
54.39789115646259
54.19102040816327
54.122517006802724
53.8439455782313
53.43414965986395
53.12857142857143
53.205170068027215
53.12387755102041
53.382448979591835
53.17394557823129
53.17496598639456
52.626666666666665
52.326462585034015
52.28006802721089
52.378367346938774
52.08231292517007
51.82741496598639
51.64925170068028
51.58047619047619
51.33877551020408
51.20312925170069
51.075646258503404
50.927891156462586
50.815714285714286
50.81204081632654
51.213197278911565
51.19489795918368
50.896462585034016
50.62680272108844
50.33333333333333
50.150340136054425
50.099727891156476
49.964217687074836
49.828707482993195
49.771972789115644
49.785646258503405
49.725578231292516
49.89340136054422
49.979115646258506
49.68795918367347
49.581700680272114
49.17197278911564
49.208843537414964
49.04591836734694
49.23006802721089
49.03095238095237
49.115374149659864
49.0730612244898
48.78380952380952
48.66959183673469
48.61210884353741
48.79238095238095
48.49782312925171
48.47333333333333
48.51068027210884
48.32054421768708
48.042857142857144
48.07408163265306
48.09394557823129
48.12108843537415
48.15272108843537
48.3021768707483
48.249659863945574
48.19823129251701
48.022721088435375
48.04789115646258
48.17707482993197
48.19299319727891
48.192585034013604
48.10755102040817
47.91863945578231
47.84605442176871
48.03557823129252
48.072380952380946
47.90632653061225
47.69156462585035
47.766870748299326
47.97360544217687
47.83095238095238
47.50040816326531
47.521564625850345
47.52979591836735
47.43020408163266
47.316598639455776
47.68571428571428
47.741564625850344
47.79843537414966
47.504285714285714
47.60034013605443
47.60013605442177
47.731564625850346
47.522585034013616
47.91843537414966
47.97884353741497
47.75768707482993
47.48006802721088
47.47789115646258
47.803061224489795
47.92768707482993
48.253129251700685
48.04591836734694
48.027278911564636
47.78081632653061
47.77210884353741
47.77578231292517
48.30367346938776
48.32904761904762
48.34156462585034
48.38938775510204
48.80639455782313
48.663061224489795
48.65360544217687
48.51986394557824
48.581156462585035
49.01598639455783
49.51564625850341
49.79217687074831
49.65095238095238
49.67693877551021
49.44537414965987
49.81367346938776
49.924897959183674
50.461700680272116
50.55095238095238
50.92802721088435
51.12585034013606
51.55625850340136
51.6912925170068
51.783537414965984
51.98870748299319
52.318163265306126
52.75136054421769
52.86455782312925
52.93496598639456
53.1274149659864
53.37517006802721
53.455170068027215
53.73244897959184
53.879387755102044
53.775986394557826
53.77591836734695
53.9626530612245
53.9343537414966
54.102653061224494
54.15659863945578
54.11054421768707
53.988027210884354
54.16095238095238
54.26517006802722
54.17857142857143
54.160544217687075
54.101496598639464
54.44986394557823
54.887414965986395
55.350272108843534
55.529319727891156
55.36489795918368
55.23918367346939
55.37380952380952
55.692857142857136
55.74891156462585
55.98231292517007
56.12210884353742
56.36244897959184
56.25170068027211
56.26027210884354
56.32510204081633
56.682312925170066
56.57959183673469
56.657551020408164
57.006122448979596
57.111428571428576
57.16170068027211
57.118911564625854
57.290544217687085
57.12428571428572
57.56687074829932
57.694761904761904
57.598503401360546
57.19428571428572
57.596054421768706
58.00741496598639
58.36
58.176802721088436
58.49816326530612
58.22918367346939
58.37809523809524
58.44081632653062
58.55646258503401
58.335850340136055
58.53537414965987
58.719251700680275
59.020476190476195
59.04244897959184
59.23238095238095
59.0948299319728
59.65850340136055
59.73891156462585
59.77176870748299
59.34285714285714
59.442993197278916
59.37972789115646
59.54224489795919
59.48278911564626
59.629999999999995
59.44598639455782
59.3387074829932
59.39632653061225
59.32761904761905
59.10102040816327
58.89163265306123
59.04517006802722
58.81904761904763
58.47068027210885
58.156394557823134
58.01204081632653
58.09360544217687
58.092721088435376
57.85714285714286
57.57469387755102
57.60285714285715
57.55353741496599
57.23129251700681
56.7043537414966
56.370884353741495
56.47190476190476
56.56081632653061
56.19394557823129
55.93544217687075
56.04163265306123
56.065850340136045
55.61972789115647
55.41816326530613
55.34326530612245
55.2387074829932
55.214625850340134
54.94299319727891
54.61401360544217
54.550884353741495
54.585578231292516
54.12408163265306
53.75108843537415
53.69061224489796
53.69163265306123
53.64578231292517
53.53911564625851
53.61986394557823
53.41374149659865
53.23292517006803
52.842721088435376
53.02299319727891
52.91462585034013
52.321564625850336
51.7912925170068
51.675442176870746
51.8378231292517
51.803333333333335
52.00721088435374
51.55721088435374
51.27163265306123
50.965510204081625
51.048775510204074
50.936802721088426
51.18877551020408
50.947414965986404
50.644557823129254
50.51761904761905
50.59183673469387
50.671564625850344
50.578979591836735
50.411904761904765
50.142857142857146
49.86380952380952
49.73367346938775
49.80734693877551
49.90734693877551
49.756190476190476
49.830272108843545
49.54877551020408
49.40183673469388
49.57931972789116
49.992721088435374
49.949387755102045
49.30102040816327
49.00238095238096
48.96666666666667
49.3378231292517
49.022721088435375
49.223401360544216
49.338027210884356
49.494557823129256
49.03707482993197
48.928299319727884
49.02224489795918
49.3765306122449
49.547210884353746
49.55244897959183
49.3691156462585
49.125918367346934
49.04244897959184
49.3891156462585
49.27700680272108
49.09183673469388
49.21680272108844
49.49401360544218
49.40591836734694
49.12129251700681
49.5752380952381
49.681360544217696
49.83843537414966
49.65809523809524
49.86598639455782
49.8125850340136
49.90748299319728
50.045374149659864
50.203469387755106
50.00374149659864
50.10965986394557
50.06673469387755
50.18884353741497
50.49326530612245
50.85612244897959
50.60775510204082
50.43877551020408
50.57557823129252
50.69027210884354
50.567346938775515
50.84272108843537
51.185238095238105
51.34374149659864
51.15414965986395
51.022993197278915
51.45585034013605
51.73598639455783
51.651700680272114
51.387074829931976
51.515034013605444
51.578707482993195
51.70537414965987
52.02224489795918
52.531836734693876
52.52197278911565
52.60938775510205
52.57530612244898
52.960680272108846
53.07224489795919
53.25911564625851
53.57278911564626
53.74619047619048
53.68353741496598
53.68183673469388
54.19272108843537
54.572040816326535
54.93489795918368
55.272993197278915
55.53938775510205
55.68802721088436
55.70265306122449
56.08272108843538
56.57231292517007
56.638775510204084
56.38183673469388
56.83292517006802
57.4969387755102
57.91176870748299
58.25809523809524
58.432925170068025
58.15578231292517
57.91428571428571
58.21476190476191
58.719251700680275
59.33925170068028
59.66925170068028
59.87931972789116
59.99360544217687
60.3669387755102
60.79632653061225
61.09421768707483
61.44414965986395
61.54673469387755
61.80952380952381
61.91428571428571
62.25918367346939
62.23646258503401
62.06965986394558
61.62387755102041
61.96156462585034
62.15013605442177
62.28795918367347
62.70251700680272
63.42095238095238
63.86061224489795
63.72469387755102
64.04006802721088
64.13299319727892
64.64469387755102
64.86612244897961
65.0495918367347
65.00993197278912
65.43353741496598
65.88122448979593
66.11088435374151
66.15625850340138
66.67857142857142
67.2700680272109
67.26544217687075
67.21455782312924
67.52782312925171
68.26965986394558
68.89755102040816
69.44585034013606
69.86312925170068
70.15
70.47979591836734
70.54170068027211
71.08707482993196
71.57707482993197
72.16925170068026
72.60517006802722
73.40578231292517
73.78925170068027
74.32238095238097
75.18673469387755
76.40625850340136
77.33918367346939
78.3522448979592
79.34319727891156
80.12074829931973
80.68435374149661
81.25448979591837
81.89938775510204
82.38571428571429
83.04374149659864
84.03632653061226
84.9687074829932
85.80204081632654
86.70122448979592
87.85108843537415
88.97591836734694
90.23095238095239
91.55068027210885
92.98326530612246
94.42319727891157
95.56142857142856
96.75210884353743
98.16095238095238
100.4952380952381
102.45680272108845
104.25244897959185
105.67700680272108
107.7604761904762
109.89721088435374
112.28122448979592
114.56666666666668
116.86367346938775
119.0948299319728
121.51122448979591
123.41714285714286
124.85428571428571
126.12897959183674
127.7126530612245
129.26204081632653
130.59721088435373
131.86768707482992
132.7014285714286
133.62734693877553
134.25455782312926
135.00367346938776
135.34428571428572
136.04204081632653
136.5238775510204
137.3444217687075
137.88163265306122
138.2704081632653
138.56632653061226
139.31061224489798
139.79244897959185
140.20782312925172
140.77537414965988
141.54591836734693
141.9853741496599
142.50768707482996
143.31857142857143
143.8434693877551
144.41156462585036
145.1361224489796
145.88326530612247
146.07897959183674
146.49496598639456
146.90054421768707
147.17394557823127
147.21170068027212
147.48632653061225
147.6125170068027
147.72965986394559
147.69632653061228
147.6438775510204
147.17401360544216
146.87414965986395
146.4008843537415
146.11673469387756
145.52156462585037
145.13986394557827
144.46163265306123
144.19551020408164
143.8195918367347
143.2936054421769
142.66891156462586
142.1339455782313
141.5395238095238
140.50986394557827
139.38183673469388
138.34537414965988
137.41149659863947
136.17142857142858
134.66006802721088
133.5657823129252
132.27176870748298
130.8925850340136
129.1887755102041
127.46197278911565
125.42843537414967
123.64761904761906
121.78122448979593
119.7870068027211
117.58414965986394
115.64299319727891
113.38843537414968
111.32619047619049
108.7665306122449
106.50557823129253
103.97510204081632
101.74986394557823
99.46353741496598
97.1669387755102
94.79972789115646
92.29238095238097
89.98544217687075
87.40346938775511
84.73530612244897
82.57775510204083
80.28544217687076
78.1587755102041
75.74585034013606
74.56904761904762
73.34687074829932
72.14632653061224
69.88367346938776
67.93721088435373
66.52598639455783
65.02231292517007
63.186054421768716
61.26680272108844
59.84931972789116
57.75795918367348
55.644693877550985
54.222755102040786
