91.42724489795923
92.13149659863947
92.00632653061224
91.52408163265306
91.6695918367347
91.52496598639455
91.48367346938775
91.30925170068028
90.75768707482995
90.70163265306122
90.27394557823129
90.43394557823129
90.12319727891156
90.27190476190478
89.6474149659864
89.41931972789115
89.35979591836735
89.50047619047619
89.28945578231293
89.22136054421767
88.71585034013606
88.70462585034014
88.67333333333335
88.91319727891157
88.77809523809523
88.9930612244898
88.81244897959184
88.53789115646259
88.26061224489796
88.28244897959183
88.40891156462585
88.5247619047619
88.44530612244898
88.51061224489796
88.62659863945578
88.60741496598641
88.3552380952381
88.22272108843538
88.12721088435376
88.34707482993197
88.57421768707482
88.58285714285714
88.57829931972789
88.64537414965987
88.82925170068027
88.5808843537415
88.40258503401361
88.33190476190477
88.64244897959185
88.76564625850341
88.77931972789116
88.64136054421768
88.40258503401361
88.40285714285714
88.50299319727891
88.66122448979591
88.74380952380952
88.86755102040817
88.71204081632652
88.69333333333333
88.75244897959183
88.67442176870749
88.56666666666666
88.82666666666667
89.11972789115646
88.93972789115647
89.13836734693878
89.26476190476191
89.30299319727891
89.04925170068027
89.1947619047619
88.90693877551021
88.82374149659863
88.86482993197278
88.90666666666667
88.46986394557824
88.43721088435373
88.53850340136054
88.67258503401362
88.64986394557823
88.8869387755102
88.56074829931974
88.55761904761906
88.46809523809526
88.67408163265306
88.3656462585034
88.63659863945577
88.73027210884354
88.79156462585034
88.48945578231293
88.2639455782313
88.0347619047619
88.19877551020409
88.06802721088435
87.51653061224489
87.12523809523809
87.08489795918368
87.09421768707483
87.02292517006804
87.40918367346939
87.33646258503401
87.30870748299319
87.2108843537415
87.46115646258504
87.45170068027211
87.42503401360545
87.3434693877551
87.66292517006804
88.16414965986395
88.30993197278912
88.62292517006804
88.55442176870748
89.00074829931972
89.25469387755103
89.57421768707482
89.58074829931974
90.17006802721087
90.6848299319728
90.66897959183673
90.76612244897959
90.75632653061223
91.01938775510203
91.0808843537415
91.42136054421769
91.52081632653062
91.74938775510205
91.93340136054422
92.49394557823129
92.72108843537416
92.8191156462585
92.97292517006801
93.24136054421768
93.65346938775511
94.19142857142857
94.77156462585035
94.90095238095239
94.81727891156463
94.72462585034015
94.92857142857144
95.66748299319728
96.18551020408164
96.77605442176872
97.12993197278911
97.42544217687075
97.90482993197278
98.59197278911564
99.03843537414967
99.17476190476191
99.57476190476191
99.99585034013606
100.36020408163266
100.79789115646258
100.97272108843536
101.41428571428571
101.96884353741497
102.64537414965987
102.98414965986395
103.3308843537415
103.93197278911565
104.60122448979592
105.48333333333333
106.00272108843538
106.64197278911564
107.37156462585034
108.25265306122449
108.89156462585035
109.38537414965988
110.12319727891158
110.81761904761905
111.65585034013606
112.3396598639456
113.1095918367347
113.83408163265307
114.81503401360546
115.25503401360544
115.92136054421769
116.7708163265306
117.81795918367348
118.88095238095238
120.1842857142857
121.87836734693877
123.20374149659865
124.67142857142858
126.03170068027211
127.75659863945579
129.36394557823132
131.06129251700682
133.01326530612243
135.0081632653061
137.01367346938775
139.2255782312925
141.64142857142855
143.77319727891154
145.7808163265306
148.05224489795918
150.2927891156463
152.48843537414967
154.6001360544218
156.61231292517007
158.52238095238096
160.7127210884354
162.84734693877553
164.41564625850344
166.1478231292517
168.19462585034012
170.37605442176874
172.1113605442177
173.80884353741496
175.5899319727891
177.3447619047619
179.0055782312925
180.84700680272107
182.61707482993197
184.22183673469388
185.41795918367347
186.9236054421769
187.9816326530612
189.3649659863946
190.22789115646256
191.34673469387755
192.14857142857142
193.40258503401358
194.18027210884355
195.12408163265306
195.8712244897959
196.71068027210885
197.3448299319728
197.9326530612245
198.29945578231292
198.8113605442177
199.2581632653061
199.81496598639455
200.32591836734696
200.7604081632653
200.86448979591836
201.1712925170068
201.43761904761902
201.65312925170068
201.62795918367348
201.70972789115646
201.69646258503403
201.7487074829932
201.71292517006805
201.55816326530612
201.37625850340137
201.03136054421768
200.77115646258503
200.5313605442177
200.37448979591835
199.93510204081633
199.45585034013607
198.95285714285714
198.43503401360545
197.87136054421768
197.37353741496597
196.7301360544218
195.89727891156463
195.16510204081635
194.30068027210888
193.51088435374152
192.76299319727894
191.98591836734693
190.901768707483
189.71285714285716
188.68721088435376
187.6521768707483
186.7100680272109
185.75931972789118
184.85755102040818
183.63945578231295
182.47850340136057
181.0039455782313
179.73414965986396
178.5448299319728
177.86843537414967
176.70544217687075
175.49102040816325
174.4490476190476
173.8630612244898
172.893537414966
171.92340136054423
170.93272108843541
170.15802721088437
169.2808843537415
168.75823129251702
168.13993197278913
167.54108843537415
166.82530612244898
166.3904761904762
165.83272108843536
165.5095918367347
165.18972789115645
164.97585034013608
164.54843537414968
164.19564625850342
164.2499319727891
164.28918367346938
164.1296598639456
163.45775510204084
163.35319727891155
163.38428571428568
163.64544217687074
163.85319727891155
164.13197278911565
164.32877551020408
164.2757142857143
164.42619047619047
164.72122448979593
165.53448979591838
166.03156462585036
166.28918367346938
166.52523809523808
167.07353741496598
167.5608163265306
168.2104081632653
168.96428571428572
169.6343537414966
170.08687074829933
170.59312925170067
171.2331292517007
171.94585034013608
172.60680272108846
173.20197278911567
173.72448979591837
174.3977551020408
175.23448979591836
175.89006802721087
176.2992517006803
176.8192517006803
177.53020408163266
178.21034013605444
178.7617006802721
179.28945578231293
179.63503401360543
179.98619047619047
180.4852380952381
181.0604761904762
181.72068027210884
182.26142857142855
182.5763945578231
182.76823129251702
183.0227210884354
183.37394557823131
183.58408163265307
183.8174149659864
184.125306122449
184.52734693877554
184.7174149659864
184.70530612244897
184.89333333333332
185.31027210884355
185.67292517006803
185.85891156462583
186.18340136054422
186.61333333333334
186.90428571428572
186.94693877551023
187.0710204081633
187.24700680272107
187.54292517006803
187.64931972789117
187.7018367346939
187.6469387755102
187.98795918367347
188.13204081632654
188.4016326530612
188.33238095238096
188.6052380952381
188.66850340136057
188.96503401360545
188.96714285714287
189.1408843537415
189.16625850340137
189.44285714285712
189.54632653061225
189.4644217687075
189.3738095238095
189.64795918367346
189.98510204081634
190.0296598639456
190.028231292517
189.86122448979592
189.86170068027212
189.9740136054422
190.1617006802721
190.0956462585034
190.0512925170068
190.0425850340136
190.0538775510204
190.01115646258503
189.84625850340137
189.8523129251701
189.90374149659863
189.91761904761904
189.6991836734694
189.70979591836735
189.66442176870748
189.59911564625853
189.3934693877551
189.41564625850341
189.44353741496602
189.51503401360543
189.48326530612246
189.41414965986394
189.3790476190476
189.15231292517007
188.99319727891157
188.84129251700682
188.87659863945578
188.63210884353742
188.59387755102043
188.6156462585034
188.5191836734694
188.22931972789118
188.06190476190477
187.99931972789113
187.84040816326532
187.72224489795917
187.7403401360544
187.63020408163268
187.2739455782313
186.90639455782315
186.90122448979594
186.8448299319728
186.66680272108846
186.38333333333335
186.1770068027211
186.1269387755102
186.1095918367347
185.7769387755102
185.3570068027211
185.22374149659865
185.12761904761905
185.01938775510206
184.905306122449
184.5226530612245
184.24088435374148
184.10734693877552
183.95646258503405
183.46197278911566
183.415306122449
183.42231292517008
183.18544217687077
182.69721088435375
182.34857142857143
182.13836734693876
182.11040816326528
182.20353741496598
181.9878231292517
181.57897959183674
181.34979591836736
181.20585034013607
180.9822448979592
180.53666666666666
180.32122448979595
179.99836734693878
179.8656462585034
179.6048979591837
179.25551020408165
178.95734693877552
178.8068707482993
178.42904761904765
177.93326530612245
177.60598639455782
177.46727891156462
177.27163265306123
177.07306122448978
176.65074829931973
175.9755782312925
175.70006802721088
175.35170068027213
174.96782312925168
174.47571428571428
174.38571428571427
174.03571428571428
173.68231292517007
173.29530612244898
173.02897959183676
172.60843537414968
172.20421768707482
171.79843537414968
171.47278911564626
170.9957823129252
170.80795918367346
170.46122448979594
170.1634693877551
169.26965986394558
168.82272108843537
168.50829931972788
168.3570068027211
167.75598639455785
167.2026530612245
166.94795918367348
166.45972789115646
165.9729931972789
165.44442176870749
165.15795918367348
164.6810204081633
164.22530612244898
163.6877551020408
163.24544217687077
162.7248979591837
162.16823129251702
161.8
161.40537414965988
161.01374149659864
160.5161904761905
160.02013605442176
159.3965986394558
158.882925170068
158.14537414965986
157.63537414965987
157.18482993197279
156.92625850340139
156.22571428571428
155.6004081632653
154.93680272108844
154.36904761904762
153.64938775510205
153.19374149659865
152.97244897959183
152.4836054421769
151.61074829931977
150.7990476190476
150.09190476190474
149.61102040816326
148.96721088435373
148.35503401360543
147.8581632653061
147.4890476190476
146.7236054421769
145.94421768707485
145.4087074829932
144.93850340136055
144.11544217687077
143.374693877551
142.74809523809526
142.2127210884354
141.4787755102041
140.96489795918367
140.44476190476192
139.82258503401363
139.1843537414966
138.73489795918368
138.0486394557823
137.1078231292517
136.22707482993195
135.59054421768707
134.94108843537413
134.37312925170068
133.57353741496598
132.86891156462588
132.38714285714286
131.93952380952382
131.0297959183673
130.1386394557823
129.48414965986393
128.84068027210884
128.38238095238094
127.8908843537415
127.10789115646259
126.3208843537415
125.7639455782313
125.38503401360543
124.73993197278912
124.06102040816327
123.30748299319728
122.81612244897958
122.20993197278912
121.5052380952381
120.84054421768708
120.27482993197279
119.68142857142857
119.1339455782313
118.35421768707484
117.54496598639456
116.79619047619047
116.42530612244899
115.74108843537417
115.20680272108844
114.53428571428572
114.04823129251702
113.07190476190476
112.47639455782313
112.1812925170068
111.74748299319728
110.98360544217687
110.15285714285716
109.71680272108844
108.9195918367347
108.4652380952381
107.78755102040815
107.37931972789116
106.85122448979591
106.33088435374151
105.71775510204083
105.08108843537414
104.5165306122449
103.77353741496599
103.501768707483
103.11068027210885
102.54142857142858
101.44823129251702
100.74469387755103
100.48346938775511
100.2744217687075
99.58374149659865
98.89795918367346
98.60986394557823
98.17040816326531
97.57741496598639
96.89265306122448
96.50931972789117
95.99993197278914
95.68523809523809
95.07448979591837
94.50714285714285
93.96340136054422
93.57836734693878
93.29836734693878
93.02183673469389
92.62761904761905
92.09782312925171
91.50911564625851
90.81632653061226
90.03972789115647
89.76224489795918
89.29680272108844
88.95693877551021
88.15081632653062
87.60850340136054
86.861768707483
86.33510204081632
85.98673469387755
85.70802721088435
85.22251700680272
84.5312925170068
84.09755102040816
83.75340136054423
83.21537414965988
82.68605442176872
82.37333333333333
81.97768707482994
81.4574149659864
80.85489795918369
80.34476190476191
79.55551020408163
79.296462585034
79.29857142857144
79.00761904761906
78.47360544217688
77.91163265306122
77.54925170068027
76.91836734693877
76.1825850340136
75.52292517006802
75.35482993197279
75.18102040816328
74.70442176870748
74.21108843537415
73.76775510204082
73.64027210884353
73.22503401360544
72.77530612244898
72.031768707483
71.66544217687076
71.19238095238094
70.92333333333333
70.47537414965987
70.24054421768707
69.96700680272107
69.75074829931972
69.20931972789117
68.77204081632652
68.18693877551021
68.0469387755102
67.83972789115646
67.6322448979592
67.07986394557824
66.44136054421769
66.0938775510204
65.90435374149659
65.93387755102042
65.58537414965986
65.13448979591837
64.73054421768707
64.3970068027211
64.24598639455783
63.93
63.66265306122449
63.11476190476191
62.66278911564626
62.43074829931973
62.331088435374156
62.29482993197279
61.78680272108844
61.45639455782313
61.16210884353741
61.05986394557823
60.58265306122449
60.19482993197279
59.87809523809524
59.81551020408163
59.57027210884354
59.52360544217687
59.15789115646259
58.86693877551021
58.57707482993197
58.659115646258506
58.17299319727891
58.121156462585034
57.91027210884354
57.860952380952384
57.280136054421774
57.28278911564626
56.9991156462585
57.198367346938774
56.76510204081633
56.48931972789116
55.99081632653061
56.358163265306125
55.91034013605443
55.608095238095245
55.38891156462585
55.511768707482986
55.09918367346939
55.075374149659865
54.937891156462584
54.565782312925165
53.96945578231292
54.0087074829932
53.81272108843538
54.038707482993196
53.8274149659864
53.660544217687075
53.19136054421769
53.209319727891156
53.11585034013605
52.9012925170068
52.76455782312925
52.791428571428575
52.77884353741497
52.43530612244898
52.19231292517007
52.36938775510204
52.34605442176871
52.052176870748305
51.73734693877552
51.86646258503402
51.766394557823126
51.66897959183673
51.59897959183674
51.57986394557823
51.30081632653061
51.04659863945579
50.97598639455782
50.828163265306124
50.62993197278911
50.308299319727894
50.26108843537415
50.365986394557815
50.5852380952381
50.47142857142857
50.35095238095238
50.26115646258504
50.45809523809525
50.445850340136055
50.34
49.94469387755102
49.6891156462585
49.52319727891157
49.35503401360545
49.31551020408163
49.26510204081633
49.03646258503401
48.69986394557824
48.931768707483
48.88802721088436
49.04537414965987
48.89612244897959
48.86170068027211
48.54455782312925
48.825646258503404
49.031224489795925
48.95251700680273
49.005646258503404
49.060204081632655
48.94598639455782
48.82095238095238
48.85272108843537
48.71034013605443
48.68761904761905
48.64850340136054
48.75367346938776
48.93408163265306
48.83789115646259
48.739931972789115
48.70469387755102
48.713061224489806
48.43693877551021
48.43054421768708
48.587482993197284
48.460204081632654
48.55374149659864
48.695850340136055
48.69312925170068
48.78911564625851
48.50462585034014
48.466530612244895
48.38054421768708
48.56374149659864
48.31530612244898
48.660884353741494
48.84619047619047
48.87952380952381
48.61775510204082
48.87857142857143
48.86578231292518
48.68027210884354
48.25938775510204
48.36442176870748
48.63401360544218
48.89163265306122
49.06952380952381
49.15374149659864
49.21462585034014
48.9056462585034
48.92979591836735
49.02591836734694
49.093945578231285
49.03829931972789
49.54714285714286
49.826190476190476
49.78421768707483
49.57401360544218
49.95551020408164
50.05108843537415
50.43986394557823
50.587210884353745
50.577823129251705
50.52789115646259
50.64074829931973
51.063265306122446
51.26326530612245
51.66224489795919
51.66639455782314
51.9456462585034
52.216394557823136
52.520204081632656
52.32224489795919
52.596326530612245
52.806870748299325
53.540408163265305
53.738775510204086
54.129387755102044
53.94857142857143
54.25115646258504
54.36829931972789
54.483061224489795
54.73034013605443
55.042244897959186
55.34142857142858
55.20068027210884
55.12414965986394
55.062993197278914
55.203809523809525
55.214557823129255
55.3534693877551
55.41204081632653
55.50598639455782
55.31292517006803
55.58095238095238
55.478367346938775
55.652585034013605
55.61775510204082
56.20074829931973
56.45319727891156
56.87340136054422
57.020340136054415
56.867551020408165
56.83190476190477
57.08448979591837
57.27047619047619
57.5208843537415
57.37020408163265
57.36074829931973
57.351836734693876
57.9704761904762
58.04102040816327
57.945034013605444
57.87149659863945
57.848503401360546
57.86775510204082
58.126122448979594
58.484693877551024
58.74659863945578
58.65455782312925
58.72156462585034
58.911904761904765
59.3652380952381
59.45292517006803
59.47809523809524
59.123333333333335
59.216462585034016
59.321224489795924
59.65727891156463
59.56891156462585
59.85639455782313
59.97700680272109
60.277074829931976
60.410272108843536
60.44571428571428
60.21027210884353
60.297210884353746
60.66074829931972
61.04625850340136
60.89931972789116
60.95530612244898
60.79387755102041
61.196870748299325
61.1295918367347
61.069047619047616
60.86578231292517
61.01244897959184
60.74149659863946
60.48843537414967
60.931768707482995
61.1074149659864
61.101768707483004
61.09585034013605
61.21972789115646
60.800340136054416
60.72142857142857
60.37680272108844
60.09918367346938
60.103741496598644
60.242448979591835
59.70945578231293
59.48700680272108
59.6834693877551
59.43741496598639
59.161632653061226
58.85306122448979
58.9643537414966
58.529115646258504
58.658707482993194
58.33272108843538
58.31659863945579
58.08986394557823
57.91755102040816
57.7143537414966
57.42585034013606
57.48095238095239
57.33054421768708
57.42530612244897
56.845306122448974
56.67918367346939
56.57054421768708
56.522448979591836
56.20727891156463
56.448163265306135
56.324013605442175
55.820340136054426
54.96659863945578
54.91530612244898
54.89312925170068
54.97755102040817
54.65884353741497
54.61204081632653
54.56789115646258
54.4360544217687
54.101292517006804
54.03918367346939
53.85585034013606
53.573129251700685
53.064557823129256
53.28081632653061
53.220068027210885
53.15299319727891
52.90068027210884
52.90598639455782
52.67938775510205
52.66258503401361
52.418843537414965
52.13190476190477
51.90707482993197
52.01761904761905
51.808027210884354
51.75108843537416
51.91714285714286
52.0830612244898
51.96108843537415
51.92591836734694
51.82027210884354
51.32530612244898
50.93238095238095
50.88836734693878
51.097687074829935
51.121428571428574
51.10741496598639
50.66163265306122
50.791496598639455
51.22775510204082
51.567482993197274
51.22251700680272
50.80979591836735
50.752108843537414
50.91462585034014
50.89061224489796
50.44925170068027
50.26183673469388
50.389795918367355
50.3812925170068
50.46836734693878
50.523809523809526
50.467891156462585
49.95204081632653
50.12918367346939
50.39190476190477
50.55789115646259
50.40421768707483
50.20176870748299
50.15673469387755
50.25761904761905
50.21761904761905
50.193061224489796
50.15061224489796
50.23659863945578
50.05278911564626
50.30863945578232
50.42693877551021
50.53149659863946
50.68020408163266
50.847210884353736
51.07272108843537
51.09714285714286
51.13285714285714
50.99523809523809
51.36040816326531
51.2608843537415
51.17421768707484
51.19183673469388
51.48190476190477
51.81197278911564
51.95442176870748
52.01224489795918
51.65278911564626
51.7530612244898
51.852108843537415
51.75877551020409
52.14544217687075
52.447755102040816
52.57789115646259
51.99244897959184
52.34761904761905
53.039183673469395
53.38278911564626
53.06721088435375
52.728843537414974
52.93102040816328
53.20469387755102
53.632789115646254
53.61244897959183
53.656938775510206
53.657551020408164
53.92333333333333
53.916598639455785
54.01380952380953
54.26326530612245
54.58040816326531
54.933673469387756
54.9412925170068
55.16299319727891
55.19333333333333
55.43993197278911
55.552517006802724
55.99414965986395
56.46863945578231
56.497619047619054
56.7478231292517
56.94374149659865
57.31387755102041
57.40959183673469
57.997142857142855
58.28013605442177
58.31197278911565
58.50755102040816
58.95231292517007
59.27
59.142857142857146
59.48625850340136
59.838299319727895
60.23272108843538
60.312993197278914
60.761700680272114
60.84326530612245
61.03027210884354
61.49040816326531
62.31918367346939
62.6043537414966
62.44612244897959
62.40238095238095
62.61748299319728
63.02251700680272
63.08183673469388
63.34108843537415
63.30700680272109
63.3652380952381
63.266666666666666
63.72727891156463
63.85394557823129
63.70564625850341
63.873537414965995
64.45646258503402
64.88972789115647
64.88122448979593
65.38061224489797
65.75823129251701
66.00605442176871
66.16884353741497
66.55285714285714
66.76292517006803
67.02904761904762
67.32931972789116
67.25673469387755
67.4143537414966
67.80190476190477
68.21176870748299
68.3857142857143
68.71387755102042
69.01945578231293
69.2639455782313
69.61374149659864
70.13809523809525
70.84843537414966
71.41421768707482
71.95292517006803
72.28326530612246
72.78843537414967
73.1943537414966
73.52210884353741
73.86517006802723
74.5970068027211
75.62394557823129
76.55897959183673
77.27326530612245
77.88231292517007
78.6317006802721
79.76401360544219
80.77517006802722
81.65680272108844
82.42523809523809
83.27163265306123
83.88945578231292
84.57523809523809
84.96659863945578
85.82639455782314
86.63673469387756
87.6065986394558
88.08204081632653
89.67979591836735
91.17353741496599
92.60877551020408
93.62850340136055
95.06945578231294
96.13326530612245
97.53986394557825
98.90775510204082
100.35149659863944
102.15564625850341
104.3495238095238
106.31931972789116
108.16775510204083
110.10802721088436
112.31761904761905
114.56312925170069
117.19122448979593
119.3434693877551
121.5413605442177
123.30285714285715
125.14156462585035
126.77414965986395
128.97680272108843
130.81367346938777
131.9378911564626
132.69156462585036
133.731768707483
134.77374149659863
135.78625850340137
136.94462585034012
137.60687074829934
137.70421768707484
138.41
139.31034013605444
140.01591836734696
140.05102040816325
140.55346938775511
140.84714285714284
141.35027210884357
141.91551020408164
142.85571428571427
143.34523809523807
143.95136054421766
144.36809523809524
144.91789115646256
145.19904761904763
145.8526530612245
146.40714285714284
146.8678231292517
147.168843537415
147.6086394557823
148.24299319727893
148.48285714285714
148.62068027210887
148.6640136054422
148.8927210884354
148.89993197278912
149.04102040816326
148.90809523809523
148.93204081632652
148.74027210884353
148.5761224489796
147.9878231292517
147.50122448979593
146.82285714285715
146.49952380952382
146.31843537414966
146.06448979591838
145.54170068027213
145.02843537414967
144.47108843537416
143.73693877551017
142.92244897959182
142.09013605442175
141.22619047619048
140.23149659863944
138.99034013605444
137.88312925170067
136.67448979591836
135.37802721088434
133.67925170068028
131.8600680272109
130.13884353741497
129.05503401360545
127.62482993197278
125.90544217687075
123.72802721088433
121.80938775510204
119.41789115646259
117.49285714285715
115.18755102040816
113.10367346938776
110.62285714285714
108.27843537414967
105.82278911564626
103.60224489795917
101.1338095238095
98.62666666666665
96.27693877551022
93.69721088435375
91.26027210884355
88.71367346938776
86.39231292517007
84.19054421768708
82.06231292517006
79.53401360544217
77.32108843537415
75.87564625850341
74.76571428571428
73.10401360544218
71.36231292517007
69.53897959183674
68.1243537414966
66.41551020408164
64.3260544217687
62.11918367346938
60.38945578231292
58.75721088435374
56.824557823129226
54.98374149659861
